		Temp	Hi	Low	Out	Dew	Wind	Wind	Wind	Hi	Hi	Wind	Heat	THW	THSW			Rain	Solar	Solar	Hi Solar	UV 	UV 	Hi 	Heat	Cool	In 	In	In 	In 	In 	In Air		Wind	Wind	ISS 	Arc.
Date	Time	Out	Temp	Temp	Hum	Pt.	Speed	Dir	Run	Speed	Dir	Chill	Index	Index	Index	Bar  	Rain	Rate	Rad.	Energy	Rad. 	Index	Dose	UV 	D-D 	D-D 	Temp	Hum	Dew	Heat	EMC	Density	ET 	Samp	Tx 	Recept	Int.
09/11/14	12:10 a	25.7	25.8	25.7	80	22.0	2.7	ENE	1.61	3.6	NE	25.7	27.7	27.7	26.9	757.3	0.00	0.0	0	0.00	0	0.0	0.00	0.0	0.000	0.051	33.0	48	20.5	36.2	8.62	 .0700	0.00	233	1	100.0	10
09/11/14	12:20 a	25.8	25.8	25.7	80	22.1	3.1	NE	1.88	4.5	ENE	25.8	27.8	27.8	27.1	757.1	0.00	0.0	0	0.00	0	0.0	0.00	0.0	0.000	0.052	33.0	48	20.5	36.2	8.62	 .0700	0.00	234	1	100.0	10
09/11/14	12:30 a	25.8	25.8	25.8	80	22.1	2.7	NE	1.61	4.5	NE	25.8	27.8	27.8	27.1	757.1	0.00	0.0	0	0.00	0	0.0	0.00	0.0	0.000	0.052	32.9	48	20.5	36.1	8.62	 .0700	0.00	234	1	100.0	10
09/11/14	12:40 a	25.8	25.8	25.8	80	22.1	2.7	ENE	1.61	4.0	ENE	25.8	27.8	27.8	27.1	756.9	0.00	0.0	0	0.00	0	0.0	0.00	0.0	0.000	0.052	32.9	48	20.5	36.1	8.62	 .0700	0.00	234	1	100.0	10
09/11/14	12:50 a	25.8	25.8	25.7	80	22.1	2.7	ENE	1.61	4.0	ENE	25.8	27.8	27.8	27.1	756.8	0.00	0.0	0	0.00	0	0.0	0.00	0.0	0.000	0.052	32.9	48	20.4	35.9	8.63	 .0700	0.00	234	1	100.0	10
09/11/14	1:00 a	25.8	25.8	25.8	80	22.1	3.1	ENE	1.88	4.0	ENE	25.8	27.8	27.8	27.1	756.8	0.00	0.0	0	0.00	0	0.0	0.00	0.0	0.000	0.052	32.8	48	20.4	35.8	8.63	 .0700	0.05	235	1	100.0	10
09/11/14	1:10 a	25.8	25.8	25.8	80	22.1	3.1	ENE	1.88	4.0	ENE	25.8	27.8	27.8	27.1	756.7	0.00	0.0	0	0.00	0	0.0	0.00	0.0	0.000	0.052	32.8	49	20.7	36.1	8.83	 .0700	0.00	234	1	100.0	10
09/11/14	1:20 a	25.7	25.8	25.7	81	22.2	2.7	ENE	1.61	4.0	NE	25.7	27.8	27.8	27.1	756.6	0.00	0.0	0	0.00	0	0.0	0.00	0.0	0.000	0.051	32.8	49	20.7	36.1	8.83	 .0700	0.00	234	1	100.0	10
09/11/14	1:30 a	25.7	25.7	25.7	81	22.2	2.2	ENE	1.34	3.6	ENE	25.7	27.7	27.7	26.9	756.5	0.00	0.0	0	0.00	0	0.0	0.00	0.0	0.000	0.051	32.8	49	20.7	35.9	8.83	 .0700	0.00	234	1	100.0	10
09/11/14	1:40 a	25.6	25.7	25.6	81	22.1	2.2	ENE	1.34	3.1	NE	25.6	27.5	27.5	26.8	756.5	0.00	0.0	0	0.00	0	0.0	0.00	0.0	0.000	0.050	32.8	49	20.7	35.9	8.83	 .0700	0.00	234	1	100.0	10
09/11/14	1:50 a	25.5	25.6	25.5	81	22.0	0.9	ENE	0.54	2.2	ENE	25.5	27.4	27.4	26.7	756.5	0.00	0.0	0	0.00	0	0.0	0.00	0.0	0.000	0.050	32.7	49	20.6	35.8	8.83	 .0700	0.00	234	1	100.0	10
09/11/14	2:00 a	25.4	25.5	25.4	82	22.1	0.9	NE	0.54	1.8	NE	25.4	27.4	27.4	26.7	756.6	0.00	0.0	0	0.00	0	0.0	0.00	0.0	0.000	0.049	32.7	49	20.6	35.8	8.83	 .0700	0.03	235	1	100.0	10
09/11/14	2:10 a	25.5	25.5	25.4	82	22.2	1.8	ENE	1.07	2.7	ENE	25.5	27.5	27.5	26.8	756.5	0.00	0.0	0	0.00	0	0.0	0.00	0.0	0.000	0.050	32.7	49	20.6	35.7	8.83	 .0700	0.00	234	1	100.0	10
09/11/14	2:20 a	25.4	25.5	25.4	82	22.1	2.2	ENE	1.34	2.7	E	25.4	27.4	27.4	26.7	756.5	0.00	0.0	0	0.00	0	0.0	0.00	0.0	0.000	0.049	32.7	49	20.6	35.7	8.83	 .0700	0.00	234	1	100.0	10
09/11/14	2:30 a	25.4	25.4	25.4	82	22.1	2.2	E	1.34	3.1	E	25.4	27.3	27.3	26.6	756.5	0.00	0.0	0	0.00	0	0.0	0.00	0.0	0.000	0.049	32.7	49	20.6	35.7	8.83	 .0700	0.00	234	1	100.0	10
09/11/14	2:40 a	25.4	25.4	25.4	82	22.1	2.2	E	1.34	3.1	E	25.4	27.3	27.3	26.6	756.5	0.00	0.0	0	0.00	0	0.0	0.00	0.0	0.000	0.049	32.7	49	20.6	35.7	8.83	 .0700	0.00	234	1	100.0	10
09/11/14	2:50 a	25.3	25.4	25.3	83	22.2	1.8	E	1.07	3.1	E	25.3	27.3	27.3	26.6	756.4	0.00	0.0	0	0.00	0	0.0	0.00	0.0	0.000	0.048	32.6	49	20.5	35.6	8.84	 .0701	0.00	234	1	100.0	10
09/11/14	3:00 a	25.3	25.3	25.3	83	22.2	0.9	E	0.54	1.8	E	25.3	27.3	27.3	26.6	756.3	0.00	0.0	0	0.00	0	0.0	0.00	0.0	0.000	0.048	32.6	49	20.5	35.6	8.84	 .0700	0.03	234	1	100.0	10
09/11/14	3:10 a	25.2	25.3	25.2	82	21.9	1.8	E	1.07	2.7	E	25.2	27.1	27.1	26.4	756.2	0.00	0.0	0	0.00	0	0.0	0.00	0.0	0.000	0.048	32.6	49	20.5	35.6	8.84	 .0700	0.00	235	1	100.0	10
09/11/14	3:20 a	25.3	25.3	25.2	82	22.0	1.3	E	0.80	2.7	E	25.3	27.2	27.2	26.5	756.2	0.00	0.0	0	0.00	0	0.0	0.00	0.0	0.000	0.048	32.6	49	20.5	35.5	8.84	 .0701	0.00	234	1	100.0	10
09/11/14	3:30 a	25.2	25.3	25.2	82	21.9	1.8	E	1.07	2.7	E	25.2	27.1	27.1	26.4	756.2	0.00	0.0	0	0.00	0	0.0	0.00	0.0	0.000	0.048	32.6	49	20.5	35.5	8.84	 .0701	0.00	234	1	100.0	10
09/11/14	3:40 a	25.2	25.3	25.2	82	21.9	1.8	E	1.07	2.7	E	25.2	27.1	27.1	26.4	756.2	0.00	0.0	0	0.00	0	0.0	0.00	0.0	0.000	0.048	32.6	49	20.5	35.5	8.84	 .0700	0.00	234	1	100.0	10
09/11/14	3:50 a	25.1	25.2	25.1	82	21.8	1.8	E	1.07	2.7	E	25.1	26.9	26.9	26.2	756.1	0.00	0.0	0	0.00	0	0.0	0.00	0.0	0.000	0.047	32.6	49	20.5	35.5	8.84	 .0700	0.00	234	1	100.0	10
09/11/14	4:00 a	24.9	25.1	24.9	83	21.9	1.8	E	1.07	2.7	E	24.9	26.8	26.8	26.1	756.1	0.00	0.0	0	0.00	0	0.0	0.00	0.0	0.000	0.046	32.5	49	20.4	35.4	8.84	 .0701	0.03	234	1	100.0	10
09/11/14	4:10 a	24.9	24.9	24.9	84	22.0	1.3	E	0.80	2.2	E	24.9	26.8	26.8	26.1	756.2	0.00	0.0	0	0.00	0	0.0	0.00	0.0	0.000	0.046	32.5	49	20.4	35.4	8.84	 .0701	0.00	235	1	100.0	10
09/11/14	4:20 a	25.0	25.0	24.9	84	22.1	0.0	E	0.00	0.9	E	25.0	26.9	26.9	26.2	756.5	0.00	0.0	0	0.00	0	0.0	0.00	0.0	0.000	0.046	32.4	49	20.4	35.3	8.84	 .0701	0.00	234	1	100.0	10
09/11/14	4:30 a	25.1	25.1	24.9	83	22.0	0.0	---	0.00	0.0	---	25.1	27.1	27.1	26.3	756.7	0.00	0.0	0	0.00	0	0.0	0.00	0.0	0.000	0.047	32.4	49	20.4	35.3	8.84	 .0701	0.00	234	1	100.0	10
09/11/14	4:40 a	25.2	25.2	25.1	83	22.1	0.0	E	0.00	0.4	E	25.2	27.1	27.1	26.4	756.9	0.00	0.0	0	0.00	0	0.0	0.00	0.0	0.000	0.047	32.4	49	20.4	35.3	8.84	 .0702	0.00	234	1	100.0	10
09/11/14	4:50 a	25.4	25.4	25.2	82	22.1	0.4	SE	0.27	0.9	E	25.4	27.3	27.3	26.6	756.9	0.00	0.0	0	0.00	0	0.0	0.00	0.0	0.000	0.049	32.5	49	20.4	35.4	8.84	 .0701	0.00	234	1	100.0	10
09/11/14	5:00 a	25.4	25.4	25.4	82	22.1	0.0	---	0.00	0.0	---	25.4	27.4	27.4	26.7	757.1	0.00	0.0	0	0.00	0	0.0	0.00	0.0	0.000	0.049	32.5	49	20.4	35.4	8.84	 .0702	0.03	235	1	100.0	10
09/11/14	5:10 a	25.3	25.4	25.3	82	22.0	0.0	---	0.00	0.0	---	25.3	27.3	27.3	26.6	757.2	0.00	0.0	0	0.00	0	0.0	0.00	0.0	0.000	0.049	32.4	50	20.7	35.5	9.03	 .0701	0.00	233	1	100.0	10
09/11/14	5:20 a	25.2	25.3	25.2	83	22.1	0.0	---	0.00	0.0	---	25.2	27.1	27.1	26.4	757.4	0.00	0.0	1	0.01	5	0.0	0.00	0.0	0.000	0.047	32.4	50	20.7	35.5	9.03	 .0702	0.00	235	1	100.0	10
09/11/14	5:30 a	25.1	25.2	25.1	84	22.2	0.0	---	0.00	0.0	---	25.1	27.1	27.1	26.6	757.3	0.00	0.0	12	0.17	18	0.0	0.00	0.0	0.000	0.047	32.4	50	20.7	35.5	9.03	 .0702	0.00	234	1	100.0	10
09/11/14	5:40 a	25.1	25.1	25.1	84	22.2	0.0	---	0.00	0.0	---	25.1	27.0	27.0	26.6	757.4	0.00	0.0	25	0.36	33	0.0	0.00	0.0	0.000	0.047	32.4	50	20.7	35.5	9.03	 .0702	0.00	234	1	100.0	10
09/11/14	5:50 a	25.1	25.1	25.1	84	22.2	0.0	---	0.00	0.0	---	25.1	27.0	27.0	26.8	757.6	0.00	0.0	43	0.62	51	0.0	0.00	0.0	0.000	0.047	32.4	50	20.7	35.5	9.03	 .0702	0.00	234	1	100.0	10
09/11/14	6:00 a	25.2	25.2	25.1	84	22.3	0.0	---	0.00	0.0	---	25.2	27.2	27.2	27.3	757.6	0.00	0.0	60	0.86	69	0.0	0.00	0.0	0.000	0.047	32.4	50	20.7	35.5	9.03	 .0702	0.03	234	1	100.0	10
09/11/14	6:10 a	25.3	25.3	25.2	85	22.6	0.0	---	0.00	0.0	---	25.3	27.4	27.4	27.8	757.6	0.00	0.0	81	1.16	90	0.1	0.01	0.5	0.000	0.048	32.4	50	20.7	35.5	9.03	 .0702	0.00	234	1	100.0	10
09/11/14	6:20 a	25.4	25.4	25.3	85	22.7	0.0	---	0.00	0.0	---	25.4	27.7	27.7	28.3	757.7	0.00	0.0	97	1.39	107	0.5	0.04	0.5	0.000	0.049	32.5	50	20.7	35.6	9.03	 .0702	0.00	234	1	100.0	10
09/11/14	6:30 a	25.7	25.7	25.5	82	22.4	0.0	SE	0.00	0.9	SE	25.7	27.8	27.8	28.7	757.7	0.00	0.0	124	1.78	135	0.6	0.04	0.6	0.000	0.051	32.5	50	20.7	35.6	9.03	 .0702	0.00	235	1	100.0	10
09/11/14	6:40 a	25.9	25.9	25.7	81	22.4	0.4	ESE	0.27	1.8	SE	25.9	28.1	28.1	29.4	757.7	0.00	0.0	155	2.22	172	0.7	0.05	0.7	0.000	0.053	32.6	50	20.8	35.7	9.03	 .0702	0.00	234	1	100.0	10
09/11/14	6:50 a	26.3	26.3	25.9	80	22.6	0.4	ESE	0.27	2.2	E	26.3	28.5	28.5	30.3	757.7	0.00	0.0	184	2.64	200	0.7	0.05	0.8	0.000	0.055	32.6	50	20.8	35.8	9.02	 .0701	0.00	234	1	100.0	10
09/11/14	7:00 a	26.5	26.5	26.3	78	22.3	0.9	SE	0.54	3.6	ESE	26.5	28.7	28.7	30.9	757.7	0.00	0.0	221	3.17	239	0.8	0.06	0.9	0.000	0.057	32.7	50	20.9	35.9	9.02	 .0701	0.10	234	1	100.0	10
09/11/14	7:10 a	26.7	26.7	26.5	78	22.6	0.9	ESE	0.54	2.7	ESE	26.7	29.1	29.1	31.7	757.9	0.00	0.0	252	3.61	267	0.9	0.06	1.0	0.000	0.058	32.7	50	20.9	36.1	9.01	 .0701	0.00	234	1	100.0	10
09/11/14	7:20 a	26.8	26.8	26.7	77	22.5	1.3	ESE	0.80	3.1	E	26.8	29.2	29.2	35.5	758.1	0.00	0.0	286	4.10	299	1.0	0.07	1.1	0.000	0.059	32.8	50	21.0	36.2	9.01	 .0701	0.00	234	1	100.0	10
09/11/14	7:30 a	27.1	27.1	26.8	77	22.7	1.8	E	1.07	3.6	ESE	27.1	29.6	29.6	36.4	758.2	0.00	0.0	323	4.63	341	1.1	0.08	1.2	0.000	0.061	32.8	50	21.0	36.3	9.01	 .0701	0.00	235	1	100.0	10
09/11/14	7:40 a	27.2	27.2	27.1	76	22.6	2.2	E	1.34	4.9	ENE	27.2	29.8	29.8	37.2	758.2	0.00	0.0	366	5.25	387	1.3	0.09	1.3	0.000	0.062	32.9	50	21.1	36.4	9.00	 .0701	0.00	234	1	100.0	10
09/11/14	7:50 a	27.4	27.4	27.2	75	22.6	2.7	E	1.61	6.3	E	27.4	30.1	30.1	37.9	758.1	0.00	0.0	408	5.85	424	1.4	0.10	1.4	0.000	0.063	32.9	49	20.8	36.3	8.82	 .0701	0.00	234	1	100.0	10
09/11/14	8:00 a	27.7	27.7	27.4	74	22.6	2.7	E	1.61	5.8	E	27.7	30.4	30.4	38.7	758.2	0.00	0.0	449	6.44	461	1.5	0.11	1.6	0.000	0.065	33.0	49	20.9	36.4	8.82	 .0701	0.25	234	1	100.0	10
09/11/14	8:10 a	27.9	27.9	27.7	73	22.6	2.2	ESE	1.34	5.8	E	27.9	30.8	30.8	38.6	758.4	0.00	0.0	461	6.61	471	1.6	0.11	1.7	0.000	0.066	33.1	49	20.9	36.5	8.82	 .0701	0.00	234	1	100.0	10
09/11/14	8:20 a	28.1	28.1	27.9	72	22.6	2.2	E	1.34	5.8	ENE	28.1	31.2	31.2	38.8	758.4	0.00	0.0	488	7.00	497	1.8	0.13	1.8	0.000	0.068	33.1	49	21.0	36.6	8.82	 .0701	0.00	234	1	100.0	10
09/11/14	8:30 a	28.3	28.3	28.1	71	22.5	2.2	E	1.34	4.9	E	28.3	31.4	31.4	38.8	758.4	0.00	0.0	512	7.34	538	1.9	0.14	1.9	0.000	0.069	33.1	49	21.0	36.6	8.82	 .0701	0.00	234	1	100.0	10
09/11/14	8:40 a	28.4	28.4	28.3	71	22.7	2.2	E	1.34	4.0	E	28.4	31.8	31.8	39.1	758.5	0.00	0.0	538	7.71	557	2.0	0.14	2.0	0.000	0.070	33.2	49	21.1	36.8	8.81	 .0700	0.00	235	1	100.0	10
09/11/14	8:50 a	28.6	28.6	28.4	69	22.3	2.2	E	1.34	4.9	E	28.6	31.7	31.7	38.7	758.4	0.00	0.0	551	7.90	559	2.1	0.15	2.1	0.000	0.071	33.3	49	21.1	36.9	8.81	 .0700	0.00	234	1	100.0	10
09/11/14	9:00 a	28.8	28.8	28.6	68	22.3	2.2	E	1.34	4.0	SE	28.8	32.1	32.1	38.7	758.4	0.00	0.0	557	7.98	584	2.1	0.15	2.2	0.000	0.073	33.3	49	21.1	36.9	8.81	 .0700	0.38	234	1	100.0	10
09/11/14	9:10 a	29.1	29.1	28.8	67	22.3	2.2	E	1.34	4.9	E	29.1	32.5	32.5	38.9	758.3	0.00	0.0	576	8.26	628	2.2	0.16	2.2	0.000	0.074	33.3	49	21.2	37.1	8.81	 .0700	0.00	234	1	100.0	10
09/11/14	9:20 a	29.1	29.2	29.0	66	22.1	2.7	E	1.61	5.4	E	29.1	32.4	32.4	39.1	758.3	0.00	0.0	636	9.12	657	2.3	0.16	2.4	0.000	0.075	33.4	49	21.2	37.2	8.81	 .0700	0.00	234	1	100.0	10
09/11/14	9:30 a	29.3	29.3	29.1	66	22.3	2.7	E	1.61	4.9	E	29.3	32.7	32.7	39.3	758.3	0.00	0.0	652	9.35	666	2.4	0.17	2.5	0.000	0.076	33.4	49	21.3	37.3	8.81	 .0700	0.00	234	1	100.0	10
09/11/14	9:40 a	29.7	29.7	29.3	65	22.4	1.8	E	1.07	4.0	ENE	29.7	33.5	33.5	39.8	758.2	0.00	0.0	665	9.53	677	2.5	0.18	2.6	0.000	0.079	33.5	49	21.3	37.4	8.80	 .0699	0.00	235	1	100.0	10
09/11/14	9:50 a	29.8	29.8	29.7	64	22.3	1.8	E	1.07	4.5	E	29.8	33.5	33.5	39.7	758.0	0.00	0.0	686	9.83	705	2.7	0.19	2.9	0.000	0.080	33.5	49	21.3	37.4	8.80	 .0699	0.00	234	1	100.0	10
09/11/14	10:00 a	30.1	30.1	29.8	64	22.5	1.8	SSE	1.07	4.9	ESE	30.1	34.0	34.0	40.3	757.9	0.00	0.0	709	10.16	715	2.9	0.21	3.0	0.000	0.081	33.6	49	21.4	37.5	8.80	 .0699	0.48	234	1	100.0	10
09/11/14	10:10 a	30.2	30.2	30.0	62	22.1	1.8	ESE	1.07	5.4	ESE	30.2	33.9	33.9	40.4	757.8	0.00	0.0	718	10.29	729	3.0	0.21	3.1	0.000	0.083	33.6	49	21.4	37.6	8.80	 .0699	0.00	234	1	100.0	10
09/11/14	10:20 a	30.3	30.3	30.2	63	22.4	2.2	E	1.34	4.9	ESE	30.3	34.3	34.3	40.9	757.6	0.00	0.0	727	10.42	740	3.1	0.22	3.2	0.000	0.083	33.7	49	21.5	37.7	8.80	 .0698	0.00	234	1	100.0	10
09/11/14	10:30 a	30.7	30.7	30.3	60	22.0	1.8	E	1.07	4.9	ESE	30.7	34.4	34.4	41.1	757.5	0.00	0.0	729	10.45	742	3.2	0.23	3.2	0.000	0.086	33.7	49	21.5	37.8	8.80	 .0698	0.00	234	1	100.0	10
09/11/14	10:40 a	30.7	30.7	30.6	61	22.3	2.2	E	1.34	5.4	E	30.7	34.6	34.6	41.3	757.4	0.00	0.0	727	10.42	735	3.2	0.23	3.3	0.000	0.086	33.8	49	21.6	37.9	8.79	 .0698	0.00	234	1	100.0	10
09/11/14	10:50 a	30.9	30.9	30.7	59	21.9	1.8	S	1.07	4.5	E	30.9	34.4	34.4	41.1	757.1	0.00	0.0	715	10.25	728	3.3	0.24	3.3	0.000	0.087	33.8	49	21.6	38.1	8.79	 .0697	0.00	235	1	100.0	10
09/11/14	11:00 a	31.1	31.1	30.8	60	22.4	1.8	E	1.07	4.9	E	31.1	34.9	34.9	41.7	757.0	0.00	0.0	744	10.67	772	3.4	0.24	3.5	0.000	0.089	33.9	48	21.3	37.9	8.59	 .0697	0.53	234	1	100.0	10
09/11/14	11:10 a	31.1	31.3	31.0	59	22.1	2.7	E	1.61	5.8	E	31.1	34.7	34.7	41.4	756.9	0.00	0.0	737	10.57	752	3.4	0.24	3.5	0.000	0.088	33.9	48	21.4	38.1	8.59	 .0697	0.00	234	1	100.0	10
09/11/14	11:20 a	31.3	31.3	31.1	58	22.1	1.8	E	1.07	4.9	ENE	31.3	35.1	35.1	41.8	756.7	0.00	0.0	737	10.57	754	3.5	0.25	3.6	0.000	0.090	33.9	48	21.4	38.1	8.59	 .0697	0.00	234	1	100.0	10
09/11/14	11:30 a	31.4	31.6	31.3	58	22.2	1.8	E	1.07	4.5	ESE	31.4	35.3	35.3	42.1	756.6	0.00	0.0	749	10.74	765	3.6	0.26	3.6	0.000	0.091	34.1	48	21.5	38.3	8.58	 .0696	0.00	234	1	100.0	10
09/11/14	11:40 a	31.3	31.5	31.3	57	21.8	2.7	E	1.61	5.8	E	31.3	34.9	34.9	41.7	756.5	0.00	0.0	741	10.62	747	3.6	0.26	3.7	0.000	0.090	34.1	48	21.5	38.4	8.58	 .0696	0.00	234	1	100.0	10
09/11/14	11:50 a	31.6	31.6	31.3	57	22.1	2.2	E	1.34	4.5	ESE	31.6	35.5	35.5	42.3	756.3	0.00	0.0	737	10.57	752	3.7	0.26	3.7	0.000	0.092	34.1	48	21.5	38.4	8.58	 .0696	0.00	235	1	100.0	10
09/11/14	12:00 p	31.9	31.9	31.6	56	22.0	0.9	SSE	0.54	3.1	ENE	31.9	35.9	35.9	42.6	756.2	0.00	0.0	716	10.26	738	3.7	0.26	3.7	0.000	0.094	34.2	48	21.6	38.6	8.58	 .0695	0.56	234	1	100.0	10
09/11/14	12:10 p	31.9	32.0	31.8	57	22.4	1.8	E	1.07	4.9	ESE	31.9	36.3	36.3	42.6	756.0	0.00	0.0	632	9.06	686	3.4	0.24	3.6	0.000	0.095	34.2	48	21.6	38.6	8.58	 .0695	0.00	234	1	100.0	10
09/11/14	12:20 p	32.1	32.2	31.9	56	22.2	1.8	E	1.07	4.0	E	32.1	36.3	36.3	42.1	755.9	0.00	0.0	565	8.10	636	3.2	0.23	3.2	0.000	0.095	34.3	48	21.7	38.7	8.58	 .0695	0.00	234	1	100.0	10
09/11/14	12:30 p	32.2	32.2	32.0	57	22.6	1.3	S	0.80	4.0	E	32.2	36.7	36.7	43.4	755.8	0.00	0.0	708	10.15	717	3.5	0.25	3.6	0.000	0.096	34.3	48	21.7	38.8	8.57	 .0695	0.00	234	1	100.0	10
09/11/14	12:40 p	32.7	32.7	32.2	54	22.1	0.9	S	0.54	2.2	SSE	32.7	37.1	37.1	42.8	755.6	0.00	0.0	550	7.88	687	3.4	0.24	3.5	0.000	0.100	34.4	48	21.8	38.9	8.57	 .0694	0.00	234	1	100.0	10
09/11/14	12:50 p	32.9	32.9	32.7	56	22.9	0.9	ESE	0.54	2.7	S	32.9	38.2	38.2	42.1	755.5	0.00	0.0	344	4.93	392	3.3	0.24	3.3	0.000	0.101	34.5	48	21.9	39.2	8.57	 .0694	0.00	234	1	100.0	10
09/11/14	1:00 p	32.8	33.0	32.8	56	22.9	0.9	S	0.54	2.7	SSE	32.8	38.1	38.1	41.7	755.3	0.00	0.0	321	4.60	332	3.2	0.23	3.2	0.000	0.101	34.6	48	22.0	39.4	8.56	 .0693	0.38	235	1	100.0	10
09/11/14	1:10 p	32.9	32.9	32.8	55	22.7	0.4	SSE	0.27	3.6	E	32.9	38.0	38.0	41.4	755.2	0.00	0.0	304	4.36	315	3.1	0.22	3.1	0.000	0.101	34.7	48	22.1	39.7	8.56	 .0693	0.00	234	1	100.0	10
09/11/14	1:20 p	32.8	33.0	32.8	55	22.6	0.9	SSE	0.54	2.2	S	32.8	37.7	37.7	41.1	755.1	0.00	0.0	299	4.29	302	3.0	0.21	3.0	0.000	0.101	34.8	48	22.2	39.9	8.56	 .0692	0.00	234	1	100.0	10
09/11/14	1:30 p	32.8	32.8	32.7	56	22.8	0.9	SSE	0.54	2.7	SSE	32.8	37.9	37.9	41.2	755.1	0.00	0.0	288	4.13	301	2.7	0.19	2.9	0.000	0.100	34.9	47	21.9	39.8	8.45	 .0693	0.00	234	1	100.0	10
09/11/14	1:40 p	32.9	33.0	32.8	54	22.4	0.4	SSE	0.27	1.8	SSE	32.9	37.7	37.7	40.6	755.1	0.00	0.0	255	3.66	281	2.4	0.17	2.6	0.000	0.101	34.9	47	22.0	39.9	8.45	 .0692	0.00	234	1	100.0	10
09/11/14	1:50 p	32.9	32.9	32.8	54	22.4	0.9	SSE	0.54	2.2	SSE	32.9	37.6	37.6	41.1	755.1	0.00	0.0	309	4.43	329	2.5	0.18	2.5	0.000	0.101	34.9	47	22.0	39.9	8.45	 .0692	0.00	234	1	100.0	10
09/11/14	2:00 p	32.8	32.9	32.8	54	22.3	0.9	SSE	0.54	3.1	SW	32.8	37.4	37.4	41.5	755.0	0.00	0.0	356	5.10	387	2.4	0.17	2.5	0.000	0.101	35.0	47	22.0	40.0	8.45	 .0692	0.23	235	1	100.0	10
09/11/14	2:10 p	33.1	33.1	32.8	54	22.5	0.4	S	0.27	2.2	ESE	33.1	37.9	37.9	42.7	755.0	0.00	0.0	416	5.96	432	2.3	0.16	2.3	0.000	0.102	35.1	47	22.1	40.1	8.45	 .0692	0.00	234	1	100.0	10
09/11/14	2:20 p	33.2	33.2	33.1	53	22.3	0.4	SSE	0.27	2.2	SSE	33.2	37.9	37.9	42.3	755.0	0.00	0.0	388	5.56	476	2.1	0.15	2.2	0.000	0.103	35.1	47	22.1	40.1	8.45	 .0692	0.00	234	1	100.0	10
09/11/14	2:30 p	33.0	33.2	33.0	53	22.1	1.3	E	0.80	3.6	E	33.0	37.6	37.6	41.7	755.1	0.00	0.0	351	5.03	387	1.9	0.14	2.0	0.000	0.102	35.1	47	22.1	40.1	8.45	 .0692	0.00	234	1	100.0	10
09/11/14	2:40 p	32.9	33.0	32.9	53	22.0	0.4	SSE	0.27	2.2	SSE	32.9	37.3	37.3	40.6	755.1	0.00	0.0	274	3.93	353	1.6	0.11	1.7	0.000	0.101	35.0	47	22.0	40.0	8.45	 .0692	0.00	234	1	100.0	10
09/11/14	2:50 p	32.8	32.9	32.8	53	21.9	0.4	SSE	0.27	2.7	S	32.8	37.1	37.1	40.0	755.1	0.00	0.0	244	3.50	304	1.5	0.11	1.5	0.000	0.100	34.9	47	22.0	39.9	8.45	 .0692	0.00	234	1	100.0	10
09/11/14	3:00 p	32.7	32.8	32.7	53	21.8	0.9	S	0.54	3.1	SSE	32.7	36.8	36.8	39.8	755.2	0.00	0.0	248	3.56	269	1.4	0.10	1.5	0.000	0.100	34.9	47	21.9	39.8	8.45	 .0693	0.25	234	1	100.0	10
09/11/14	3:10 p	32.7	32.7	32.7	53	21.8	0.9	S	0.54	2.2	SSW	32.7	36.8	36.8	39.8	755.2	0.00	0.0	242	3.47	258	1.3	0.09	1.3	0.000	0.100	34.8	47	21.9	39.7	8.45	 .0693	0.00	235	1	100.0	10
09/11/14	3:20 p	32.6	32.7	32.6	54	22.0	0.9	SSW	0.54	2.7	SSE	32.6	36.8	36.8	39.5	755.2	0.00	0.0	211	3.02	223	1.2	0.09	1.2	0.000	0.099	34.8	47	21.9	39.7	8.45	 .0693	0.00	234	1	100.0	10
09/11/14	3:30 p	32.5	32.6	32.5	54	22.0	0.4	S	0.27	1.8	S	32.5	36.7	36.7	38.3	755.2	0.00	0.0	135	1.94	158	1.0	0.07	1.1	0.000	0.098	34.8	47	21.8	39.5	8.45	 .0693	0.00	234	1	100.0	10
09/11/14	3:40 p	32.4	32.5	32.4	54	21.9	0.4	S	0.27	0.9	S	32.4	36.6	36.6	37.7	755.3	0.00	0.0	99	1.42	118	0.9	0.06	0.9	0.000	0.098	34.7	47	21.8	39.4	8.45	 .0693	0.00	234	1	100.0	10
09/11/14	3:50 p	32.4	32.4	32.4	55	22.2	0.0	S	0.00	0.9	S	32.4	36.8	36.8	37.8	755.3	0.00	0.0	86	1.23	93	0.8	0.06	0.8	0.000	0.098	34.6	47	21.7	39.2	8.45	 .0694	0.00	234	1	100.0	10
09/11/14	4:00 p	32.4	32.4	32.4	54	21.9	0.0	S	0.00	0.4	S	32.4	36.4	36.4	37.3	755.3	0.00	0.0	78	1.12	86	0.7	0.05	0.7	0.000	0.098	34.6	47	21.6	39.1	8.45	 .0694	0.13	234	1	100.0	10
09/11/14	4:10 p	32.3	32.4	32.3	54	21.8	0.0	---	0.00	0.0	---	32.3	36.3	36.3	37.0	755.4	0.00	0.0	65	0.93	70	0.6	0.04	0.6	0.000	0.097	34.5	47	21.6	38.9	8.45	 .0694	0.00	234	1	100.0	10
09/11/14	4:20 p	32.3	32.3	32.3	55	22.1	0.0	---	0.00	0.0	---	32.3	36.6	36.6	37.1	755.5	0.00	0.0	51	0.73	58	0.1	0.01	0.5	0.000	0.097	34.5	47	21.6	38.9	8.45	 .0694	0.00	235	1	100.0	10
09/11/14	4:30 p	32.2	32.3	32.2	55	22.0	0.4	S	0.27	0.9	S	32.2	36.2	36.2	36.5	755.6	0.00	0.0	41	0.59	47	0.0	0.00	0.0	0.000	0.096	34.4	47	21.5	38.8	8.45	 .0695	0.00	234	1	100.0	10
09/11/14	4:40 p	32.0	32.2	31.9	55	21.8	0.4	S	0.27	0.9	S	32.0	35.9	35.9	35.8	755.7	0.00	0.0	24	0.34	32	0.0	0.00	0.0	0.000	0.095	34.4	47	21.4	38.7	8.45	 .0695	0.00	234	1	100.0	10
09/11/14	4:50 p	31.8	32.0	31.8	57	22.3	0.9	S	0.54	1.3	S	31.8	36.0	36.0	35.7	755.9	0.00	0.0	11	0.16	16	0.0	0.00	0.0	0.000	0.094	34.3	47	21.4	38.6	8.45	 .0695	0.00	234	1	100.0	10
09/11/14	5:00 p	31.6	31.8	31.6	59	22.6	0.9	S	0.54	1.8	S	31.6	35.8	35.8	35.2	755.9	0.00	0.0	1	0.01	5	0.0	0.00	0.0	0.000	0.092	34.3	47	21.4	38.6	8.45	 .0695	0.05	234	1	100.0	10
09/11/14	5:10 p	31.4	31.6	31.4	60	22.7	0.9	S	0.54	1.8	S	31.4	35.6	35.6	35.1	756.1	0.00	0.0	0	0.00	0	0.0	0.00	0.0	0.000	0.091	34.3	47	21.3	38.4	8.45	 .0696	0.00	234	1	100.0	10
09/11/14	5:20 p	30.4	31.4	30.4	69	24.1	2.7	WNW	1.61	4.9	NW	30.4	35.8	35.8	35.3	756.3	0.00	0.0	0	0.00	0	0.0	0.00	0.0	0.000	0.084	34.2	47	21.3	38.3	8.45	 .0696	0.00	235	1	100.0	10
09/11/14	5:30 p	29.7	30.4	29.7	74	24.5	3.1	NW	1.88	4.9	WNW	29.7	35.1	35.1	34.6	756.4	0.00	0.0	0	0.00	0	0.0	0.00	0.0	0.000	0.079	34.2	48	21.6	38.6	8.58	 .0696	0.00	234	1	100.0	10
09/11/14	5:40 p	29.4	29.7	29.4	75	24.5	3.6	NW	2.15	5.8	NW	29.3	34.7	34.6	34.0	756.5	0.00	0.0	0	0.00	0	0.0	0.00	0.0	0.000	0.077	34.2	48	21.6	38.6	8.58	 .0696	0.00	234	1	100.0	10
09/11/14	5:50 p	29.2	29.3	29.2	76	24.5	3.1	NW	1.88	6.3	WNW	29.2	34.4	34.4	33.8	756.7	0.00	0.0	0	0.00	0	0.0	0.00	0.0	0.000	0.075	34.2	48	21.6	38.6	8.58	 .0696	0.00	234	1	100.0	10
09/11/14	6:00 p	29.0	29.2	29.0	77	24.6	3.1	NW	1.88	5.4	WNW	29.0	34.3	34.3	33.7	756.9	0.00	0.0	0	0.00	0	0.0	0.00	0.0	0.000	0.074	34.2	48	21.6	38.6	8.58	 .0696	0.08	234	1	100.0	10
09/11/14	6:10 p	28.9	29.0	28.9	77	24.5	2.7	NNW	1.61	4.5	NNW	28.9	34.2	34.2	33.6	757.0	0.00	0.0	0	0.00	0	0.0	0.00	0.0	0.000	0.074	34.2	49	22.0	38.9	8.78	 .0696	0.00	234	1	100.0	10
09/11/14	6:20 p	28.8	28.9	28.8	77	24.3	2.7	NW	1.61	4.9	WNW	28.8	33.8	33.8	33.2	757.1	0.00	0.0	0	0.00	0	0.0	0.00	0.0	0.000	0.073	34.2	49	22.0	38.9	8.78	 .0696	0.00	235	1	100.0	10
09/11/14	6:30 p	28.7	28.8	28.7	76	24.1	2.7	NW	1.61	4.5	NW	28.7	33.5	33.5	32.9	757.1	0.00	0.0	0	0.00	0	0.0	0.00	0.0	0.000	0.072	34.2	49	21.9	38.8	8.78	 .0696	0.00	234	1	100.0	10
09/11/14	6:40 p	28.6	28.7	28.6	77	24.1	3.1	NW	1.88	4.9	WNW	28.6	33.2	33.2	32.6	757.3	0.00	0.0	0	0.00	0	0.0	0.00	0.0	0.000	0.071	34.2	49	21.9	38.8	8.78	 .0696	0.00	234	1	100.0	10
09/11/14	6:50 p	28.4	28.6	28.4	77	24.0	3.1	NW	1.88	4.5	WNW	28.4	32.9	32.9	32.3	757.2	0.00	0.0	0	0.00	0	0.0	0.00	0.0	0.000	0.070	34.2	49	21.9	38.8	8.78	 .0696	0.00	234	1	100.0	10
09/11/14	7:00 p	28.3	28.4	28.3	77	23.9	3.1	NW	1.88	4.9	NW	28.3	32.6	32.6	32.0	757.4	0.00	0.0	0	0.00	0	0.0	0.00	0.0	0.000	0.069	34.1	49	21.9	38.7	8.78	 .0697	0.05	234	1	100.0	10
09/11/14	7:10 p	28.3	28.3	28.3	78	24.1	2.7	NW	1.61	4.5	NW	28.3	32.7	32.7	32.1	757.5	0.00	0.0	0	0.00	0	0.0	0.00	0.0	0.000	0.069	34.1	49	21.9	38.7	8.78	 .0697	0.00	234	1	100.0	10
09/11/14	7:20 p	28.2	28.3	28.2	77	23.8	2.7	NW	1.61	4.0	NW	28.2	32.3	32.3	31.7	757.6	0.00	0.0	0	0.00	0	0.0	0.00	0.0	0.000	0.069	34.1	49	21.9	38.7	8.78	 .0697	0.00	234	1	100.0	10
09/11/14	7:30 p	28.2	28.2	28.2	77	23.8	2.2	N	1.34	3.6	NNW	28.2	32.2	32.2	31.5	757.9	0.00	0.0	0	0.00	0	0.0	0.00	0.0	0.000	0.068	34.1	49	21.8	38.6	8.78	 .0697	0.00	235	1	100.0	10
09/11/14	7:40 p	28.3	28.3	28.2	78	24.1	1.3	NW	0.80	3.1	WNW	28.3	32.7	32.7	32.1	758.2	0.00	0.0	0	0.00	0	0.0	0.00	0.0	0.000	0.069	34.1	49	21.8	38.6	8.78	 .0697	0.00	234	1	100.0	10
09/11/14	7:50 p	27.2	28.3	27.2	75	22.3	3.6	SSE	2.15	7.2	S	26.9	29.6	29.3	28.7	758.3	0.00	0.0	0	0.00	0	0.0	0.00	0.0	0.000	0.061	34.0	49	21.8	38.4	8.79	 .0698	0.00	234	1	100.0	10
09/11/14	8:00 p	26.3	27.1	26.3	79	22.4	4.0	SSE	2.41	9.4	SSE	25.7	28.5	27.9	27.2	758.7	0.00	0.0	0	0.00	0	0.0	0.00	0.0	0.000	0.056	33.9	49	21.7	38.3	8.79	 .0698	0.05	234	1	100.0	10
09/11/14	8:10 p	25.7	26.3	25.7	83	22.6	2.2	SSE	1.34	5.8	SSE	25.7	27.8	27.8	27.1	758.7	0.00	0.0	0	0.00	0	0.0	0.00	0.0	0.000	0.051	33.9	49	21.7	38.3	8.79	 .0698	0.00	234	1	100.0	10
09/11/14	8:20 p	25.1	25.7	25.1	86	22.5	1.3	SSE	0.80	3.6	SSE	25.1	27.1	27.1	26.4	758.7	0.25	0.0	0	0.00	0	0.0	0.00	0.0	0.000	0.047	33.8	49	21.6	38.1	8.79	 .0699	0.00	234	1	100.0	10
09/11/14	8:30 p	24.8	25.1	24.8	86	22.3	0.9	SSE	0.54	2.7	SSE	24.8	26.8	26.8	26.1	758.5	0.00	0.0	0	0.00	0	0.0	0.00	0.0	0.000	0.045	33.8	49	21.6	38.1	8.79	 .0699	0.00	234	1	100.0	10
09/11/14	8:40 p	24.8	24.8	24.7	87	22.5	0.9	SSE	0.54	2.2	SSE	24.8	26.8	26.8	26.1	758.4	0.00	0.0	0	0.00	0	0.0	0.00	0.0	0.000	0.045	33.7	49	21.5	37.8	8.80	 .0699	0.00	235	1	100.0	10
09/11/14	8:50 p	24.8	24.9	24.7	87	22.5	0.4	S	0.27	2.7	E	24.8	26.8	26.8	26.1	758.4	0.00	0.0	0	0.00	0	0.0	0.00	0.0	0.000	0.045	33.7	49	21.5	37.8	8.80	 .0699	0.00	234	1	100.0	10
09/11/14	9:00 p	25.1	25.1	24.8	85	22.4	2.2	E	1.34	2.7	E	25.1	27.1	27.1	26.4	758.4	0.00	0.0	0	0.00	0	0.0	0.00	0.0	0.000	0.047	33.7	49	21.5	37.7	8.80	 .0699	0.03	234	1	100.0	10
09/11/14	9:10 p	25.2	25.3	25.1	84	22.3	2.7	NE	1.61	4.0	ENE	25.2	27.3	27.3	26.6	758.4	0.00	0.0	0	0.00	0	0.0	0.00	0.0	0.000	0.048	33.6	49	21.4	37.6	8.80	 .0699	0.00	234	1	100.0	10
09/11/14	9:20 p	25.6	25.6	25.2	81	22.1	3.1	ENE	1.88	4.5	ENE	25.6	27.6	27.6	26.9	758.3	0.00	0.0	0	0.00	0	0.0	0.00	0.0	0.000	0.051	33.6	49	21.4	37.5	8.80	 .0699	0.00	234	1	100.0	10
09/11/14	9:30 p	25.8	25.8	25.6	82	22.5	1.3	ENE	0.80	2.7	ENE	25.8	28.0	28.0	27.3	758.2	0.00	0.0	0	0.00	0	0.0	0.00	0.0	0.000	0.052	33.5	49	21.3	37.4	8.80	 .0699	0.00	234	1	100.0	10
09/11/14	9:40 p	25.9	25.9	25.8	82	22.6	0.9	ENE	0.54	2.7	ENE	25.9	28.1	28.1	27.4	758.1	0.00	0.0	0	0.00	0	0.0	0.00	0.0	0.000	0.052	33.4	49	21.3	37.3	8.81	 .0699	0.00	235	1	100.0	10
09/11/14	9:50 p	25.7	25.9	25.7	85	23.0	2.2	ENE	1.34	3.6	ENE	25.7	28.1	28.1	27.4	758.1	0.00	0.0	0	0.00	0	0.0	0.00	0.0	0.000	0.051	33.5	50	21.7	37.6	8.96	 .0699	0.00	234	1	100.0	10
09/11/14	10:00 p	25.6	25.7	25.6	86	23.0	1.3	ENE	0.80	2.2	ENE	25.6	27.9	27.9	27.2	758.1	0.00	0.0	0	0.00	0	0.0	0.00	0.0	0.000	0.050	33.4	50	21.6	37.5	8.96	 .0699	0.03	234	1	100.0	10
09/11/14	10:10 p	25.4	25.6	25.4	87	23.1	2.2	ENE	1.34	2.7	ENE	25.4	27.8	27.8	27.2	758.1	0.00	0.0	0	0.00	0	0.0	0.00	0.0	0.000	0.049	33.4	50	21.6	37.5	8.96	 .0699	0.00	234	1	100.0	10
09/11/14	10:20 p	25.3	25.4	25.3	88	23.1	1.8	E	1.07	3.1	E	25.3	27.6	27.6	26.9	758.1	0.00	0.0	0	0.00	0	0.0	0.00	0.0	0.000	0.048	33.4	50	21.5	37.4	8.97	 .0699	0.00	234	1	100.0	10
09/11/14	10:30 p	25.2	25.3	25.2	88	23.0	1.3	E	0.80	2.2	E	25.2	27.4	27.4	26.7	757.9	0.00	0.0	0	0.00	0	0.0	0.00	0.0	0.000	0.047	33.4	50	21.5	37.4	8.97	 .0699	0.00	234	1	100.0	10
09/11/14	10:40 p	25.2	25.2	25.2	88	23.0	1.8	ENE	1.07	2.7	ENE	25.2	27.4	27.4	26.7	757.7	0.00	0.0	0	0.00	0	0.0	0.00	0.0	0.000	0.047	33.3	50	21.5	37.3	8.97	 .0699	0.00	234	1	100.0	10
09/11/14	10:50 p	25.2	25.2	25.2	89	23.2	2.2	ENE	1.34	3.1	ENE	25.2	27.4	27.4	26.8	757.7	0.00	0.0	0	0.00	0	0.0	0.00	0.0	0.000	0.047	33.3	50	21.5	37.3	8.97	 .0699	0.00	235	1	100.0	10
09/11/14	11:00 p	25.3	25.3	25.1	88	23.1	1.8	ENE	1.07	3.1	E	25.3	27.6	27.6	26.9	757.7	0.00	0.0	0	0.00	0	0.0	0.00	0.0	0.000	0.048	33.3	50	21.5	37.3	8.97	 .0699	0.03	234	1	100.0	10
09/11/14	11:10 p	25.3	25.3	25.3	88	23.2	1.3	ENE	0.80	2.2	ENE	25.3	27.7	27.7	27.0	757.7	0.00	0.0	0	0.00	0	0.0	0.00	0.0	0.000	0.049	33.3	50	21.4	37.2	8.97	 .0699	0.00	234	1	100.0	10
09/11/14	11:20 p	25.3	25.3	25.3	88	23.2	0.9	ENE	0.54	2.2	ENE	25.3	27.7	27.7	27.0	757.7	0.00	0.0	0	0.00	0	0.0	0.00	0.0	0.000	0.049	33.2	50	21.4	37.1	8.98	 .0699	0.00	234	1	100.0	10
09/11/14	11:30 p	25.3	25.4	25.3	87	23.0	0.0	---	0.00	0.0	---	25.3	27.6	27.6	26.9	757.7	0.00	0.0	0	0.00	0	0.0	0.00	0.0	0.000	0.049	33.2	50	21.4	37.1	8.98	 .0699	0.00	234	1	100.0	10
09/11/14	11:40 p	25.4	25.4	25.3	88	23.3	0.0	---	0.00	0.0	---	25.4	27.9	27.9	27.2	757.7	0.00	0.0	0	0.00	0	0.0	0.00	0.0	0.000	0.049	33.2	50	21.4	37.1	8.98	 .0699	0.00	234	1	100.0	10
09/11/14	11:50 p	25.6	25.6	25.4	88	23.4	0.0	---	0.00	0.0	---	25.6	28.1	28.1	27.4	757.6	0.00	0.0	0	0.00	0	0.0	0.00	0.0	0.000	0.050	33.2	51	21.7	37.4	9.11	 .0699	0.00	235	1	100.0	10
10/11/14	12:00 a	25.6	25.6	25.6	87	23.2	0.0	---	0.00	0.0	---	25.6	28.0	28.0	27.3	757.4	0.00	0.0	0	0.00	0	0.0	0.00	0.0	0.000	0.050	33.2	51	21.7	37.4	9.11	 .0699	0.03	234	1	100.0	10
