		Temp	Hi	Low	Out	Dew	Wind	Wind	Wind	Hi	Hi	Wind	Heat	THW	THSW			Rain	Solar	Solar	Hi Solar	UV 	UV 	Hi 	Heat	Cool	In 	In	In 	In 	In 	In Air		Wind	Wind	ISS 	Arc.
Date	Time	Out	Temp	Temp	Hum	Pt.	Speed	Dir	Run	Speed	Dir	Chill	Index	Index	Index	Bar  	Rain	Rate	Rad.	Energy	Rad. 	Index	Dose	UV 	D-D 	D-D 	Temp	Hum	Dew	Heat	EMC	Density	ET 	Samp	Tx 	Recept	Int.
13/11/14	12:10 a	23.7	23.8	23.7	94	22.7	2.2	SSE	1.34	4.9	SSE	23.7	25.6	25.6	24.9	756.1	0.00	0.0	0	0.00	0	0.0	0.00	0.0	0.000	0.037	30.7	57	21.2	33.8	10.16	 .0704	0.00	233	1	100.0	10
13/11/14	12:20 a	23.7	23.7	23.7	94	22.7	2.2	S	1.34	4.5	S	23.7	25.6	25.6	24.9	756.1	0.00	0.0	0	0.00	0	0.0	0.00	0.0	0.000	0.037	30.6	57	21.1	33.7	10.17	 .0704	0.00	234	1	100.0	10
13/11/14	12:30 a	23.7	23.7	23.7	94	22.7	2.2	S	1.34	4.0	S	23.7	25.6	25.6	24.9	756.0	0.00	0.0	0	0.00	0	0.0	0.00	0.0	0.000	0.037	30.6	57	21.1	33.7	10.17	 .0704	0.00	235	1	100.0	10
13/11/14	12:40 a	23.7	23.8	23.7	94	22.7	1.8	S	1.07	4.5	S	23.7	25.6	25.6	24.9	756.0	0.00	0.0	0	0.00	0	0.0	0.00	0.0	0.000	0.037	30.6	57	21.1	33.6	10.17	 .0704	0.00	234	1	100.0	10
13/11/14	12:50 a	23.7	23.8	23.7	93	22.5	1.8	S	1.07	3.6	S	23.7	25.6	25.6	24.8	756.0	0.00	0.0	0	0.00	0	0.0	0.00	0.0	0.000	0.037	30.6	57	21.1	33.6	10.17	 .0704	0.00	234	1	100.0	10
13/11/14	1:00 a	23.8	23.8	23.7	93	22.6	1.8	SSE	1.07	4.0	S	23.8	25.7	25.7	24.9	755.9	0.00	0.0	0	0.00	0	0.0	0.00	0.0	0.000	0.038	30.6	57	21.1	33.6	10.17	 .0704	0.00	234	1	100.0	10
13/11/14	1:10 a	23.8	23.8	23.7	93	22.6	1.8	SSE	1.07	3.6	S	23.8	25.7	25.7	24.9	755.8	0.00	0.0	0	0.00	0	0.0	0.00	0.0	0.000	0.038	30.5	57	21.0	33.5	10.17	 .0704	0.00	234	1	100.0	10
13/11/14	1:20 a	23.8	23.8	23.8	93	22.6	1.8	S	1.07	4.0	SSE	23.8	25.7	25.7	24.9	755.8	0.00	0.0	0	0.00	0	0.0	0.00	0.0	0.000	0.038	30.5	57	21.0	33.5	10.17	 .0704	0.00	234	1	100.0	10
13/11/14	1:30 a	23.8	23.8	23.7	93	22.6	2.2	SSE	1.34	4.0	S	23.8	25.7	25.7	24.9	755.6	0.00	0.0	0	0.00	0	0.0	0.00	0.0	0.000	0.038	30.5	57	21.0	33.5	10.17	 .0704	0.00	234	1	100.0	10
13/11/14	1:40 a	23.7	23.8	23.7	93	22.5	1.8	SSE	1.07	3.6	S	23.7	25.6	25.6	24.8	755.6	0.00	0.0	0	0.00	0	0.0	0.00	0.0	0.000	0.037	30.4	57	21.0	33.4	10.18	 .0704	0.00	235	1	100.0	10
13/11/14	1:50 a	23.7	23.8	23.7	93	22.5	2.2	SSE	1.34	4.0	SW	23.7	25.6	25.6	24.8	755.5	0.00	0.0	0	0.00	0	0.0	0.00	0.0	0.000	0.037	30.4	57	21.0	33.4	10.18	 .0704	0.00	234	1	100.0	10
13/11/14	2:00 a	23.7	23.8	23.7	93	22.5	1.3	S	0.80	3.1	S	23.7	25.6	25.6	24.8	755.5	0.00	0.0	0	0.00	0	0.0	0.00	0.0	0.000	0.037	30.4	57	21.0	33.4	10.18	 .0704	0.00	234	1	100.0	10
13/11/14	2:10 a	23.8	23.8	23.7	93	22.6	1.8	S	1.07	3.1	S	23.8	25.7	25.7	24.9	755.5	0.00	0.0	0	0.00	0	0.0	0.00	0.0	0.000	0.038	30.4	57	21.0	33.4	10.18	 .0704	0.00	234	1	100.0	10
13/11/14	2:20 a	23.7	23.8	23.7	93	22.5	2.2	SSE	1.34	4.0	SSE	23.7	25.6	25.6	24.8	755.5	0.00	0.0	0	0.00	0	0.0	0.00	0.0	0.000	0.037	30.4	57	21.0	33.4	10.18	 .0704	0.00	234	1	100.0	10
13/11/14	2:30 a	23.7	23.8	23.7	93	22.5	1.8	S	1.07	3.6	SSW	23.7	25.6	25.6	24.8	755.4	0.00	0.0	0	0.00	0	0.0	0.00	0.0	0.000	0.037	30.4	57	20.9	33.3	10.18	 .0704	0.00	234	1	100.0	10
13/11/14	2:40 a	23.7	23.7	23.7	93	22.5	1.8	SSE	1.07	3.1	SSE	23.7	25.6	25.6	24.8	755.5	0.00	0.0	0	0.00	0	0.0	0.00	0.0	0.000	0.037	30.4	57	20.9	33.3	10.18	 .0704	0.00	234	1	100.0	10
13/11/14	2:50 a	23.7	23.7	23.7	93	22.5	2.2	SSE	1.34	4.5	SSE	23.7	25.5	25.5	24.8	755.5	0.00	0.0	0	0.00	0	0.0	0.00	0.0	0.000	0.037	30.3	57	20.9	33.2	10.19	 .0705	0.00	235	1	100.0	10
13/11/14	3:00 a	23.7	23.7	23.7	93	22.5	1.8	SSE	1.07	3.6	SSE	23.7	25.6	25.6	24.8	755.5	0.00	0.0	0	0.00	0	0.0	0.00	0.0	0.000	0.037	30.3	57	20.9	33.2	10.19	 .0705	0.00	234	1	100.0	10
13/11/14	3:10 a	23.7	23.7	23.7	93	22.5	1.8	S	1.07	3.6	SSW	23.7	25.6	25.6	24.8	755.6	0.00	0.0	0	0.00	0	0.0	0.00	0.0	0.000	0.037	30.3	57	20.9	33.2	10.19	 .0705	0.00	234	1	100.0	10
13/11/14	3:20 a	23.7	23.7	23.7	93	22.5	1.8	S	1.07	3.6	S	23.7	25.6	25.6	24.8	755.6	0.00	0.0	0	0.00	0	0.0	0.00	0.0	0.000	0.037	30.3	57	20.8	33.1	10.19	 .0705	0.00	234	1	100.0	10
13/11/14	3:30 a	23.7	23.8	23.7	93	22.5	1.3	SSE	0.80	3.1	SSE	23.7	25.6	25.6	24.8	755.6	0.00	0.0	0	0.00	0	0.0	0.00	0.0	0.000	0.037	30.3	57	20.9	33.2	10.19	 .0705	0.00	234	1	100.0	10
13/11/14	3:40 a	23.8	23.8	23.7	93	22.6	1.3	SSE	0.80	2.7	SSE	23.8	25.7	25.7	24.9	755.7	0.00	0.0	0	0.00	0	0.0	0.00	0.0	0.000	0.038	30.3	57	20.8	33.1	10.19	 .0705	0.00	234	1	100.0	10
13/11/14	3:50 a	23.8	23.8	23.8	93	22.6	1.3	SSE	0.80	2.7	SSE	23.8	25.7	25.7	24.9	755.7	0.00	0.0	0	0.00	0	0.0	0.00	0.0	0.000	0.038	30.3	57	20.8	33.1	10.19	 .0705	0.00	234	1	100.0	10
13/11/14	4:00 a	23.8	23.8	23.8	93	22.6	1.8	S	1.07	4.0	SSE	23.8	25.7	25.7	24.9	755.7	0.00	0.0	0	0.00	0	0.0	0.00	0.0	0.000	0.038	30.3	57	20.8	33.1	10.19	 .0705	0.00	235	1	100.0	10
13/11/14	4:10 a	23.8	23.8	23.8	93	22.6	1.8	S	1.07	4.0	SW	23.8	25.7	25.7	24.9	755.8	0.00	0.0	0	0.00	0	0.0	0.00	0.0	0.000	0.038	30.2	57	20.8	32.9	10.19	 .0705	0.00	234	1	100.0	10
13/11/14	4:20 a	23.8	23.8	23.8	93	22.6	1.3	S	0.80	2.2	SSE	23.8	25.8	25.8	25.1	755.9	0.00	0.0	0	0.00	0	0.0	0.00	0.0	0.000	0.038	30.2	57	20.8	32.9	10.19	 .0705	0.00	234	1	100.0	10
13/11/14	4:30 a	23.8	23.8	23.8	93	22.6	0.9	S	0.54	2.2	SSE	23.8	25.8	25.8	25.1	756.1	0.00	0.0	0	0.00	0	0.0	0.00	0.0	0.000	0.038	30.2	57	20.8	32.9	10.19	 .0705	0.00	234	1	100.0	10
13/11/14	4:40 a	23.8	23.9	23.8	93	22.6	0.9	S	0.54	3.1	SSW	23.8	25.8	25.8	25.1	756.1	0.00	0.0	0	0.00	0	0.0	0.00	0.0	0.000	0.038	30.2	57	20.7	32.8	10.20	 .0706	0.00	234	1	100.0	10
13/11/14	4:50 a	23.9	23.9	23.8	93	22.7	0.9	S	0.54	2.7	S	23.9	25.9	25.9	25.2	756.2	0.00	0.0	0	0.00	0	0.0	0.00	0.0	0.000	0.039	30.2	57	20.7	32.8	10.20	 .0706	0.00	234	1	100.0	10
13/11/14	5:00 a	23.9	23.9	23.9	93	22.7	0.9	SSE	0.54	3.6	SSE	23.9	25.9	25.9	25.2	756.3	0.00	0.0	0	0.00	0	0.0	0.00	0.0	0.000	0.039	30.2	57	20.7	32.8	10.20	 .0706	0.00	235	1	100.0	10
13/11/14	5:10 a	23.9	23.9	23.9	93	22.7	1.3	SSE	0.80	3.6	SE	23.9	25.9	25.9	25.2	756.4	0.00	0.0	0	0.00	0	0.0	0.00	0.0	0.000	0.039	30.2	57	20.7	32.8	10.20	 .0706	0.00	234	1	100.0	10
13/11/14	5:20 a	23.9	23.9	23.9	93	22.7	0.9	SSE	0.54	3.6	SSW	23.9	25.9	25.9	25.2	756.5	0.00	0.0	0	0.00	0	0.0	0.00	0.0	0.000	0.039	30.2	57	20.7	32.8	10.20	 .0706	0.00	234	1	100.0	10
13/11/14	5:30 a	23.9	23.9	23.9	93	22.7	0.9	S	0.54	2.7	S	23.9	25.9	25.9	25.2	756.8	0.00	0.0	0	0.00	0	0.0	0.00	0.0	0.000	0.039	30.2	57	20.7	32.8	10.20	 .0706	0.00	234	1	100.0	10
13/11/14	5:40 a	24.0	24.0	24.0	93	22.8	0.9	SSE	0.54	3.1	SSE	24.0	26.0	26.0	25.3	756.9	0.00	0.0	0	0.00	0	0.0	0.00	0.0	0.000	0.039	30.1	57	20.7	32.7	10.20	 .0707	0.00	234	1	100.0	10
13/11/14	5:50 a	23.9	24.1	23.9	93	22.7	1.8	S	1.07	3.6	SSW	23.9	25.9	25.9	25.3	757.1	0.00	0.0	6	0.09	9	0.0	0.00	0.0	0.000	0.039	30.1	57	20.7	32.7	10.20	 .0707	0.00	234	1	100.0	10
13/11/14	6:00 a	23.8	23.9	23.8	94	22.8	1.3	S	0.80	2.7	SSW	23.8	25.8	25.8	25.4	757.1	0.00	0.0	16	0.23	21	0.0	0.00	0.0	0.000	0.038	30.1	57	20.7	32.7	10.20	 .0707	0.00	234	1	100.0	10
13/11/14	6:10 a	23.7	23.8	23.7	95	22.9	1.3	S	0.80	3.1	S	23.7	25.7	25.7	25.3	757.1	0.00	0.0	23	0.33	28	0.0	0.00	0.0	0.000	0.037	30.2	58	21.0	33.0	10.32	 .0706	0.00	235	1	100.0	10
13/11/14	6:20 a	23.8	23.8	23.7	95	22.9	0.9	SSE	0.54	3.1	SSW	23.8	25.8	25.8	25.3	757.2	0.00	0.0	17	0.24	26	0.0	0.00	0.0	0.000	0.038	30.1	58	20.9	32.9	10.33	 .0707	0.00	234	1	100.0	10
13/11/14	6:30 a	23.8	23.8	23.8	95	22.9	1.3	S	0.80	2.7	S	23.8	25.8	25.8	25.3	757.2	0.00	0.0	16	0.23	23	0.0	0.00	0.0	0.000	0.038	30.1	58	20.9	32.9	10.33	 .0707	0.00	234	1	100.0	10
13/11/14	6:40 a	23.8	23.8	23.8	95	23.0	0.9	S	0.54	3.1	S	23.8	25.8	25.8	25.6	757.3	0.00	0.0	31	0.44	39	0.0	0.00	0.0	0.000	0.038	30.1	58	20.9	32.9	10.33	 .0707	0.00	234	1	100.0	10
13/11/14	6:50 a	23.9	23.9	23.8	95	23.0	0.9	SSE	0.54	2.7	S	23.9	25.9	25.9	25.8	757.4	0.00	0.0	42	0.60	47	0.0	0.00	0.0	0.000	0.039	30.1	58	20.9	32.9	10.33	 .0707	0.00	234	1	100.0	10
13/11/14	7:00 a	24.0	24.0	23.9	95	23.1	1.3	S	0.80	3.1	SSE	24.0	26.1	26.1	26.1	757.5	0.00	0.0	48	0.69	65	0.0	0.00	0.0	0.000	0.039	30.1	58	20.9	32.9	10.33	 .0707	0.03	234	1	100.0	10
13/11/14	7:10 a	24.1	24.1	24.0	94	23.0	1.3	SSE	0.80	3.1	SSW	24.1	26.1	26.1	26.0	757.6	0.00	0.0	44	0.63	56	0.0	0.00	0.0	0.000	0.040	30.1	58	20.9	32.9	10.33	 .0707	0.00	235	1	100.0	10
13/11/14	7:20 a	24.1	24.1	24.1	94	23.1	1.3	S	0.80	3.6	SSW	24.1	26.2	26.2	26.1	757.7	0.00	0.0	43	0.62	51	0.0	0.00	0.0	0.000	0.040	30.2	58	21.0	33.0	10.32	 .0707	0.00	234	1	100.0	10
13/11/14	7:30 a	24.2	24.2	24.1	94	23.2	1.3	S	0.80	3.1	S	24.2	26.3	26.3	27.6	757.8	0.00	0.0	67	0.96	79	0.0	0.00	0.0	0.000	0.041	30.1	58	20.9	32.9	10.33	 .0707	0.00	234	1	100.0	10
13/11/14	7:40 a	24.3	24.3	24.2	93	23.1	1.3	S	0.80	3.1	SSW	24.3	26.4	26.4	27.3	757.9	0.00	0.0	52	0.75	60	0.0	0.00	0.0	0.000	0.042	30.2	58	21.0	33.0	10.32	 .0707	0.00	234	1	100.0	10
13/11/14	7:50 a	24.3	24.3	24.3	94	23.3	1.3	S	0.80	2.7	SSE	24.3	26.4	26.4	27.3	758.1	0.00	0.0	54	0.77	60	0.0	0.00	0.0	0.000	0.042	30.2	58	21.0	33.0	10.32	 .0707	0.00	234	1	100.0	10
13/11/14	8:00 a	24.3	24.3	24.3	94	23.2	0.9	SSE	0.54	2.7	S	24.3	26.4	26.4	27.0	758.1	0.00	0.0	48	0.69	62	0.0	0.00	0.0	0.000	0.041	30.2	58	21.0	33.0	10.32	 .0707	0.03	234	1	100.0	10
13/11/14	8:10 a	24.3	24.3	24.3	94	23.2	1.3	S	0.80	3.1	S	24.3	26.4	26.4	27.2	758.1	0.00	0.0	56	0.80	79	0.0	0.00	0.0	0.000	0.041	30.2	58	21.0	33.0	10.32	 .0707	0.00	234	1	100.0	10
13/11/14	8:20 a	24.3	24.3	24.3	94	23.3	1.3	SSE	0.80	3.6	SW	24.3	26.4	26.4	27.4	758.2	0.00	0.0	68	0.97	97	0.0	0.00	0.0	0.000	0.042	30.2	58	21.0	33.0	10.32	 .0707	0.00	235	1	100.0	10
13/11/14	8:30 a	24.4	24.4	24.3	94	23.4	1.8	S	1.07	3.6	S	24.4	26.6	26.6	27.7	758.1	0.00	0.0	81	1.16	111	0.0	0.00	0.0	0.000	0.042	30.2	58	21.0	33.0	10.32	 .0707	0.00	234	1	100.0	10
13/11/14	8:40 a	24.5	24.5	24.3	94	23.5	0.9	S	0.54	3.1	SSW	24.5	26.7	26.7	29.3	758.2	0.00	0.0	163	2.34	197	0.5	0.04	0.6	0.000	0.043	30.2	58	21.0	33.0	10.32	 .0707	0.00	234	1	100.0	10
13/11/14	8:50 a	24.7	24.7	24.5	94	23.6	1.8	SSE	1.07	4.9	SSE	24.7	26.9	26.9	30.6	758.3	0.00	0.0	226	3.24	258	0.7	0.05	0.7	0.000	0.044	30.2	58	21.0	33.0	10.32	 .0707	0.00	234	1	100.0	10
13/11/14	9:00 a	24.8	24.8	24.7	93	23.6	1.3	S	0.80	3.6	SSW	24.8	27.1	27.1	29.6	758.4	0.00	0.0	166	2.38	244	0.6	0.04	0.7	0.000	0.045	30.2	58	21.0	33.1	10.32	 .0707	0.08	234	1	100.0	10
13/11/14	9:10 a	24.9	24.9	24.8	92	23.5	1.3	SSE	0.80	4.0	SSW	24.9	27.2	27.2	30.2	758.4	0.00	0.0	203	2.91	229	0.7	0.05	0.7	0.000	0.046	30.3	58	21.1	33.3	10.32	 .0707	0.00	234	1	100.0	10
13/11/14	9:20 a	25.0	25.0	24.9	91	23.4	1.8	S	1.07	4.9	SW	25.0	27.3	27.3	30.3	758.4	0.00	0.0	211	3.02	243	0.7	0.05	0.7	0.000	0.046	30.5	58	21.3	33.7	10.31	 .0706	0.00	235	1	100.0	10
13/11/14	9:30 a	25.1	25.1	25.0	90	23.3	1.8	SW	1.07	4.9	WSW	25.1	27.3	27.3	30.0	758.5	0.00	0.0	199	2.85	230	0.7	0.05	0.8	0.000	0.047	30.6	58	21.4	33.9	10.31	 .0706	0.00	234	1	100.0	10
13/11/14	9:40 a	25.1	25.2	25.1	90	23.4	1.8	SW	1.07	3.6	WSW	25.1	27.4	27.4	29.5	758.4	0.00	0.0	162	2.32	181	0.7	0.05	0.7	0.000	0.047	30.7	58	21.5	34.1	10.30	 .0706	0.00	234	1	100.0	10
13/11/14	9:50 a	25.3	25.3	25.2	91	23.7	0.9	S	0.54	4.0	SW	25.3	27.8	27.8	29.6	758.4	0.00	0.0	149	2.14	167	0.7	0.05	0.7	0.000	0.048	30.8	58	21.6	34.1	10.30	 .0705	0.00	234	1	100.0	10
13/11/14	10:00 a	25.3	25.3	25.2	91	23.7	1.3	S	0.80	3.1	S	25.3	27.8	27.8	29.3	758.3	0.00	0.0	132	1.89	142	0.6	0.04	0.7	0.000	0.048	30.8	58	21.6	34.2	10.30	 .0705	0.13	234	1	100.0	10
13/11/14	10:10 a	25.3	25.3	25.3	91	23.8	1.3	SW	0.80	3.1	SW	25.3	27.9	27.9	29.7	758.3	0.00	0.0	155	2.22	185	0.7	0.05	0.7	0.000	0.049	30.9	58	21.7	34.3	10.30	 .0705	0.00	234	1	100.0	10
13/11/14	10:20 a	25.3	25.4	25.3	91	23.8	1.8	S	1.07	3.6	S	25.3	27.9	27.9	29.1	758.2	0.00	0.0	116	1.66	134	0.6	0.04	0.6	0.000	0.049	30.9	58	21.7	34.3	10.30	 .0705	0.00	234	1	100.0	10
13/11/14	10:30 a	25.3	25.4	25.3	91	23.8	1.8	SW	1.07	4.9	SW	25.3	27.9	27.9	29.3	758.1	0.00	0.0	139	1.99	162	0.7	0.05	0.7	0.000	0.049	31.0	58	21.8	34.4	10.29	 .0704	0.00	235	1	100.0	10
13/11/14	10:40 a	25.3	25.4	25.3	91	23.8	1.3	SSW	0.80	3.6	S	25.3	27.9	27.9	29.2	757.9	0.00	0.0	130	1.86	151	0.7	0.05	0.7	0.000	0.049	31.1	58	21.8	34.5	10.29	 .0704	0.00	234	1	100.0	10
13/11/14	10:50 a	25.3	25.4	25.3	92	23.9	1.3	S	0.80	3.6	SW	25.3	27.8	27.8	29.8	757.7	0.00	0.0	181	2.59	207	0.8	0.06	0.8	0.000	0.048	31.1	58	21.8	34.5	10.29	 .0704	0.00	234	1	100.0	10
13/11/14	11:00 a	25.3	25.3	25.2	92	23.9	1.3	S	0.80	3.6	SW	25.3	27.8	27.8	30.0	757.5	0.00	0.0	195	2.80	239	0.8	0.06	0.9	0.000	0.048	31.1	58	21.9	34.6	10.29	 .0703	0.10	234	1	100.0	10
13/11/14	11:10 a	25.4	25.4	25.3	92	24.0	1.8	SSW	1.07	3.6	SSW	25.4	28.2	28.2	31.1	757.2	0.00	0.0	250	3.58	288	0.9	0.06	1.0	0.000	0.049	31.1	58	21.8	34.5	10.29	 .0703	0.00	234	1	100.0	10
13/11/14	11:20 a	25.6	25.6	25.4	91	24.0	1.3	SW	0.80	4.0	SW	25.6	28.4	28.4	31.2	757.2	0.00	0.0	242	3.47	274	0.9	0.06	1.0	0.000	0.051	31.0	58	21.8	34.4	10.29	 .0704	0.00	234	1	100.0	10
13/11/14	11:30 a	25.8	25.8	25.6	90	24.1	1.3	SSW	0.80	3.6	S	25.8	28.8	28.8	31.7	757.0	0.00	0.0	246	3.53	313	1.0	0.07	1.0	0.000	0.052	30.9	58	21.7	34.3	10.30	 .0704	0.00	235	1	100.0	10
13/11/14	11:40 a	25.8	25.9	25.8	90	24.1	1.8	S	1.07	4.5	S	25.8	28.8	28.8	30.7	756.8	0.00	0.0	180	2.58	234	0.8	0.06	0.9	0.000	0.052	30.8	58	21.6	34.2	10.30	 .0704	0.00	234	1	100.0	10
13/11/14	11:50 a	26.0	26.1	25.8	89	24.0	1.3	SW	0.80	3.6	SW	26.0	28.9	28.9	31.6	756.7	0.00	0.0	228	3.27	267	1.0	0.07	1.0	0.000	0.053	30.8	58	21.6	34.1	10.30	 .0704	0.00	234	1	100.0	10
13/11/14	12:00 p	26.2	26.2	26.1	89	24.2	0.9	SSE	0.54	2.7	SW	26.2	29.3	29.3	31.3	756.5	0.00	0.0	184	2.64	206	0.9	0.06	0.9	0.000	0.054	30.7	58	21.5	34.1	10.30	 .0704	0.15	234	1	100.0	10
13/11/14	12:10 p	26.2	26.2	26.2	89	24.2	0.9	SSE	0.54	2.7	S	26.2	29.3	29.3	31.0	756.5	0.00	0.0	163	2.34	200	0.8	0.06	0.9	0.000	0.054	30.7	58	21.5	33.9	10.31	 .0704	0.00	234	1	100.0	10
13/11/14	12:20 p	26.2	26.2	26.1	90	24.4	0.9	S	0.54	2.7	SW	26.2	29.4	29.4	30.5	756.5	0.00	0.0	120	1.72	183	0.7	0.05	0.8	0.000	0.054	30.7	58	21.5	33.9	10.31	 .0704	0.00	234	1	100.0	10
13/11/14	12:30 p	26.2	26.2	26.1	90	24.5	0.9	SSW	0.54	2.7	SW	26.2	29.5	29.5	30.9	756.4	0.00	0.0	140	2.01	195	0.7	0.05	0.8	0.000	0.055	30.6	59	21.7	34.1	10.51	 .0704	0.00	234	1	100.0	10
13/11/14	12:40 p	26.3	26.3	26.2	89	24.3	1.3	S	0.80	3.6	SW	26.3	29.5	29.5	30.4	756.3	0.00	0.0	101	1.45	118	0.7	0.05	0.7	0.000	0.055	30.6	59	21.6	34.0	10.51	 .0704	0.00	235	1	100.0	10
13/11/14	12:50 p	26.3	26.3	26.2	89	24.3	1.3	SSW	0.80	3.1	SSE	26.3	29.5	29.5	30.7	756.2	0.00	0.0	129	1.85	227	0.7	0.05	0.8	0.000	0.055	30.6	59	21.6	34.0	10.51	 .0704	0.00	234	1	100.0	10
13/11/14	1:00 p	26.4	26.4	26.3	89	24.5	0.9	S	0.54	2.7	SSW	26.4	29.8	29.8	32.3	756.0	0.00	0.0	217	3.11	248	0.8	0.06	0.8	0.000	0.056	30.6	59	21.6	34.0	10.51	 .0704	0.10	234	1	100.0	10
13/11/14	1:10 p	26.6	26.6	26.4	88	24.5	1.8	SSW	1.07	3.6	SW	26.6	30.1	30.1	32.4	756.0	0.00	0.0	213	3.05	243	0.8	0.06	0.8	0.000	0.057	30.6	59	21.6	34.0	10.51	 .0704	0.00	234	1	100.0	10
13/11/14	1:20 p	26.7	26.7	26.7	88	24.5	1.3	S	0.80	3.6	SSW	26.7	30.2	30.2	31.9	755.9	0.00	0.0	164	2.35	190	0.7	0.05	0.8	0.000	0.058	30.7	59	21.7	34.2	10.51	 .0703	0.00	234	1	100.0	10
13/11/14	1:30 p	26.7	26.7	26.7	87	24.3	1.8	SSW	1.07	4.9	SSE	26.7	30.1	30.1	31.2	755.8	0.00	0.0	122	1.75	165	0.7	0.05	0.7	0.000	0.058	30.8	59	21.9	34.4	10.50	 .0702	0.00	234	1	100.0	10
13/11/14	1:40 p	26.8	26.8	26.7	86	24.2	1.8	SW	1.07	4.5	SW	26.8	30.2	30.2	33.6	755.6	0.00	0.0	292	4.19	323	0.9	0.06	0.9	0.000	0.059	31.0	59	22.0	34.6	10.49	 .0702	0.00	234	1	100.0	10
13/11/14	1:50 p	27.1	27.1	26.8	85	24.4	1.8	SW	1.07	4.5	SW	27.1	30.8	30.8	34.4	755.6	0.00	0.0	316	4.53	325	1.0	0.07	1.0	0.000	0.061	31.2	59	22.2	34.9	10.49	 .0701	0.00	235	1	100.0	10
13/11/14	2:00 p	27.2	27.2	27.1	85	24.4	1.8	SW	1.07	4.9	SW	27.2	30.9	30.9	34.2	755.6	0.00	0.0	277	3.97	306	0.9	0.06	1.0	0.000	0.061	31.2	59	22.3	35.0	10.49	 .0701	0.15	234	1	100.0	10
13/11/14	2:10 p	27.2	27.2	27.2	84	24.2	2.2	SSW	1.34	4.9	SW	27.2	30.7	30.7	33.7	755.7	0.00	0.0	247	3.54	274	0.9	0.06	0.9	0.000	0.061	31.3	59	22.3	35.2	10.48	 .0701	0.00	234	1	100.0	10
13/11/14	2:20 p	27.2	27.2	27.1	84	24.2	2.7	SW	1.61	4.5	SW	27.2	30.7	30.7	33.4	755.5	0.00	0.0	230	3.30	248	0.9	0.06	0.9	0.000	0.061	31.3	59	22.4	35.3	10.48	 .0701	0.00	234	1	100.0	10
13/11/14	2:30 p	27.2	27.3	27.2	85	24.5	2.2	SW	1.34	4.9	SW	27.2	31.0	31.0	34.2	755.5	0.00	0.0	261	3.74	267	0.9	0.06	0.9	0.000	0.062	31.4	59	22.5	35.6	10.48	 .0700	0.00	234	1	100.0	10
13/11/14	2:40 p	27.3	27.3	27.2	84	24.4	1.8	SSW	1.07	4.5	SW	27.3	31.2	31.2	34.2	755.7	0.00	0.0	244	3.50	283	0.9	0.06	0.9	0.000	0.062	31.5	58	22.2	35.4	10.28	 .0700	0.00	234	1	100.0	10
13/11/14	2:50 p	27.3	27.3	27.3	84	24.4	1.8	SW	1.07	3.6	SSW	27.3	31.2	31.2	34.1	755.5	0.00	0.0	232	3.33	248	0.8	0.06	0.8	0.000	0.062	31.6	58	22.3	35.6	10.27	 .0700	0.00	235	1	100.0	10
13/11/14	3:00 p	27.3	27.3	27.3	84	24.3	2.7	SW	1.61	4.5	WSW	27.3	31.0	31.0	33.5	755.5	0.00	0.0	199	2.85	236	0.8	0.06	0.8	0.000	0.062	31.6	58	22.3	35.6	10.27	 .0700	0.18	234	1	100.0	10
13/11/14	3:10 p	27.2	27.3	27.2	86	24.7	2.2	SSW	1.34	4.9	WSW	27.2	31.2	31.2	33.9	755.4	0.00	0.0	209	3.00	234	0.7	0.05	0.8	0.000	0.062	31.5	58	22.2	35.4	10.28	 .0700	0.00	234	1	100.0	10
13/11/14	3:20 p	27.0	27.2	27.0	87	24.6	1.8	SW	1.07	4.9	SSW	27.0	30.8	30.8	32.3	755.6	0.00	0.0	127	1.82	197	0.7	0.05	0.7	0.000	0.060	31.5	58	22.2	35.4	10.28	 .0700	0.00	234	1	100.0	10
13/11/14	3:30 p	26.8	27.0	26.8	88	24.6	1.3	S	0.80	3.6	S	26.8	30.4	30.4	31.6	755.6	0.00	0.0	100	1.43	105	0.6	0.04	0.6	0.000	0.059	31.5	58	22.2	35.4	10.28	 .0700	0.00	234	1	100.0	10
13/11/14	3:40 p	26.7	26.7	26.7	89	24.7	0.9	SW	0.54	2.2	S	26.7	30.3	30.3	31.2	755.6	0.00	0.0	81	1.16	86	0.6	0.04	0.6	0.000	0.058	31.4	59	22.5	35.6	10.48	 .0700	0.00	234	1	100.0	10
13/11/14	3:50 p	26.6	26.7	26.6	88	24.4	1.8	SW	1.07	3.6	WSW	26.6	29.9	29.9	30.3	755.7	0.00	0.0	48	0.69	65	0.1	0.01	0.5	0.000	0.057	31.3	59	22.4	35.3	10.48	 .0701	0.00	235	1	100.0	10
13/11/14	4:00 p	26.4	26.6	26.4	89	24.5	2.2	SW	1.34	4.5	WSW	26.4	29.8	29.8	29.7	755.9	0.00	0.0	18	0.26	28	0.0	0.00	0.0	0.000	0.056	31.3	59	22.3	35.2	10.48	 .0701	0.08	234	1	100.0	10
13/11/14	4:10 p	26.3	26.4	26.3	90	24.5	1.3	WSW	0.80	3.1	SSW	26.3	29.6	29.6	29.3	755.9	0.25	0.0	11	0.16	14	0.0	0.00	0.0	0.000	0.055	31.2	59	22.3	35.0	10.49	 .0701	0.00	234	1	100.0	10
13/11/14	4:20 p	25.9	26.3	25.9	91	24.3	1.3	SSW	0.80	3.6	SW	25.9	28.9	28.9	28.4	756.0	1.52	50.3	1	0.01	5	0.0	0.00	0.0	0.000	0.052	31.2	59	22.3	35.0	10.49	 .0701	0.00	234	1	100.0	10
13/11/14	4:30 p	25.6	25.9	25.6	93	24.4	1.8	NNW	1.07	2.7	N	25.6	28.6	28.6	28.1	756.2	0.25	3.0	3	0.04	11	0.0	0.00	0.0	0.000	0.051	31.2	59	22.3	35.0	10.49	 .0702	0.00	234	1	100.0	10
13/11/14	4:40 p	25.7	25.7	25.6	93	24.4	0.9	NNW	0.54	2.7	SSW	25.7	28.7	28.7	28.4	756.2	0.00	1.0	12	0.17	12	0.0	0.00	0.0	0.000	0.051	31.2	59	22.2	34.9	10.49	 .0702	0.00	234	1	100.0	10
13/11/14	4:50 p	25.6	25.7	25.6	93	24.3	1.8	SW	1.07	4.0	SSW	25.6	28.4	28.4	28.1	756.5	0.00	0.0	7	0.10	11	0.0	0.00	0.0	0.000	0.050	31.1	59	22.2	34.7	10.49	 .0702	0.00	234	1	100.0	10
13/11/14	5:00 p	25.6	25.6	25.6	92	24.2	2.2	SW	1.34	4.5	SW	25.6	28.3	28.3	27.8	756.6	0.00	0.0	0	0.00	0	0.0	0.00	0.0	0.000	0.050	31.1	59	22.2	34.7	10.49	 .0702	0.03	235	1	100.0	10
13/11/14	5:10 p	25.6	25.6	25.6	93	24.3	1.8	SW	1.07	4.0	SW	25.6	28.4	28.4	27.9	756.6	0.00	0.0	0	0.00	0	0.0	0.00	0.0	0.000	0.050	31.1	59	22.2	34.7	10.49	 .0702	0.00	234	1	100.0	10
13/11/14	5:20 p	25.4	25.6	25.4	93	24.2	1.3	SW	0.80	4.0	SSW	25.4	28.2	28.2	27.7	756.6	0.00	0.0	0	0.00	0	0.0	0.00	0.0	0.000	0.049	31.0	59	22.0	34.6	10.49	 .0703	0.00	234	1	100.0	10
13/11/14	5:30 p	25.3	25.4	25.3	93	24.1	2.2	WSW	1.34	4.5	WSW	25.3	27.9	27.9	27.4	756.7	0.00	0.0	0	0.00	0	0.0	0.00	0.0	0.000	0.048	30.8	60	22.1	34.5	10.65	 .0703	0.00	234	1	100.0	10
13/11/14	5:40 p	25.2	25.3	25.2	93	24.0	2.2	SW	1.34	4.5	SW	25.2	27.8	27.8	27.2	756.9	0.00	0.0	0	0.00	0	0.0	0.00	0.0	0.000	0.048	30.7	60	22.0	34.4	10.66	 .0704	0.00	234	1	100.0	10
13/11/14	5:50 p	25.1	25.2	25.1	93	23.9	2.2	SW	1.34	4.0	S	25.1	27.6	27.6	27.0	757.0	0.00	0.0	0	0.00	0	0.0	0.00	0.0	0.000	0.047	30.5	60	21.9	34.1	10.67	 .0704	0.00	234	1	100.0	10
13/11/14	6:00 p	25.0	25.1	25.0	94	24.0	1.8	SW	1.07	4.0	SW	25.0	27.4	27.4	26.8	757.0	0.00	0.0	0	0.00	0	0.0	0.00	0.0	0.000	0.046	30.4	60	21.8	34.0	10.68	 .0705	0.00	235	1	100.0	10
13/11/14	6:10 p	24.9	25.0	24.9	94	23.9	1.8	SW	1.07	3.6	SW	24.9	27.4	27.4	26.8	757.1	0.00	0.0	0	0.00	0	0.0	0.00	0.0	0.000	0.046	30.4	60	21.8	33.9	10.68	 .0705	0.00	234	1	100.0	10
13/11/14	6:20 p	24.9	24.9	24.9	95	24.1	1.8	SW	1.07	4.0	SW	24.9	27.4	27.4	26.8	757.3	0.00	0.0	0	0.00	0	0.0	0.00	0.0	0.000	0.046	30.3	60	21.7	33.8	10.69	 .0705	0.00	234	1	100.0	10
13/11/14	6:30 p	24.9	24.9	24.9	95	24.0	1.3	SW	0.80	4.0	SW	24.9	27.3	27.3	26.7	757.3	0.00	0.0	0	0.00	0	0.0	0.00	0.0	0.000	0.046	30.3	60	21.7	33.8	10.69	 .0705	0.00	234	1	100.0	10
13/11/14	6:40 p	24.9	24.9	24.9	95	24.0	1.3	SW	0.80	3.1	SW	24.9	27.3	27.3	26.7	757.5	0.00	0.0	0	0.00	0	0.0	0.00	0.0	0.000	0.046	30.4	60	21.8	33.9	10.68	 .0705	0.00	234	1	100.0	10
13/11/14	6:50 p	24.9	24.9	24.9	95	24.0	1.3	SW	0.80	3.6	SW	24.9	27.3	27.3	26.7	757.7	0.00	0.0	0	0.00	0	0.0	0.00	0.0	0.000	0.046	30.4	60	21.8	33.9	10.68	 .0705	0.00	234	1	100.0	10
13/11/14	7:00 p	24.9	24.9	24.8	95	24.0	1.3	SW	0.80	3.1	WSW	24.9	27.3	27.3	26.7	757.8	0.00	0.0	0	0.00	0	0.0	0.00	0.0	0.000	0.046	30.4	60	21.8	33.9	10.68	 .0706	0.00	234	1	100.0	10
13/11/14	7:10 p	24.8	24.9	24.8	95	24.0	0.4	SSW	0.27	2.2	SW	24.8	27.2	27.2	26.6	757.9	0.00	0.0	0	0.00	0	0.0	0.00	0.0	0.000	0.045	30.4	60	21.8	33.9	10.68	 .0706	0.00	235	1	100.0	10
13/11/14	7:20 p	24.9	24.9	24.8	95	24.0	0.9	SW	0.54	2.7	SW	24.9	27.3	27.3	26.7	758.1	0.00	0.0	0	0.00	0	0.0	0.00	0.0	0.000	0.046	30.4	60	21.8	33.9	10.68	 .0706	0.00	234	1	100.0	10
13/11/14	7:30 p	24.9	24.9	24.8	95	24.0	0.9	SW	0.54	2.7	SSW	24.9	27.3	27.3	26.7	758.3	0.00	0.0	0	0.00	0	0.0	0.00	0.0	0.000	0.046	30.4	60	21.8	33.9	10.68	 .0706	0.00	234	1	100.0	10
13/11/14	7:40 p	25.0	25.0	24.9	95	24.1	0.4	SW	0.27	1.8	SSW	25.0	27.5	27.5	26.9	758.3	0.00	0.0	0	0.00	0	0.0	0.00	0.0	0.000	0.046	30.3	60	21.7	33.8	10.69	 .0706	0.00	234	1	100.0	10
13/11/14	7:50 p	25.0	25.0	24.9	95	24.1	0.4	SSW	0.27	2.7	SSW	25.0	27.5	27.5	26.9	758.4	0.00	0.0	0	0.00	0	0.0	0.00	0.0	0.000	0.046	30.3	60	21.7	33.8	10.69	 .0706	0.00	234	1	100.0	10
13/11/14	8:00 p	25.1	25.1	25.0	95	24.2	1.3	SSW	0.80	3.1	SSW	25.1	27.6	27.6	27.0	758.4	0.00	0.0	0	0.00	0	0.0	0.00	0.0	0.000	0.047	30.3	60	21.7	33.8	10.69	 .0706	0.00	234	1	100.0	10
13/11/14	8:10 p	25.1	25.1	25.1	95	24.2	0.4	S	0.27	2.2	SSW	25.1	27.6	27.6	27.0	758.5	0.00	0.0	0	0.00	0	0.0	0.00	0.0	0.000	0.047	30.3	60	21.6	33.7	10.69	 .0707	0.00	234	1	100.0	10
13/11/14	8:20 p	25.1	25.1	25.1	95	24.2	0.4	SSW	0.27	2.2	S	25.1	27.6	27.6	27.0	758.6	0.00	0.0	0	0.00	0	0.0	0.00	0.0	0.000	0.047	30.3	60	21.6	33.7	10.69	 .0707	0.00	235	1	100.0	10
13/11/14	8:30 p	25.1	25.1	25.1	95	24.2	0.9	SSW	0.54	2.7	SSW	25.1	27.6	27.6	27.0	758.7	0.00	0.0	0	0.00	0	0.0	0.00	0.0	0.000	0.047	30.3	60	21.6	33.7	10.69	 .0707	0.00	234	1	100.0	10
13/11/14	8:40 p	25.0	25.1	25.0	95	24.1	0.9	SSW	0.54	3.1	WSW	25.0	27.5	27.5	26.9	758.9	0.00	0.0	0	0.00	0	0.0	0.00	0.0	0.000	0.046	30.2	60	21.6	33.5	10.69	 .0707	0.00	234	1	100.0	10
13/11/14	8:50 p	25.0	25.0	25.0	95	24.1	0.9	SW	0.54	3.6	SW	25.0	27.5	27.5	26.9	758.7	0.00	0.0	0	0.00	0	0.0	0.00	0.0	0.000	0.046	30.2	60	21.6	33.5	10.69	 .0707	0.00	234	1	100.0	10
13/11/14	9:00 p	24.9	25.0	24.9	95	24.1	0.9	SW	0.54	2.2	WSW	24.9	27.4	27.4	26.8	758.6	0.00	0.0	0	0.00	0	0.0	0.00	0.0	0.000	0.046	30.2	60	21.6	33.5	10.69	 .0707	0.00	234	1	100.0	10
13/11/14	9:10 p	24.9	24.9	24.9	95	24.1	0.4	SSW	0.27	2.7	SW	24.9	27.4	27.4	26.8	758.7	0.00	0.0	0	0.00	0	0.0	0.00	0.0	0.000	0.046	30.2	60	21.5	33.4	10.70	 .0707	0.00	234	1	100.0	10
13/11/14	9:20 p	24.9	24.9	24.9	95	24.1	0.0	SSW	0.00	0.9	SSW	24.9	27.4	27.4	26.8	758.8	0.00	0.0	0	0.00	0	0.0	0.00	0.0	0.000	0.046	30.2	60	21.5	33.4	10.70	 .0707	0.00	235	1	100.0	10
13/11/14	9:30 p	24.9	24.9	24.9	95	24.1	0.0	SSW	0.00	0.4	SSW	24.9	27.4	27.4	26.8	758.7	0.00	0.0	0	0.00	0	0.0	0.00	0.0	0.000	0.046	30.1	60	21.5	33.3	10.70	 .0707	0.00	234	1	100.0	10
13/11/14	9:40 p	24.4	24.9	24.4	93	23.2	1.8	NE	1.07	3.6	NE	24.4	26.6	26.6	25.9	758.6	0.00	0.0	0	0.00	0	0.0	0.00	0.0	0.000	0.042	30.1	60	21.5	33.3	10.70	 .0707	0.00	234	1	100.0	10
13/11/14	9:50 p	23.9	24.4	23.9	94	22.9	1.8	WNW	1.07	3.6	E	23.9	25.9	25.9	25.2	758.6	2.03	67.1	0	0.00	0	0.0	0.00	0.0	0.000	0.039	30.1	60	21.5	33.3	10.70	 .0707	0.00	234	1	100.0	10
13/11/14	10:00 p	23.6	23.9	23.6	94	22.6	1.8	NE	1.07	2.7	N	23.6	25.4	25.4	24.7	758.5	0.76	15.0	0	0.00	0	0.0	0.00	0.0	0.000	0.037	30.1	60	21.4	33.2	10.71	 .0707	0.00	234	1	100.0	10
13/11/14	10:10 p	23.4	23.6	23.4	94	22.4	1.3	N	0.80	4.0	N	23.4	25.1	25.1	24.4	758.4	0.25	2.5	0	0.00	0	0.0	0.00	0.0	0.000	0.035	30.0	60	21.4	33.1	10.71	 .0708	0.00	234	1	100.0	10
13/11/14	10:20 p	23.4	23.4	23.4	95	22.5	0.9	WNW	0.54	3.6	NW	23.4	25.1	25.1	24.4	758.3	2.54	36.8	0	0.00	0	0.0	0.00	0.0	0.000	0.035	29.9	60	21.3	32.9	10.71	 .0708	0.00	234	1	100.0	10
13/11/14	10:30 p	23.4	23.4	23.4	95	22.6	0.9	WNW	0.54	2.2	WNW	23.4	25.2	25.2	24.4	758.4	0.25	8.6	0	0.00	0	0.0	0.00	0.0	0.000	0.035	29.9	60	21.3	32.9	10.71	 .0708	0.00	235	1	100.0	10
13/11/14	10:40 p	23.5	23.6	23.4	96	22.8	1.8	WNW	1.07	3.6	WNW	23.5	25.3	25.3	24.7	758.3	0.76	4.8	0	0.00	0	0.0	0.00	0.0	0.000	0.036	29.9	60	21.3	32.8	10.72	 .0708	0.00	234	1	100.0	10
13/11/14	10:50 p	23.5	23.6	23.5	96	22.8	2.7	WNW	1.61	4.5	WNW	23.5	25.3	25.3	24.7	758.3	0.51	5.1	0	0.00	0	0.0	0.00	0.0	0.000	0.036	29.8	60	21.2	32.7	10.72	 .0708	0.00	234	1	100.0	10
13/11/14	11:00 p	23.6	23.6	23.5	96	22.9	0.9	W	0.54	2.2	WSW	23.6	25.4	25.4	24.8	758.2	0.25	5.1	0	0.00	0	0.0	0.00	0.0	0.000	0.036	29.8	60	21.2	32.6	10.73	 .0708	0.00	234	1	100.0	10
13/11/14	11:10 p	23.6	23.6	23.5	96	22.9	1.3	W	0.80	2.2	WNW	23.6	25.5	25.5	24.8	758.2	0.25	2.8	0	0.00	0	0.0	0.00	0.0	0.000	0.037	29.8	60	21.2	32.6	10.73	 .0708	0.00	234	1	100.0	10
13/11/14	11:20 p	23.7	23.7	23.6	96	23.0	0.0	W	0.00	0.9	W	23.7	25.6	25.6	24.9	758.1	0.51	1.8	0	0.00	0	0.0	0.00	0.0	0.000	0.037	29.8	60	21.2	32.6	10.73	 .0708	0.00	234	1	100.0	10
13/11/14	11:30 p	23.7	23.7	23.7	96	23.0	0.0	---	0.00	0.0	---	23.7	25.7	25.7	25.0	758.0	0.25	1.8	0	0.00	0	0.0	0.00	0.0	0.000	0.037	29.8	60	21.2	32.6	10.73	 .0708	0.00	234	1	100.0	10
13/11/14	11:40 p	23.8	23.8	23.7	96	23.1	0.0	---	0.00	0.0	---	23.8	25.8	25.8	25.1	757.9	0.51	3.3	0	0.00	0	0.0	0.00	0.0	0.000	0.038	29.7	60	21.1	32.4	10.73	 .0708	0.00	235	1	100.0	10
13/11/14	11:50 p	23.8	23.8	23.8	96	23.1	0.0	---	0.00	0.0	---	23.8	25.8	25.8	25.1	757.8	0.25	2.5	0	0.00	0	0.0	0.00	0.0	0.000	0.038	29.7	61	21.4	32.7	10.93	 .0708	0.00	234	1	100.0	10
14/11/14	12:00 a	23.8	23.8	23.8	96	23.2	0.0	W	0.00	0.9	W	23.8	25.9	25.9	25.2	757.7	0.25	2.3	0	0.00	0	0.0	0.00	0.0	0.000	0.038	29.7	61	21.4	32.7	10.93	 .0707	0.00	234	1	100.0	10
