		Temp	Hi	Low	Out	Dew	Wind	Wind	Wind	Hi	Hi	Wind	Heat	THW	THSW			Rain	Solar	Solar	Hi Solar	UV 	UV 	Hi 	Heat	Cool	In 	In	In 	In 	In 	In Air		Wind	Wind	ISS 	Arc.
Date	Time	Out	Temp	Temp	Hum	Pt.	Speed	Dir	Run	Speed	Dir	Chill	Index	Index	Index	Bar  	Rain	Rate	Rad.	Energy	Rad. 	Index	Dose	UV 	D-D 	D-D 	Temp	Hum	Dew	Heat	EMC	Density	ET 	Samp	Tx 	Recept	Int.
05/07/14	12:10 a	29.8	29.9	29.8	61	21.5	4.0	E	2.41	8.0	ENE	29.6	32.9	32.6	31.9	752.6	0.00	0.0	0	0.00	0	0.0	0.00	0.0	0.000	0.080	37.2	38	20.5	41.3	6.97	 .0687	0.00	234	1	100.0	10
05/07/14	12:20 a	29.8	29.8	29.8	61	21.4	3.6	E	2.15	6.3	E	29.7	32.8	32.7	31.9	752.4	0.00	0.0	0	0.00	0	0.0	0.00	0.0	0.000	0.079	37.2	38	20.5	41.3	6.97	 .0687	0.00	234	1	100.0	10
05/07/14	12:30 a	29.8	29.8	29.8	61	21.4	4.0	E	2.41	8.0	ESE	29.5	32.8	32.5	31.8	752.4	0.00	0.0	0	0.00	0	0.0	0.00	0.0	0.000	0.079	37.1	38	20.4	41.2	6.97	 .0687	0.00	234	1	100.0	10
05/07/14	12:40 a	29.8	29.8	29.8	61	21.4	3.6	E	2.15	6.7	ENE	29.7	32.8	32.7	31.9	752.3	0.00	0.0	0	0.00	0	0.0	0.00	0.0	0.000	0.079	37.1	38	20.4	41.1	6.98	 .0687	0.00	234	1	100.0	10
05/07/14	12:50 a	29.7	29.8	29.7	61	21.4	3.6	E	2.15	7.2	ESE	29.6	32.7	32.6	31.8	752.2	0.00	0.0	0	0.00	0	0.0	0.00	0.0	0.000	0.079	37.0	38	20.3	40.9	6.98	 .0687	0.00	234	1	100.0	10
05/07/14	1:00 a	29.7	29.7	29.7	61	21.3	3.1	E	1.88	6.7	ESE	29.7	32.6	32.6	31.8	752.1	0.00	0.0	0	0.00	0	0.0	0.00	0.0	0.000	0.079	37.0	38	20.3	40.9	6.98	 .0687	0.10	234	1	100.0	10
05/07/14	1:10 a	29.7	29.7	29.6	61	21.3	3.1	E	1.88	6.7	E	29.7	32.6	32.6	31.8	752.0	0.00	0.0	0	0.00	0	0.0	0.00	0.0	0.000	0.079	37.0	38	20.3	40.9	6.98	 .0687	0.00	235	1	100.0	10
05/07/14	1:20 a	29.6	29.6	29.6	61	21.2	4.0	ESE	2.41	8.5	ESE	29.2	32.3	32.0	31.3	752.0	0.00	0.0	0	0.00	0	0.0	0.00	0.0	0.000	0.078	37.0	38	20.3	40.9	6.98	 .0687	0.00	234	1	100.0	10
05/07/14	1:30 a	29.4	29.6	29.4	62	21.4	4.0	E	2.41	7.2	SSE	29.1	32.3	31.9	31.2	751.8	0.00	0.0	0	0.00	0	0.0	0.00	0.0	0.000	0.077	36.9	38	20.3	40.8	6.98	 .0687	0.00	234	1	100.0	10
05/07/14	1:40 a	29.4	29.5	29.4	62	21.4	4.0	E	2.41	8.0	ESE	29.1	32.3	31.9	31.2	751.8	0.00	0.0	0	0.00	0	0.0	0.00	0.0	0.000	0.077	36.9	38	20.2	40.7	6.98	 .0687	0.00	234	1	100.0	10
05/07/14	1:50 a	29.4	29.4	29.4	62	21.3	4.5	E	2.68	8.5	E	28.9	32.2	31.7	31.0	751.6	0.00	0.0	0	0.00	0	0.0	0.00	0.0	0.000	0.077	36.8	38	20.2	40.6	6.98	 .0687	0.00	234	1	100.0	10
05/07/14	2:00 a	29.4	29.4	29.4	62	21.3	4.0	E	2.41	8.0	ESE	29.1	32.2	31.8	31.1	751.5	0.00	0.0	0	0.00	0	0.0	0.00	0.0	0.000	0.077	36.8	38	20.2	40.6	6.98	 .0687	0.10	234	1	100.0	10
05/07/14	2:10 a	29.3	29.4	29.3	62	21.3	4.5	E	2.68	8.9	E	28.8	32.1	31.6	30.9	751.5	0.00	0.0	0	0.00	0	0.0	0.00	0.0	0.000	0.076	36.8	38	20.2	40.6	6.98	 .0687	0.00	234	1	100.0	10
05/07/14	2:20 a	29.3	29.3	29.3	62	21.2	4.5	ESE	2.68	8.9	E	28.7	31.9	31.4	30.7	751.4	0.00	0.0	0	0.00	0	0.0	0.00	0.0	0.000	0.076	36.8	38	20.1	40.5	6.99	 .0687	0.00	235	1	100.0	10
05/07/14	2:30 a	29.2	29.3	29.2	62	21.2	4.0	E	2.41	8.5	ESE	28.9	31.9	31.6	30.8	751.3	0.00	0.0	0	0.00	0	0.0	0.00	0.0	0.000	0.076	36.8	38	20.1	40.5	6.99	 .0687	0.00	234	1	100.0	10
05/07/14	2:40 a	29.2	29.3	29.2	63	21.4	4.0	E	2.41	8.9	ESE	28.8	31.9	31.6	30.9	751.2	0.00	0.0	0	0.00	0	0.0	0.00	0.0	0.000	0.075	36.8	38	20.1	40.5	6.99	 .0687	0.00	234	1	100.0	10
05/07/14	2:50 a	29.1	29.2	29.1	63	21.3	3.1	ESE	1.88	7.2	ESE	29.1	31.8	31.8	31.1	751.2	0.00	0.0	0	0.00	0	0.0	0.00	0.0	0.000	0.075	36.8	38	20.1	40.5	6.99	 .0687	0.00	234	1	100.0	10
05/07/14	3:00 a	29.1	29.1	29.1	63	21.3	3.6	ESE	2.15	8.5	E	28.9	31.7	31.6	30.8	751.1	0.00	0.0	0	0.00	0	0.0	0.00	0.0	0.000	0.074	36.7	38	20.1	40.4	6.99	 .0687	0.10	234	1	100.0	10
05/07/14	3:10 a	28.9	29.1	28.9	63	21.2	3.6	ESE	2.15	8.9	ESE	28.8	31.6	31.4	30.7	751.2	0.00	0.0	0	0.00	0	0.0	0.00	0.0	0.000	0.074	36.7	38	20.1	40.4	6.99	 .0687	0.00	234	1	100.0	10
05/07/14	3:20 a	28.8	28.9	28.8	64	21.3	4.0	E	2.41	8.0	E	28.4	31.5	31.1	30.4	751.1	0.00	0.0	0	0.00	0	0.0	0.00	0.0	0.000	0.073	36.7	38	20.0	40.3	6.99	 .0687	0.00	234	1	100.0	10
05/07/14	3:30 a	28.8	28.8	28.8	64	21.3	4.5	E	2.68	9.8	E	28.2	31.4	30.8	30.1	751.2	0.00	0.0	0	0.00	0	0.0	0.00	0.0	0.000	0.073	36.7	38	20.0	40.3	6.99	 .0687	0.00	235	1	100.0	10
05/07/14	3:40 a	28.7	28.8	28.7	65	21.4	4.9	E	2.95	11.2	E	27.9	31.3	30.5	29.8	751.1	0.00	0.0	0	0.00	0	0.0	0.00	0.0	0.000	0.072	36.6	38	20.0	40.2	6.99	 .0687	0.00	234	1	100.0	10
05/07/14	3:50 a	28.6	28.7	28.6	65	21.3	4.9	E	2.95	10.3	E	27.8	31.0	30.2	29.6	751.1	0.00	0.0	0	0.00	0	0.0	0.00	0.0	0.000	0.071	36.6	38	19.9	40.1	6.99	 .0687	0.00	234	1	100.0	10
05/07/14	4:00 a	28.4	28.6	28.4	66	21.5	4.5	E	2.68	8.9	ESE	27.8	30.9	30.3	29.6	751.2	0.00	0.0	0	0.00	0	0.0	0.00	0.0	0.000	0.070	36.5	38	19.9	39.9	7.00	 .0687	0.10	234	1	100.0	10
05/07/14	4:10 a	28.4	28.4	28.4	66	21.5	4.5	E	2.68	8.5	SSE	27.8	30.9	30.3	29.6	751.2	0.00	0.0	0	0.00	0	0.0	0.00	0.0	0.000	0.070	36.4	39	20.3	40.3	7.10	 .0687	0.00	234	1	100.0	10
05/07/14	4:20 a	28.4	28.4	28.4	66	21.4	4.9	E	2.95	9.4	ESE	27.6	30.8	29.9	29.3	751.3	0.00	0.0	0	0.00	0	0.0	0.00	0.0	0.000	0.070	36.4	39	20.2	40.2	7.10	 .0687	0.00	234	1	100.0	10
05/07/14	4:30 a	28.3	28.4	28.3	66	21.4	4.5	E	2.68	8.9	SE	27.7	30.7	30.0	29.3	751.4	0.00	0.0	0	0.00	0	0.0	0.00	0.0	0.000	0.069	36.4	39	20.2	40.2	7.10	 .0688	0.00	235	1	100.0	10
05/07/14	4:40 a	28.3	28.3	28.3	67	21.6	4.0	E	2.41	8.0	ESE	27.8	30.7	30.3	29.6	751.3	0.00	0.0	0	0.00	0	0.0	0.00	0.0	0.000	0.069	36.3	39	20.2	40.1	7.10	 .0688	0.00	234	1	100.0	10
05/07/14	4:50 a	28.2	28.3	28.2	67	21.5	4.5	E	2.68	8.5	E	27.4	30.5	29.8	29.1	751.4	0.00	0.0	0	0.00	0	0.0	0.00	0.0	0.000	0.068	36.3	39	20.1	39.9	7.10	 .0688	0.00	234	1	100.0	10
05/07/14	5:00 a	28.1	28.2	28.1	68	21.6	3.1	E	1.88	8.0	ESE	28.1	30.6	30.6	29.8	751.6	0.00	0.0	0	0.00	0	0.0	0.00	0.0	0.000	0.068	36.3	39	20.1	39.9	7.10	 .0688	0.10	234	1	100.0	10
05/07/14	5:10 a	28.1	28.1	28.1	68	21.6	4.0	E	2.41	8.5	ESE	27.6	30.4	30.0	29.3	751.6	0.00	0.0	0	0.00	0	0.0	0.00	0.0	0.000	0.068	36.3	39	20.1	39.9	7.10	 .0688	0.00	234	1	100.0	10
05/07/14	5:20 a	27.9	28.1	27.9	68	21.5	3.6	E	2.15	7.2	ESE	27.8	30.2	30.1	29.3	751.7	0.00	0.0	0	0.00	0	0.0	0.00	0.0	0.000	0.067	36.3	39	20.1	39.9	7.10	 .0688	0.00	234	1	100.0	10
05/07/14	5:30 a	27.9	27.9	27.9	68	21.5	4.9	ESE	2.95	8.9	ENE	27.1	30.2	29.3	28.7	751.7	0.00	0.0	0	0.00	0	0.0	0.00	0.0	0.000	0.067	36.2	39	20.1	39.8	7.11	 .0688	0.00	234	1	100.0	10
05/07/14	5:40 a	27.9	27.9	27.9	68	21.4	4.0	E	2.41	9.4	ESE	27.4	30.1	29.6	28.9	751.7	0.00	0.0	0	0.00	0	0.0	0.00	0.0	0.000	0.066	36.2	39	20.0	39.7	7.11	 .0689	0.00	235	1	100.0	10
05/07/14	5:50 a	27.9	27.9	27.9	69	21.7	4.9	E	2.95	8.9	ESE	26.9	30.3	29.3	28.7	751.8	0.00	0.0	0	0.00	0	0.0	0.00	0.0	0.000	0.066	36.1	39	20.0	39.6	7.11	 .0689	0.00	234	1	100.0	10
05/07/14	6:00 a	27.8	27.9	27.8	69	21.6	4.0	E	2.41	8.9	SE	27.3	30.2	29.7	28.9	751.9	0.00	0.0	0	0.00	0	0.0	0.00	0.0	0.000	0.066	36.1	39	19.9	39.5	7.11	 .0689	0.08	234	1	100.0	10
05/07/14	6:10 a	27.8	27.8	27.8	69	21.6	3.6	E	2.15	8.0	ESE	27.6	30.1	29.9	29.2	751.9	0.00	0.0	4	0.06	9	0.0	0.00	0.0	0.000	0.066	36.1	39	19.9	39.5	7.11	 .0689	0.00	234	1	100.0	10
05/07/14	6:20 a	27.8	27.8	27.8	69	21.6	3.6	E	2.15	6.7	E	27.6	30.1	29.9	29.4	752.0	0.00	0.0	13	0.19	18	0.0	0.00	0.0	0.000	0.066	36.0	39	19.9	39.4	7.11	 .0689	0.00	234	1	100.0	10
05/07/14	6:30 a	27.8	27.8	27.8	69	21.6	4.5	E	2.68	8.0	E	27.0	30.1	29.3	28.9	752.1	0.00	0.0	24	0.34	32	0.0	0.00	0.0	0.000	0.066	36.0	39	19.9	39.4	7.11	 .0689	0.00	234	1	100.0	10
05/07/14	6:40 a	27.8	27.8	27.8	69	21.6	3.6	E	2.15	6.7	ESE	27.7	30.2	30.0	29.8	752.3	0.00	0.0	44	0.63	53	0.0	0.00	0.0	0.000	0.066	35.9	39	19.8	39.3	7.12	 .0690	0.00	235	1	100.0	10
05/07/14	6:50 a	27.9	27.9	27.8	69	21.7	3.6	E	2.15	7.2	E	27.7	30.3	30.1	30.3	752.3	0.00	0.0	69	0.99	81	0.0	0.00	0.0	0.000	0.066	35.9	39	19.8	39.3	7.12	 .0690	0.00	234	1	100.0	10
05/07/14	7:00 a	28.0	28.1	27.9	69	21.8	3.6	E	2.15	8.0	E	27.8	30.5	30.3	30.8	752.5	0.00	0.0	92	1.32	104	0.5	0.04	0.6	0.000	0.067	35.9	39	19.8	39.3	7.12	 .0690	0.10	234	1	100.0	10
05/07/14	7:10 a	28.2	28.2	28.0	69	22.0	3.1	E	1.88	6.3	ESE	28.2	30.9	30.9	32.2	752.5	0.00	0.0	145	2.08	179	0.7	0.05	0.8	0.000	0.069	35.9	39	19.8	39.3	7.12	 .0690	0.00	234	1	100.0	10
05/07/14	7:20 a	28.3	28.3	28.2	68	21.9	3.6	E	2.15	8.5	ESE	28.2	31.0	30.8	32.7	752.6	0.00	0.0	200	2.87	225	0.9	0.06	1.0	0.000	0.069	35.9	39	19.8	39.3	7.12	 .0690	0.00	234	1	100.0	10
05/07/14	7:30 a	28.4	28.4	28.3	68	22.0	3.6	E	2.15	8.5	E	28.3	31.3	31.1	33.5	752.8	0.00	0.0	242	3.47	257	1.1	0.08	1.2	0.000	0.070	35.9	39	19.8	39.3	7.12	 .0690	0.00	234	1	100.0	10
05/07/14	7:40 a	28.7	28.7	28.5	67	21.9	3.6	ESE	2.15	8.5	SSE	28.5	31.6	31.4	34.3	752.9	0.00	0.0	278	3.99	301	1.3	0.09	1.4	0.000	0.072	35.9	39	19.8	39.3	7.12	 .0690	0.00	234	1	100.0	10
05/07/14	7:50 a	29.0	29.0	28.7	66	22.0	3.1	ESE	1.88	6.7	E	29.0	32.2	32.2	38.7	753.0	0.00	0.0	308	4.42	330	1.5	0.11	1.6	0.000	0.074	36.0	39	19.9	39.4	7.11	 .0690	0.00	235	1	100.0	10
05/07/14	8:00 a	29.1	29.2	29.0	65	21.9	3.6	E	2.15	9.8	E	28.9	32.2	32.1	38.4	753.1	0.00	0.0	329	4.72	376	1.7	0.12	1.9	0.000	0.075	36.0	40	20.3	39.8	7.25	 .0690	0.23	234	1	100.0	10
05/07/14	8:10 a	29.4	29.4	29.1	64	21.9	3.1	E	1.88	8.5	ESE	29.4	32.7	32.7	40.2	753.3	0.00	0.0	388	5.56	406	2.1	0.15	2.2	0.000	0.077	36.0	40	20.3	39.8	7.25	 .0690	0.00	234	1	100.0	10
05/07/14	8:20 a	29.7	29.7	29.4	63	21.9	4.0	E	2.41	8.5	ESE	29.3	32.9	32.6	39.8	753.3	0.00	0.0	419	6.01	441	2.4	0.17	2.5	0.000	0.079	36.1	40	20.3	39.9	7.25	 .0690	0.00	234	1	100.0	10
05/07/14	8:30 a	29.9	29.9	29.7	62	21.8	3.6	S	2.15	8.5	ESE	29.8	33.2	33.1	40.8	753.5	0.00	0.0	463	6.64	483	2.7	0.19	2.8	0.000	0.080	36.1	40	20.3	39.9	7.25	 .0690	0.00	234	1	100.0	10
05/07/14	8:40 a	30.3	30.3	29.9	60	21.7	3.1	S	1.88	8.5	ESE	30.3	33.8	33.8	41.9	753.5	0.00	0.0	503	7.21	517	3.0	0.21	3.2	0.000	0.083	36.1	40	20.4	40.0	7.25	 .0690	0.00	234	1	100.0	10
05/07/14	8:50 a	30.6	30.6	30.3	59	21.6	3.1	S	1.88	8.0	E	30.6	34.0	34.0	42.1	753.6	0.00	0.0	536	7.68	552	3.4	0.24	3.5	0.000	0.085	36.1	40	20.4	40.0	7.25	 .0690	0.00	235	1	100.0	10
05/07/14	9:00 a	30.6	30.7	30.6	59	21.7	4.5	ESE	2.68	9.4	E	30.3	34.1	33.8	40.9	753.7	0.00	0.0	569	8.16	589	3.7	0.26	3.9	0.000	0.085	36.2	40	20.4	40.1	7.25	 .0690	0.41	234	1	100.0	10
05/07/14	9:10 a	30.8	30.8	30.6	58	21.6	4.0	E	2.41	8.5	E	30.7	34.2	34.0	41.4	753.7	0.00	0.0	610	8.74	626	4.1	0.29	4.3	0.000	0.087	36.2	40	20.4	40.1	7.25	 .0690	0.00	234	1	100.0	10
05/07/14	9:20 a	31.2	31.2	30.8	57	21.6	3.6	E	2.15	9.4	E	31.1	34.5	34.4	42.0	753.7	0.00	0.0	636	9.12	649	4.5	0.32	4.6	0.000	0.089	36.2	40	20.5	40.2	7.25	 .0690	0.00	234	1	100.0	10
05/07/14	9:30 a	31.1	31.2	31.1	57	21.6	4.9	E	2.95	8.9	S	30.8	34.3	34.0	40.6	753.7	0.00	0.0	662	9.49	675	4.8	0.34	5.0	0.000	0.089	36.2	40	20.4	40.1	7.25	 .0690	0.00	234	1	100.0	10
05/07/14	9:40 a	31.6	31.6	31.1	56	21.8	3.6	E	2.15	8.9	ESE	31.6	35.3	35.3	42.6	753.7	0.00	0.0	689	9.88	700	5.2	0.37	5.3	0.000	0.092	36.2	40	20.5	40.2	7.25	 .0690	0.00	234	1	100.0	10
05/07/14	9:50 a	31.7	31.7	31.6	55	21.6	4.5	E	2.68	9.8	E	31.6	35.3	35.2	41.7	753.8	0.00	0.0	711	10.19	724	5.5	0.39	5.7	0.000	0.093	36.2	40	20.5	40.2	7.25	 .0690	0.00	234	1	100.0	10
05/07/14	10:00 a	32.1	32.1	31.7	53	21.3	3.6	E	2.15	8.9	ENE	32.1	35.6	35.6	43.1	753.7	0.00	0.0	792	11.35	831	6.2	0.44	6.5	0.000	0.096	36.2	40	20.5	40.2	7.25	 .0690	0.58	235	1	100.0	10
05/07/14	10:10 a	32.2	32.3	32.1	53	21.4	4.0	E	2.41	10.3	E	32.2	35.8	35.8	42.8	753.7	0.00	0.0	806	11.55	835	6.5	0.46	6.7	0.000	0.096	36.3	40	20.5	40.3	7.25	 .0690	0.00	234	1	100.0	10
05/07/14	10:20 a	32.6	32.6	32.2	51	21.1	4.0	ESE	2.41	8.9	E	32.6	36.0	36.0	42.7	753.6	0.00	0.0	817	11.71	844	6.8	0.49	6.9	0.000	0.099	36.3	39	20.2	40.1	7.10	 .0690	0.00	234	1	100.0	10
05/07/14	10:30 a	33.2	33.2	32.6	50	21.4	2.7	S	1.61	5.4	SE	33.2	37.1	37.1	44.3	753.5	0.00	0.0	838	12.01	854	7.2	0.51	7.3	0.000	0.103	36.3	39	20.2	40.1	7.10	 .0690	0.00	234	1	100.0	10
05/07/14	10:40 a	33.1	33.2	32.9	50	21.3	4.0	E	2.41	8.9	ENE	33.1	36.8	36.8	42.7	753.4	0.00	0.0	793	11.37	867	7.0	0.50	7.9	0.000	0.103	36.4	39	20.2	40.2	7.10	 .0689	0.00	234	1	100.0	10
05/07/14	10:50 a	33.2	33.2	33.1	50	21.4	4.0	E	2.41	8.5	E	33.2	37.1	37.1	43.2	753.3	0.00	0.0	871	12.49	904	7.8	0.56	8.0	0.000	0.103	36.4	39	20.2	40.2	7.10	 .0689	0.00	234	1	100.0	10
05/07/14	11:00 a	33.8	33.8	33.2	46	20.6	2.7	S	1.61	5.4	S	33.8	37.3	37.3	43.9	753.2	0.00	0.0	888	12.73	914	8.2	0.59	8.4	0.000	0.108	36.4	39	20.3	40.3	7.10	 .0689	0.69	235	1	100.0	10
05/07/14	11:10 a	33.7	34.0	33.7	47	20.8	3.6	SSE	2.15	10.3	E	33.7	37.2	37.2	43.2	753.0	0.00	0.0	884	12.67	912	8.4	0.60	8.5	0.000	0.106	36.5	39	20.3	40.4	7.10	 .0689	0.00	234	1	100.0	10
05/07/14	11:20 a	33.9	33.9	33.6	45	20.3	3.6	ESE	2.15	10.3	SSE	33.9	37.2	37.2	43.3	753.1	0.00	0.0	826	11.84	918	8.2	0.59	8.9	0.000	0.108	36.5	39	20.3	40.4	7.10	 .0689	0.00	234	1	100.0	10
05/07/14	11:30 a	34.3	34.3	33.9	44	20.3	2.7	SSE	1.61	9.4	E	34.3	37.7	37.7	44.4	753.1	0.00	0.0	800	11.47	918	8.4	0.60	9.4	0.000	0.111	36.6	39	20.4	40.5	7.09	 .0689	0.00	234	1	100.0	10
05/07/14	11:40 a	34.6	34.6	34.3	43	20.2	3.1	E	1.88	8.5	E	34.6	37.8	37.8	43.6	753.0	0.00	0.0	901	12.92	1044	8.7	0.62	9.6	0.000	0.113	36.6	39	20.4	40.5	7.09	 .0689	0.00	234	1	100.0	10
05/07/14	11:50 a	34.9	34.9	34.6	43	20.5	2.7	SSE	1.61	5.8	E	34.9	38.5	38.5	45.2	753.0	0.00	0.0	844	12.10	958	8.8	0.63	9.8	0.000	0.115	36.6	39	20.4	40.6	7.09	 .0688	0.00	234	1	100.0	10
05/07/14	12:00 p	35.0	35.0	34.9	42	20.2	2.7	SSE	1.61	6.3	E	35.0	38.4	38.4	45.2	752.9	0.00	0.0	766	10.98	831	8.1	0.58	8.8	0.000	0.116	36.7	39	20.5	40.7	7.09	 .0688	0.71	234	1	100.0	10
05/07/14	12:10 p	35.2	35.2	35.0	42	20.4	2.7	SSE	1.61	4.9	SSE	35.2	38.9	38.9	45.7	752.8	0.00	0.0	798	11.44	865	8.2	0.59	8.4	0.000	0.117	36.7	39	20.5	40.8	7.09	 .0688	0.00	235	1	100.0	10
05/07/14	12:20 p	35.0	35.3	35.0	42	20.2	3.1	S	1.88	8.5	SE	35.0	38.4	38.4	45.1	752.7	0.00	0.0	784	11.24	867	8.4	0.60	11.2	0.000	0.116	36.7	39	20.5	40.8	7.09	 .0688	0.00	234	1	100.0	10
05/07/14	12:30 p	34.8	34.9	34.8	43	20.4	3.1	E	1.88	7.2	ENE	34.8	38.3	38.3	44.9	752.6	0.00	0.0	756	10.84	849	8.0	0.57	9.7	0.000	0.114	36.8	39	20.6	40.9	7.09	 .0687	0.00	234	1	100.0	10
05/07/14	12:40 p	35.2	35.3	34.8	41	19.9	3.1	E	1.88	8.0	ESE	35.2	38.4	38.4	44.9	752.5	0.00	0.0	714	10.24	814	7.7	0.55	8.2	0.000	0.117	36.8	39	20.6	41.1	7.08	 .0687	0.00	234	1	100.0	10
05/07/14	12:50 p	34.6	35.1	34.6	43	20.2	4.0	E	2.41	8.9	E	34.6	37.9	37.9	43.9	752.3	0.00	0.0	691	9.91	802	7.5	0.54	9.2	0.000	0.113	36.8	39	20.6	41.1	7.08	 .0687	0.00	234	1	100.0	10
05/07/14	1:00 p	35.2	35.2	34.6	42	20.3	2.7	E	1.61	8.5	ENE	35.2	38.8	38.8	45.3	752.3	0.00	0.0	676	9.69	735	8.0	0.57	9.8	0.000	0.117	36.8	39	20.6	41.1	7.08	 .0687	0.66	235	1	100.0	10
05/07/14	1:10 p	35.2	35.4	35.2	42	20.4	3.1	E	1.88	8.0	ESE	35.2	38.9	38.9	45.3	752.1	0.00	0.0	682	9.78	721	7.9	0.56	9.5	0.000	0.117	36.8	39	20.6	41.1	7.08	 .0687	0.00	234	1	100.0	10
05/07/14	1:20 p	35.2	35.3	35.1	42	20.3	3.1	E	1.88	9.4	E	35.2	38.8	38.8	45.5	751.9	0.00	0.0	816	11.70	991	8.6	0.61	9.8	0.000	0.117	36.9	39	20.7	41.2	7.08	 .0687	0.00	234	1	100.0	10
05/07/14	1:30 p	35.8	35.8	35.2	41	20.5	3.1	E	1.88	8.0	ENE	35.8	39.7	39.7	45.9	751.8	0.00	0.0	949	13.60	1028	9.3	0.66	9.7	0.000	0.121	36.9	39	20.7	41.3	7.08	 .0686	0.00	234	1	100.0	10
05/07/14	1:40 p	35.4	35.8	35.4	42	20.6	4.5	E	2.68	8.0	E	35.4	39.3	39.3	45.3	751.6	0.00	0.0	883	12.66	912	8.9	0.64	9.2	0.000	0.119	36.9	39	20.7	41.3	7.08	 .0686	0.00	234	1	100.0	10
05/07/14	1:50 p	35.8	35.8	35.4	41	20.5	3.6	E	2.15	9.8	E	35.8	39.7	39.7	46.2	751.5	0.00	0.0	846	12.13	870	8.5	0.61	8.9	0.000	0.121	36.9	38	20.3	40.8	6.98	 .0686	0.00	234	1	100.0	10
05/07/14	2:00 p	36.2	36.2	35.8	41	20.8	2.7	E	1.61	8.5	E	36.2	40.5	40.5	47.4	751.4	0.00	0.0	846	12.13	858	8.3	0.59	8.5	0.000	0.124	37.0	38	20.3	40.9	6.98	 .0686	0.74	234	1	100.0	10
05/07/14	2:10 p	36.2	36.2	35.9	40	20.4	3.1	E	1.88	7.2	E	36.2	40.1	40.1	46.7	751.3	0.00	0.0	768	11.01	907	7.5	0.54	8.4	0.000	0.124	37.0	38	20.3	40.9	6.98	 .0686	0.00	234	1	100.0	10
05/07/14	2:20 p	36.6	36.6	36.2	39	20.4	2.7	E	1.61	6.3	ESE	36.6	40.5	40.5	47.2	751.2	0.00	0.0	891	12.77	912	7.4	0.53	8.4	0.000	0.127	37.1	38	20.4	41.1	6.98	 .0686	0.00	235	1	100.0	10
05/07/14	2:30 p	36.8	36.8	36.6	39	20.6	2.7	E	1.61	8.0	ESE	36.8	41.1	41.1	47.8	751.0	0.00	0.0	847	12.14	874	7.5	0.54	7.9	0.000	0.128	37.1	38	20.4	41.2	6.97	 .0685	0.00	234	1	100.0	10
05/07/14	2:40 p	37.1	37.2	36.8	37	20.0	2.7	E	1.61	6.7	ESE	37.1	40.7	40.7	47.4	750.9	0.00	0.0	800	11.47	835	7.3	0.52	7.6	0.000	0.130	37.2	38	20.5	41.3	6.97	 .0685	0.00	234	1	100.0	10
05/07/14	2:50 p	36.7	37.1	36.7	38	20.0	3.6	E	2.15	10.3	SE	36.7	40.3	40.3	46.6	750.8	0.00	0.0	754	10.81	791	6.7	0.48	7.1	0.000	0.127	37.2	38	20.5	41.4	6.97	 .0685	0.00	234	1	100.0	10
05/07/14	3:00 p	36.7	36.8	36.7	37	19.6	4.0	E	2.41	8.5	E	36.7	39.8	39.8	45.8	750.7	0.00	0.0	740	10.61	751	6.4	0.46	6.5	0.000	0.127	37.2	38	20.5	41.4	6.97	 .0685	0.69	234	1	100.0	10
05/07/14	3:10 p	36.9	37.0	36.4	37	19.8	3.1	ESE	1.88	8.9	SSE	36.9	40.3	40.3	46.6	750.6	0.00	0.0	703	10.08	752	6.0	0.43	6.5	0.000	0.129	37.3	38	20.6	41.6	6.97	 .0684	0.00	234	1	100.0	10
05/07/14	3:20 p	36.4	36.9	36.4	37	19.4	4.9	E	2.95	8.9	E	36.4	39.3	39.3	44.6	750.5	0.00	0.0	666	9.55	691	5.6	0.40	5.8	0.000	0.125	37.3	38	20.6	41.6	6.97	 .0684	0.00	235	1	100.0	10
05/07/14	3:30 p	36.7	36.8	36.4	37	19.7	4.0	E	2.41	9.8	ENE	36.7	39.9	39.9	45.6	750.3	0.00	0.0	635	9.10	664	5.1	0.36	5.4	0.000	0.128	37.3	38	20.6	41.7	6.97	 .0684	0.00	234	1	100.0	10
05/07/14	3:40 p	37.3	37.3	36.7	36	19.8	2.7	ESE	1.61	6.7	ESE	37.3	40.7	40.7	46.7	750.3	0.00	0.0	592	8.49	608	4.7	0.34	4.9	0.000	0.132	37.3	38	20.6	41.7	6.97	 .0684	0.00	234	1	100.0	10
05/07/14	3:50 p	37.4	37.6	37.3	35	19.4	2.2	S	1.34	6.7	E	37.4	40.4	40.4	46.3	750.2	0.00	0.0	568	8.14	578	4.3	0.31	4.6	0.000	0.133	37.4	38	20.7	41.8	6.96	 .0684	0.00	234	1	100.0	10
05/07/14	4:00 p	37.6	37.6	37.4	35	19.5	2.2	E	1.34	6.7	ESE	37.6	40.7	40.7	46.6	750.2	0.00	0.0	540	7.74	563	4.1	0.29	4.3	0.000	0.134	37.4	38	20.7	41.9	6.96	 .0684	0.58	234	1	100.0	10
05/07/14	4:10 p	37.7	37.7	37.6	34	19.2	2.2	SSE	1.34	6.3	S	37.7	40.6	40.6	46.3	750.1	0.00	0.0	519	7.44	526	3.8	0.27	3.9	0.000	0.135	37.4	38	20.7	41.9	6.96	 .0684	0.00	234	1	100.0	10
05/07/14	4:20 p	37.7	37.8	37.7	34	19.1	2.2	S	1.34	6.3	NE	37.7	40.5	40.5	46.4	750.1	0.00	0.0	527	7.55	547	3.5	0.25	3.7	0.000	0.134	37.5	38	20.8	42.0	6.96	 .0683	0.00	234	1	100.0	10
05/07/14	4:30 p	37.3	37.8	37.3	35	19.3	3.1	ESE	1.88	7.2	E	37.3	40.2	40.2	45.6	750.1	0.00	0.0	467	6.69	503	3.1	0.22	3.3	0.000	0.132	37.6	38	20.8	42.1	6.96	 .0683	0.00	235	1	100.0	10
05/07/14	4:40 p	37.3	37.4	37.3	35	19.3	3.1	E	1.88	7.2	E	37.3	40.2	40.2	44.9	750.2	0.00	0.0	385	5.52	401	2.5	0.18	2.7	0.000	0.132	37.6	38	20.8	42.1	6.96	 .0683	0.00	234	1	100.0	10
05/07/14	4:50 p	37.2	37.4	37.2	35	19.2	3.1	ESE	1.88	6.7	E	37.2	39.9	39.9	44.0	750.2	0.00	0.0	314	4.50	388	2.1	0.15	2.4	0.000	0.131	37.6	37	20.4	41.7	6.76	 .0684	0.00	234	1	100.0	10
05/07/14	5:00 p	37.1	37.2	37.1	35	19.1	2.7	E	1.61	5.8	E	37.1	39.7	39.7	43.4	750.2	0.00	0.0	266	3.81	353	1.8	0.13	2.1	0.000	0.130	37.7	37	20.5	41.9	6.75	 .0683	0.43	234	1	100.0	10
05/07/14	5:10 p	37.2	37.3	37.1	35	19.2	1.8	S	1.07	4.9	E	37.2	39.8	39.8	43.0	750.1	0.00	0.0	221	3.17	297	1.4	0.10	1.5	0.000	0.131	37.7	37	20.5	41.9	6.75	 .0683	0.00	234	1	100.0	10
05/07/14	5:20 p	37.2	37.2	37.2	35	19.2	1.8	SSE	1.07	4.0	SE	37.2	39.9	39.9	42.0	750.2	0.00	0.0	148	2.12	200	1.0	0.07	1.2	0.000	0.131	37.7	37	20.5	42.0	6.75	 .0683	0.00	234	1	100.0	10
05/07/14	5:30 p	37.0	37.2	37.0	35	19.0	1.8	E	1.07	4.9	E	37.0	39.6	39.6	40.8	750.3	0.00	0.0	98	1.40	111	0.8	0.06	0.9	0.000	0.130	37.8	37	20.6	42.1	6.75	 .0683	0.00	234	1	100.0	10
05/07/14	5:40 p	36.8	37.0	36.8	36	19.3	1.3	S	0.80	3.1	E	36.8	39.7	39.7	40.7	750.4	0.00	0.0	80	1.15	86	0.6	0.04	0.7	0.000	0.128	37.8	37	20.6	42.1	6.75	 .0683	0.00	235	1	100.0	10
05/07/14	5:50 p	36.7	36.8	36.7	36	19.2	1.3	SSE	0.80	4.5	ESE	36.7	39.5	39.5	40.2	750.4	0.00	0.0	64	0.92	72	0.4	0.03	0.6	0.000	0.128	37.8	37	20.6	42.2	6.75	 .0683	0.00	234	1	100.0	10
05/07/14	6:00 p	36.6	36.7	36.6	37	19.6	1.8	SSE	1.07	4.0	E	36.6	39.7	39.7	40.2	750.5	0.00	0.0	48	0.69	54	0.0	0.00	0.0	0.000	0.127	37.8	37	20.6	42.2	6.75	 .0683	0.18	234	1	100.0	10
05/07/14	6:10 p	36.4	36.6	36.4	37	19.4	1.8	E	1.07	4.5	E	36.4	39.4	39.4	39.7	750.6	0.00	0.0	42	0.60	47	0.0	0.00	0.0	0.000	0.126	37.8	37	20.6	42.2	6.75	 .0683	0.00	234	1	100.0	10
05/07/14	6:20 p	36.6	36.6	36.4	37	19.5	0.9	SSE	0.54	2.2	E	36.6	39.6	39.6	39.7	750.7	0.00	0.0	27	0.39	33	0.0	0.00	0.0	0.000	0.127	37.9	37	20.7	42.3	6.75	 .0683	0.00	234	1	100.0	10
05/07/14	6:30 p	36.4	36.5	36.4	37	19.4	0.9	S	0.54	2.2	S	36.4	39.4	39.4	39.1	750.8	0.00	0.0	13	0.19	18	0.0	0.00	0.0	0.000	0.126	37.9	37	20.7	42.3	6.75	 .0683	0.00	234	1	100.0	10
05/07/14	6:40 p	36.3	36.4	36.3	37	19.3	0.9	E	0.54	3.6	E	36.3	39.2	39.2	38.6	750.9	0.00	0.0	3	0.04	7	0.0	0.00	0.0	0.000	0.125	37.9	37	20.7	42.4	6.75	 .0683	0.00	235	1	100.0	10
05/07/14	6:50 p	36.3	36.3	36.3	37	19.3	0.9	E	0.54	3.1	E	36.3	39.1	39.1	38.4	751.0	0.00	0.0	0	0.00	0	0.0	0.00	0.0	0.000	0.125	37.9	37	20.7	42.4	6.75	 .0683	0.00	234	1	100.0	10
05/07/14	7:00 p	36.2	36.3	36.2	38	19.6	0.4	ESE	0.27	2.7	ENE	36.2	39.4	39.4	38.6	751.1	0.00	0.0	0	0.00	0	0.0	0.00	0.0	0.000	0.124	38.0	37	20.8	42.6	6.75	 .0683	0.08	234	1	100.0	10
05/07/14	7:10 p	36.2	36.2	36.2	38	19.6	0.4	SE	0.27	2.2	ESE	36.2	39.4	39.4	38.6	751.3	0.00	0.0	0	0.00	0	0.0	0.00	0.0	0.000	0.124	38.0	37	20.8	42.6	6.75	 .0683	0.00	234	1	100.0	10
05/07/14	7:20 p	36.1	36.2	36.1	38	19.5	0.9	ESE	0.54	2.7	E	36.1	39.2	39.2	38.3	751.5	0.00	0.0	0	0.00	0	0.0	0.00	0.0	0.000	0.123	38.0	37	20.8	42.6	6.75	 .0684	0.00	234	1	100.0	10
05/07/14	7:30 p	34.5	36.1	34.5	46	21.2	3.6	NNE	2.15	5.4	NNE	34.5	38.6	38.6	37.9	751.8	0.00	0.0	0	0.00	0	0.0	0.00	0.0	0.000	0.112	38.1	37	20.8	42.7	6.75	 .0684	0.00	234	1	100.0	10
05/07/14	7:40 p	33.3	34.4	33.3	50	21.4	5.4	ENE	3.22	11.2	E	33.3	37.2	37.2	36.6	752.4	0.00	0.0	0	0.00	0	0.0	0.00	0.0	0.000	0.104	38.1	37	20.8	42.7	6.75	 .0684	0.00	234	1	100.0	10
05/07/14	7:50 p	32.0	33.2	32.0	56	22.1	7.2	ENE	4.29	11.6	ENE	31.5	36.1	35.6	35.1	752.8	0.00	0.0	0	0.00	0	0.0	0.00	0.0	0.000	0.095	37.9	37	20.7	42.4	6.75	 .0685	0.00	235	1	100.0	10
05/07/14	8:00 p	29.4	31.9	29.4	67	22.6	7.6	ENE	4.56	13.0	ENE	28.1	33.1	31.8	31.3	753.2	0.25	0.0	0	0.00	0	0.0	0.00	0.0	0.000	0.077	37.8	37	20.6	42.1	6.75	 .0686	0.18	234	1	100.0	10
05/07/14	8:10 p	28.3	29.3	28.3	73	23.0	5.4	ENE	3.22	9.4	ENE	27.3	31.9	30.9	30.3	753.4	0.00	0.0	0	0.00	0	0.0	0.00	0.0	0.000	0.069	37.6	38	20.8	42.1	6.96	 .0686	0.00	234	1	100.0	10
05/07/14	8:20 p	28.2	28.3	28.1	75	23.3	4.0	ENE	2.41	8.5	ENE	27.7	31.8	31.4	30.8	753.7	0.00	0.0	0	0.00	0	0.0	0.00	0.0	0.000	0.068	37.3	38	20.6	41.7	6.97	 .0687	0.00	234	1	100.0	10
05/07/14	8:30 p	28.4	28.4	28.2	72	22.9	4.9	E	2.95	11.2	ENE	27.6	32.0	31.2	30.6	753.7	0.00	0.0	0	0.00	0	0.0	0.00	0.0	0.000	0.070	37.2	38	20.5	41.4	6.97	 .0688	0.00	234	1	100.0	10
05/07/14	8:40 p	28.2	28.4	28.2	72	22.7	7.2	ENE	4.29	11.2	E	26.8	31.4	30.0	29.5	753.6	0.00	0.0	0	0.00	0	0.0	0.00	0.0	0.000	0.069	37.1	39	20.9	41.7	7.07	 .0687	0.00	234	1	100.0	10
05/07/14	8:50 p	28.1	28.2	28.1	72	22.5	5.8	ENE	3.49	9.4	E	26.9	31.1	29.9	29.3	753.9	0.00	0.0	0	0.00	0	0.0	0.00	0.0	0.000	0.068	37.0	39	20.8	41.4	7.08	 .0688	0.00	235	1	100.0	10
05/07/14	9:00 p	28.1	28.2	28.1	71	22.4	5.8	ENE	3.49	9.4	ENE	26.9	31.1	29.9	29.3	753.9	0.00	0.0	0	0.00	0	0.0	0.00	0.0	0.000	0.068	36.8	39	20.6	41.1	7.08	 .0689	0.10	234	1	100.0	10
05/07/14	9:10 p	28.0	28.2	28.0	76	23.4	4.9	ENE	2.95	8.9	E	27.1	31.6	30.7	30.1	753.9	0.00	0.0	0	0.00	0	0.0	0.00	0.0	0.000	0.067	36.7	39	20.5	40.8	7.09	 .0689	0.00	234	1	100.0	10
05/07/14	9:20 p	27.3	28.0	27.3	79	23.4	4.0	NE	2.41	5.8	NE	26.8	30.4	29.8	29.2	753.7	0.00	0.0	0	0.00	0	0.0	0.00	0.0	0.000	0.062	36.7	39	20.5	40.8	7.09	 .0689	0.00	234	1	100.0	10
05/07/14	9:30 p	27.4	27.4	27.3	79	23.4	3.1	ENE	1.88	4.9	ENE	27.4	30.6	30.6	29.9	753.8	0.00	0.0	0	0.00	0	0.0	0.00	0.0	0.000	0.063	36.7	39	20.5	40.7	7.09	 .0689	0.00	234	1	100.0	10
05/07/14	9:40 p	27.6	27.6	27.4	77	23.2	2.2	ENE	1.34	3.1	ENE	27.6	30.7	30.7	30.0	753.9	0.00	0.0	0	0.00	0	0.0	0.00	0.0	0.000	0.064	36.7	39	20.5	40.7	7.09	 .0689	0.00	234	1	100.0	10
05/07/14	9:50 p	27.8	27.8	27.6	75	23.0	2.2	E	1.34	3.1	E	27.8	31.0	31.0	30.3	753.9	0.00	0.0	0	0.00	0	0.0	0.00	0.0	0.000	0.066	36.7	40	20.9	41.2	7.25	 .0689	0.00	234	1	100.0	10
05/07/14	10:00 p	28.3	28.3	27.8	70	22.3	2.2	E	1.34	4.0	E	28.3	31.3	31.3	30.6	753.8	0.00	0.0	0	0.00	0	0.0	0.00	0.0	0.000	0.069	36.7	40	20.9	41.3	7.25	 .0688	0.05	235	1	100.0	10
05/07/14	10:10 p	28.6	28.6	28.3	68	22.1	2.7	E	1.61	4.5	E	28.6	31.7	31.7	30.9	753.9	0.00	0.0	0	0.00	0	0.0	0.00	0.0	0.000	0.071	36.8	40	21.0	41.4	7.25	 .0688	0.00	234	1	100.0	10
05/07/14	10:20 p	28.9	28.9	28.6	62	20.9	3.6	E	2.15	7.2	E	28.8	31.4	31.2	30.5	753.9	0.00	0.0	0	0.00	0	0.0	0.00	0.0	0.000	0.074	36.8	39	20.6	41.1	7.08	 .0689	0.00	234	1	100.0	10
05/07/14	10:30 p	29.2	29.2	29.0	61	20.9	4.0	E	2.41	8.5	ESE	28.8	31.6	31.3	30.6	753.9	0.00	0.0	0	0.00	0	0.0	0.00	0.0	0.000	0.075	36.8	39	20.6	41.1	7.08	 .0689	0.00	234	1	100.0	10
05/07/14	10:40 p	29.3	29.3	29.2	60	20.7	4.0	E	2.41	8.9	SE	28.9	31.6	31.3	30.6	753.9	0.00	0.0	0	0.00	0	0.0	0.00	0.0	0.000	0.076	36.8	39	20.6	41.1	7.08	 .0689	0.00	234	1	100.0	10
05/07/14	10:50 p	29.2	29.3	29.2	60	20.7	4.5	E	2.68	9.4	SSE	28.7	31.5	30.9	30.3	753.8	0.00	0.0	0	0.00	0	0.0	0.00	0.0	0.000	0.076	36.8	39	20.6	41.1	7.08	 .0688	0.00	234	1	100.0	10
05/07/14	11:00 p	29.1	29.2	29.1	61	20.8	5.4	E	3.22	10.7	ESE	28.2	31.4	30.6	29.9	753.9	0.00	0.0	0	0.00	0	0.0	0.00	0.0	0.000	0.074	36.8	39	20.6	40.9	7.09	 .0689	0.10	235	1	100.0	10
05/07/14	11:10 p	28.9	29.1	28.9	62	20.9	4.9	E	2.95	10.7	ESE	28.2	31.4	30.7	30.0	754.2	0.00	0.0	0	0.00	0	0.0	0.00	0.0	0.000	0.074	36.7	39	20.5	40.8	7.09	 .0689	0.00	234	1	100.0	10
05/07/14	11:20 p	28.9	28.9	28.9	63	21.1	3.1	E	1.88	8.0	E	28.9	31.4	31.4	30.7	754.0	0.00	0.0	0	0.00	0	0.0	0.00	0.0	0.000	0.073	36.7	39	20.5	40.8	7.09	 .0689	0.00	234	1	100.0	10
05/07/14	11:30 p	28.7	28.9	28.7	65	21.4	3.6	E	2.15	8.0	ESE	28.5	31.3	31.1	30.4	753.9	0.00	0.0	0	0.00	0	0.0	0.00	0.0	0.000	0.072	36.7	39	20.5	40.8	7.09	 .0689	0.00	234	1	100.0	10
05/07/14	11:40 p	28.4	28.7	28.4	66	21.5	3.6	E	2.15	9.4	E	28.3	30.9	30.8	30.1	753.9	0.00	0.0	0	0.00	0	0.0	0.00	0.0	0.000	0.070	36.7	39	20.5	40.8	7.09	 .0689	0.00	234	1	100.0	10
05/07/14	11:50 p	28.5	28.5	28.4	66	21.5	2.7	E	1.61	6.7	E	28.5	31.1	31.1	30.3	753.9	0.00	0.0	0	0.00	0	0.0	0.00	0.0	0.000	0.071	36.8	39	20.6	40.9	7.09	 .0689	0.00	234	1	100.0	10
06/07/14	12:00 a	28.4	28.5	28.4	66	21.4	3.1	E	1.88	7.2	ESE	28.4	30.8	30.8	30.0	753.8	0.00	0.0	0	0.00	0	0.0	0.00	0.0	0.000	0.070	36.8	39	20.6	40.9	7.09	 .0689	0.10	235	1	100.0	10
