		Temp	Hi	Low	Out	Dew	Wind	Wind	Wind	Hi	Hi	Wind	Heat	THW	THSW			Rain	Solar	Solar	Hi Solar	UV 	UV 	Hi 	Heat	Cool	In 	In	In 	In 	In 	In Air		Wind	Wind	ISS 	Arc.
Date	Time	Out	Temp	Temp	Hum	Pt.	Speed	Dir	Run	Speed	Dir	Chill	Index	Index	Index	Bar  	Rain	Rate	Rad.	Energy	Rad. 	Index	Dose	UV 	D-D 	D-D 	Temp	Hum	Dew	Heat	EMC	Density	ET 	Samp	Tx 	Recept	Int.
09/07/14	12:10 a	29.9	29.9	29.9	56	20.2	1.8	ESE	1.07	4.9	ESE	29.9	32.1	32.1	31.3	753.4	0.00	0.0	0	0.00	0	0.0	0.00	0.0	0.000	0.080	35.4	40	19.7	38.6	7.25	 .0692	0.00	233	1	100.0	10
09/07/14	12:20 a	29.7	29.9	29.7	56	20.0	3.6	E	2.15	8.5	ENE	29.6	31.6	31.5	30.7	753.3	0.00	0.0	0	0.00	0	0.0	0.00	0.0	0.000	0.079	35.4	40	19.7	38.6	7.25	 .0692	0.00	234	1	100.0	10
09/07/14	12:30 a	29.6	29.7	29.6	57	20.1	3.6	E	2.15	8.5	ENE	29.4	31.6	31.5	30.8	753.2	0.00	0.0	0	0.00	0	0.0	0.00	0.0	0.000	0.078	35.3	40	19.6	38.3	7.25	 .0692	0.00	234	1	100.0	10
09/07/14	12:40 a	29.5	29.6	29.4	56	19.8	3.6	E	2.15	6.7	E	29.4	31.3	31.2	30.4	753.2	0.00	0.0	0	0.00	0	0.0	0.00	0.0	0.000	0.078	35.2	41	19.9	38.4	7.45	 .0692	0.00	235	1	100.0	10
09/07/14	12:50 a	29.4	29.5	29.4	56	19.7	4.0	E	2.41	8.0	ESE	29.1	31.2	30.9	30.1	753.1	0.00	0.0	0	0.00	0	0.0	0.00	0.0	0.000	0.077	35.1	40	19.5	38.0	7.25	 .0693	0.00	234	1	100.0	10
09/07/14	1:00 a	29.3	29.4	29.3	56	19.6	4.0	ESE	2.41	8.0	ESE	29.0	31.1	30.7	29.9	753.0	0.00	0.0	0	0.00	0	0.0	0.00	0.0	0.000	0.076	35.1	40	19.4	37.9	7.25	 .0693	0.13	234	1	100.0	10
09/07/14	1:10 a	29.2	29.4	29.2	56	19.5	3.1	E	1.88	5.4	ESE	29.2	30.9	30.9	30.1	752.9	0.00	0.0	0	0.00	0	0.0	0.00	0.0	0.000	0.076	35.0	40	19.4	37.8	7.25	 .0693	0.00	234	1	100.0	10
09/07/14	1:20 a	29.1	29.2	29.1	57	19.7	2.7	E	1.61	4.9	E	29.1	30.9	30.9	30.1	752.8	0.00	0.0	0	0.00	0	0.0	0.00	0.0	0.000	0.075	34.9	40	19.3	37.7	7.25	 .0693	0.00	234	1	100.0	10
09/07/14	1:30 a	29.0	29.1	29.0	56	19.3	3.1	E	1.88	5.8	E	29.0	30.6	30.6	29.8	752.8	0.00	0.0	0	0.00	0	0.0	0.00	0.0	0.000	0.074	34.9	40	19.3	37.6	7.26	 .0693	0.00	234	1	100.0	10
09/07/14	1:40 a	28.9	29.0	28.9	56	19.3	3.1	E	1.88	6.3	E	28.9	30.6	30.6	29.7	752.7	0.00	0.0	0	0.00	0	0.0	0.00	0.0	0.000	0.074	34.8	40	19.2	37.3	7.27	 .0693	0.00	234	1	100.0	10
09/07/14	1:50 a	28.9	28.9	28.8	55	18.9	3.6	E	2.15	8.0	E	28.7	30.3	30.2	29.4	752.6	0.00	0.0	0	0.00	0	0.0	0.00	0.0	0.000	0.073	34.7	40	19.1	37.3	7.27	 .0694	0.00	235	1	100.0	10
09/07/14	2:00 a	28.9	28.9	28.8	55	18.9	3.1	E	1.88	6.3	E	28.9	30.3	30.3	29.5	752.6	0.00	0.0	0	0.00	0	0.0	0.00	0.0	0.000	0.073	34.7	40	19.1	37.3	7.27	 .0694	0.10	234	1	100.0	10
09/07/14	2:10 a	28.8	28.9	28.8	55	18.8	3.6	E	2.15	7.2	ESE	28.6	30.2	30.0	29.2	752.6	0.00	0.0	0	0.00	0	0.0	0.00	0.0	0.000	0.073	34.7	40	19.1	37.3	7.27	 .0693	0.00	234	1	100.0	10
09/07/14	2:20 a	28.7	28.8	28.7	55	18.8	3.6	E	2.15	6.7	E	28.6	30.1	29.9	29.1	752.5	0.00	0.0	0	0.00	0	0.0	0.00	0.0	0.000	0.072	34.7	40	19.1	37.3	7.27	 .0693	0.00	234	1	100.0	10
09/07/14	2:30 a	28.7	28.7	28.7	56	19.0	2.7	E	1.61	6.3	ESE	28.7	30.1	30.1	29.2	752.6	0.00	0.0	0	0.00	0	0.0	0.00	0.0	0.000	0.072	34.7	40	19.1	37.2	7.27	 .0694	0.00	234	1	100.0	10
09/07/14	2:40 a	28.7	28.7	28.7	56	19.0	2.7	ESE	1.61	5.8	SE	28.7	30.1	30.1	29.2	752.6	0.00	0.0	0	0.00	0	0.0	0.00	0.0	0.000	0.072	34.6	40	19.0	37.1	7.28	 .0694	0.00	234	1	100.0	10
09/07/14	2:50 a	28.7	28.7	28.7	56	19.0	3.1	E	1.88	5.8	ENE	28.7	30.1	30.1	29.2	752.5	0.00	0.0	0	0.00	0	0.0	0.00	0.0	0.000	0.072	34.7	40	19.1	37.2	7.27	 .0694	0.00	235	1	100.0	10
09/07/14	3:00 a	28.7	28.7	28.6	57	19.3	3.1	E	1.88	6.7	ESE	28.7	30.2	30.2	29.3	752.4	0.00	0.0	0	0.00	0	0.0	0.00	0.0	0.000	0.072	34.7	40	19.1	37.2	7.27	 .0694	0.10	234	1	100.0	10
09/07/14	3:10 a	28.6	28.7	28.6	57	19.3	3.1	E	1.88	8.0	ESE	28.6	30.1	30.1	29.2	752.4	0.00	0.0	0	0.00	0	0.0	0.00	0.0	0.000	0.071	34.6	40	19.0	37.1	7.28	 .0694	0.00	234	1	100.0	10
09/07/14	3:20 a	28.6	28.6	28.6	58	19.5	3.1	ESE	1.88	6.7	ESE	28.6	30.1	30.1	29.2	752.4	0.00	0.0	0	0.00	0	0.0	0.00	0.0	0.000	0.071	34.7	40	19.1	37.2	7.27	 .0694	0.00	234	1	100.0	10
09/07/14	3:30 a	28.4	28.6	28.4	58	19.4	3.6	E	2.15	8.0	ENE	28.3	29.9	29.7	28.9	752.6	0.00	0.0	0	0.00	0	0.0	0.00	0.0	0.000	0.070	34.7	40	19.1	37.2	7.27	 .0694	0.00	234	1	100.0	10
09/07/14	3:40 a	28.4	28.4	28.4	58	19.3	3.6	E	2.15	7.2	E	28.2	29.8	29.6	28.8	752.5	0.00	0.0	0	0.00	0	0.0	0.00	0.0	0.000	0.070	34.6	40	19.0	37.1	7.28	 .0694	0.00	234	1	100.0	10
09/07/14	3:50 a	28.4	28.4	28.4	58	19.3	4.0	E	2.41	8.0	SSE	27.9	29.8	29.3	28.6	752.5	0.00	0.0	0	0.00	0	0.0	0.00	0.0	0.000	0.070	34.6	40	19.0	36.9	7.28	 .0694	0.00	234	1	100.0	10
09/07/14	4:00 a	28.4	28.4	28.4	58	19.3	3.1	E	1.88	6.7	ESE	28.4	29.8	29.8	28.9	752.7	0.00	0.0	0	0.00	0	0.0	0.00	0.0	0.000	0.070	34.5	40	18.9	36.8	7.29	 .0694	0.10	235	1	100.0	10
09/07/14	4:10 a	28.3	28.4	28.3	58	19.3	2.7	E	1.61	6.3	E	28.3	29.7	29.7	28.8	752.8	0.00	0.0	0	0.00	0	0.0	0.00	0.0	0.000	0.069	34.5	40	18.9	36.8	7.29	 .0694	0.00	234	1	100.0	10
09/07/14	4:20 a	28.3	28.4	28.3	58	19.3	2.7	ESE	1.61	6.3	SSE	28.3	29.7	29.7	28.8	752.8	0.00	0.0	0	0.00	0	0.0	0.00	0.0	0.000	0.069	34.6	40	19.0	36.9	7.28	 .0694	0.00	234	1	100.0	10
09/07/14	4:30 a	28.3	28.3	28.3	58	19.2	3.1	E	1.88	6.3	E	28.3	29.6	29.6	28.7	752.7	0.00	0.0	0	0.00	0	0.0	0.00	0.0	0.000	0.069	34.5	40	18.9	36.8	7.29	 .0694	0.00	234	1	100.0	10
09/07/14	4:40 a	28.3	28.3	28.3	58	19.3	2.2	ESE	1.34	4.9	ESE	28.3	29.7	29.7	28.8	752.8	0.00	0.0	0	0.00	0	0.0	0.00	0.0	0.000	0.069	34.5	40	18.9	36.8	7.29	 .0694	0.00	234	1	100.0	10
09/07/14	4:50 a	28.3	28.3	28.3	57	19.0	1.3	SSE	0.80	4.9	ENE	28.3	29.6	29.6	28.7	752.8	0.00	0.0	0	0.00	0	0.0	0.00	0.0	0.000	0.069	34.6	40	19.0	36.9	7.28	 .0694	0.00	234	1	100.0	10
09/07/14	5:00 a	28.3	28.3	28.3	58	19.2	1.3	S	0.80	4.0	SSE	28.3	29.6	29.6	28.7	752.8	0.00	0.0	0	0.00	0	0.0	0.00	0.0	0.000	0.069	34.6	40	19.0	37.1	7.28	 .0694	0.08	235	1	100.0	10
09/07/14	5:10 a	28.3	28.3	28.3	58	19.2	1.8	SSE	1.07	4.5	ESE	28.3	29.6	29.6	28.7	752.8	0.00	0.0	0	0.00	0	0.0	0.00	0.0	0.000	0.069	34.6	40	19.0	37.1	7.28	 .0694	0.00	234	1	100.0	10
09/07/14	5:20 a	28.3	28.3	28.3	57	19.0	2.2	SSE	1.34	5.4	ESE	28.3	29.6	29.6	28.7	752.8	0.00	0.0	0	0.00	0	0.0	0.00	0.0	0.000	0.069	34.6	40	19.0	37.1	7.28	 .0694	0.00	234	1	100.0	10
09/07/14	5:30 a	28.4	28.4	28.3	57	19.0	2.7	SSE	1.61	6.3	NE	28.4	29.7	29.7	28.8	752.9	0.00	0.0	0	0.00	0	0.0	0.00	0.0	0.000	0.070	34.6	40	19.0	37.1	7.28	 .0694	0.00	234	1	100.0	10
09/07/14	5:40 a	28.3	28.4	28.3	58	19.3	2.7	E	1.61	8.5	E	28.3	29.7	29.7	28.8	752.8	0.00	0.0	0	0.00	0	0.0	0.00	0.0	0.000	0.069	34.6	40	19.0	37.1	7.28	 .0694	0.00	234	1	100.0	10
09/07/14	5:50 a	28.3	28.3	28.3	58	19.3	2.7	SSE	1.61	8.0	E	28.3	29.7	29.7	28.8	752.8	0.00	0.0	0	0.00	0	0.0	0.00	0.0	0.000	0.069	34.6	40	19.0	37.1	7.28	 .0694	0.00	234	1	100.0	10
09/07/14	6:00 a	28.3	28.3	28.3	58	19.2	2.2	ESE	1.34	5.4	E	28.3	29.6	29.6	28.7	753.0	0.00	0.0	0	0.00	0	0.0	0.00	0.0	0.000	0.069	34.6	40	19.0	36.9	7.28	 .0694	0.10	234	1	100.0	10
09/07/14	6:10 a	28.3	28.3	28.2	59	19.5	2.2	SSE	1.34	6.7	ESE	28.3	29.7	29.7	28.8	753.1	0.00	0.0	0	0.00	0	0.0	0.00	0.0	0.000	0.069	34.6	40	19.0	36.9	7.28	 .0695	0.00	235	1	100.0	10
09/07/14	6:20 a	28.2	28.3	28.2	59	19.4	1.8	E	1.07	4.9	E	28.2	29.6	29.6	28.8	753.2	0.00	0.0	9	0.13	14	0.0	0.00	0.0	0.000	0.069	34.6	40	19.0	36.9	7.28	 .0695	0.00	234	1	100.0	10
09/07/14	6:30 a	28.2	28.2	28.2	59	19.4	2.7	E	1.61	5.8	E	28.2	29.6	29.6	29.0	753.3	0.00	0.0	22	0.32	32	0.0	0.00	0.0	0.000	0.069	34.6	40	19.0	36.9	7.28	 .0695	0.00	234	1	100.0	10
09/07/14	6:40 a	28.3	28.3	28.2	59	19.6	3.1	E	1.88	6.7	ESE	28.3	29.7	29.7	29.5	753.4	0.00	0.0	47	0.67	60	0.0	0.00	0.0	0.000	0.069	34.4	40	18.9	36.7	7.29	 .0695	0.00	234	1	100.0	10
09/07/14	6:50 a	28.4	28.4	28.3	59	19.6	4.0	E	2.41	8.0	SE	27.9	29.8	29.4	29.3	753.5	0.00	0.0	53	0.76	67	0.0	0.00	0.0	0.000	0.070	34.4	40	18.8	36.6	7.29	 .0695	0.00	234	1	100.0	10
09/07/14	7:00 a	28.4	28.4	28.4	59	19.6	4.0	E	2.41	7.2	ESE	27.9	29.8	29.4	29.6	753.5	0.00	0.0	76	1.09	86	0.1	0.01	0.5	0.000	0.070	34.3	40	18.7	36.4	7.30	 .0696	0.10	234	1	100.0	10
09/07/14	7:10 a	28.4	28.4	28.4	59	19.7	4.0	E	2.41	6.7	E	28.0	29.9	29.5	29.8	753.6	0.00	0.0	91	1.30	93	0.5	0.04	0.6	0.000	0.070	34.2	40	18.7	36.3	7.31	 .0696	0.00	234	1	100.0	10
09/07/14	7:20 a	28.5	28.5	28.4	59	19.7	4.0	E	2.41	10.3	ESE	28.1	30.1	29.6	30.1	753.7	0.00	0.0	105	1.51	113	0.6	0.04	0.7	0.000	0.071	34.1	40	18.6	36.1	7.31	 .0696	0.00	235	1	100.0	10
09/07/14	7:30 a	28.6	28.6	28.5	60	20.1	3.1	E	1.88	7.2	ESE	28.6	30.4	30.4	31.1	753.8	0.00	0.0	116	1.66	120	0.7	0.05	0.7	0.000	0.071	34.1	40	18.6	36.1	7.31	 .0697	0.00	234	1	100.0	10
09/07/14	7:40 a	28.7	28.7	28.6	60	20.2	2.7	E	1.61	6.7	E	28.7	30.6	30.6	31.5	754.0	0.00	0.0	125	1.79	127	0.8	0.06	0.8	0.000	0.072	34.1	40	18.6	36.1	7.31	 .0697	0.00	234	1	100.0	10
09/07/14	7:50 a	28.8	28.8	28.7	60	20.2	3.1	ESE	1.88	8.0	E	28.8	30.7	30.7	32.8	754.0	0.00	0.0	125	1.79	125	0.8	0.06	0.9	0.000	0.073	34.1	40	18.6	36.1	7.31	 .0697	0.00	234	1	100.0	10
09/07/14	8:00 a	28.8	28.8	28.7	60	20.2	3.1	E	1.88	5.8	SE	28.8	30.7	30.7	32.9	754.1	0.00	0.0	122	1.75	125	0.9	0.06	0.9	0.000	0.073	34.2	41	19.0	36.5	7.51	 .0696	0.15	234	1	100.0	10
09/07/14	8:10 a	28.8	28.8	28.8	61	20.6	2.7	E	1.61	6.3	ESE	28.8	31.0	31.0	33.6	754.2	0.00	0.0	137	1.96	146	1.0	0.07	1.1	0.000	0.073	34.2	41	19.1	36.6	7.51	 .0696	0.00	234	1	100.0	10
09/07/14	8:20 a	28.9	28.9	28.8	61	20.6	2.7	E	1.61	6.7	SE	28.9	31.1	31.1	34.3	754.2	0.00	0.0	166	2.38	186	1.2	0.09	1.3	0.000	0.073	34.2	41	19.1	36.6	7.51	 .0696	0.00	235	1	100.0	10
09/07/14	8:30 a	28.9	28.9	28.9	61	20.7	3.1	E	1.88	7.2	ENE	28.9	31.2	31.2	34.5	754.2	0.00	0.0	184	2.64	186	1.3	0.09	1.4	0.000	0.074	34.2	41	19.1	36.6	7.51	 .0696	0.00	234	1	100.0	10
09/07/14	8:40 a	28.9	28.9	28.9	62	20.9	4.0	E	2.41	7.2	E	28.6	31.4	31.0	33.7	754.3	0.00	0.0	173	2.48	176	1.4	0.10	1.4	0.000	0.074	34.2	41	19.0	36.5	7.51	 .0696	0.00	234	1	100.0	10
09/07/14	8:50 a	29.0	29.0	28.9	61	20.7	4.0	E	2.41	8.5	ESE	28.6	31.3	30.9	33.7	754.3	0.00	0.0	185	2.65	197	1.5	0.11	1.6	0.000	0.074	34.1	41	19.0	36.4	7.51	 .0697	0.00	234	1	100.0	10
09/07/14	9:00 a	29.1	29.1	29.0	61	20.8	4.0	E	2.41	8.5	ESE	28.7	31.4	31.0	34.1	754.4	0.00	0.0	208	2.98	230	1.7	0.12	2.0	0.000	0.074	34.1	41	18.9	36.3	7.52	 .0697	0.20	234	1	100.0	10
09/07/14	9:10 a	29.3	29.3	29.1	60	20.8	3.6	E	2.15	6.7	ENE	29.2	31.7	31.6	36.2	754.4	0.00	0.0	326	4.67	462	2.6	0.19	3.2	0.000	0.076	34.1	41	18.9	36.3	7.52	 .0697	0.00	234	1	100.0	10
09/07/14	9:20 a	29.7	29.7	29.3	59	20.8	4.0	E	2.41	8.5	ESE	29.3	32.2	31.8	37.3	754.5	0.00	0.0	472	6.77	555	3.6	0.26	4.1	0.000	0.079	34.1	41	18.9	36.3	7.52	 .0697	0.00	235	1	100.0	10
09/07/14	9:30 a	29.8	29.8	29.7	58	20.7	4.5	E	2.68	10.3	E	29.4	32.3	31.9	36.6	754.5	0.00	0.0	396	5.68	617	3.6	0.26	4.5	0.000	0.080	34.1	41	18.9	36.3	7.52	 .0697	0.00	234	1	100.0	10
09/07/14	9:40 a	30.0	30.0	29.8	58	20.8	3.6	E	2.15	6.7	E	29.9	32.7	32.6	36.7	754.5	0.00	0.0	322	4.62	464	3.7	0.26	5.6	0.000	0.081	34.1	41	19.0	36.4	7.51	 .0697	0.00	201	1	88.2	10
09/07/14	9:50 a	30.9	30.9	30.1	55	20.8	3.1	E	1.88	8.9	ENE	30.9	33.7	33.7	40.8	754.4	0.00	0.0	700	10.03	819	5.5	0.39	5.9	0.000	0.087	34.1	41	19.0	36.4	7.51	 .0697	0.00	234	1	100.0	10
09/07/14	10:00 a	30.7	30.9	30.7	55	20.6	6.3	E	3.76	10.3	ENE	29.9	33.4	32.7	37.6	754.5	0.00	0.0	668	9.58	872	5.5	0.39	6.6	0.000	0.086	34.2	41	19.0	36.5	7.51	 .0697	0.43	234	1	100.0	10
09/07/14	10:10 a	31.4	31.4	30.7	52	20.3	4.9	E	2.95	10.3	E	31.1	34.0	33.7	41.6	754.3	0.00	0.0	967	13.86	1072	6.9	0.49	7.5	0.000	0.091	34.2	41	19.0	36.5	7.51	 .0697	0.00	234	1	100.0	10
09/07/14	10:20 a	31.4	31.4	31.2	53	20.7	5.4	E	3.22	9.4	ENE	31.1	34.3	34.0	39.2	754.2	0.00	0.0	593	8.50	635	6.2	0.44	8.0	0.000	0.091	34.3	41	19.1	36.7	7.50	 .0696	0.00	234	1	100.0	10
09/07/14	10:30 a	31.7	31.7	31.4	52	20.7	5.4	E	3.22	10.3	ENE	31.4	34.7	34.4	39.7	754.2	0.00	0.0	769	11.02	970	6.4	0.46	7.4	0.000	0.093	34.3	41	19.2	36.8	7.50	 .0696	0.00	235	1	100.0	10
09/07/14	10:40 a	32.0	32.0	31.7	50	20.3	6.7	E	4.02	10.3	ENE	31.6	34.7	34.3	41.0	754.2	0.00	0.0	1082	15.51	1165	8.1	0.58	8.6	0.000	0.095	34.4	41	19.2	36.9	7.49	 .0696	0.00	234	1	100.0	10
09/07/14	10:50 a	32.3	32.3	32.0	50	20.5	5.8	E	3.49	10.3	ENE	32.1	35.2	34.9	41.1	754.1	0.00	0.0	981	14.06	1041	8.2	0.59	9.3	0.000	0.097	34.5	41	19.3	37.1	7.49	 .0695	0.00	234	1	100.0	10
09/07/14	11:00 a	32.6	32.6	32.3	49	20.5	5.4	E	3.22	9.4	ENE	32.6	35.6	35.6	41.7	754.0	0.00	0.0	988	14.16	1153	8.6	0.61	9.4	0.000	0.099	34.6	41	19.4	37.2	7.48	 .0695	0.79	234	1	100.0	10
09/07/14	11:10 a	32.9	32.9	32.6	48	20.5	4.0	ESE	2.41	10.3	E	32.9	36.1	36.1	41.9	754.0	0.00	0.0	898	12.87	962	7.9	0.56	8.5	0.000	0.101	34.7	41	19.5	37.6	7.47	 .0694	0.00	234	1	100.0	10
09/07/14	11:20 a	32.8	33.0	32.8	49	20.7	4.9	E	2.95	9.8	ENE	32.8	36.1	36.1	41.7	753.9	0.00	0.0	783	11.22	911	7.3	0.52	8.1	0.000	0.101	34.8	41	19.6	37.8	7.46	 .0694	0.00	234	1	100.0	10
09/07/14	11:30 a	33.0	33.1	32.7	48	20.5	3.6	E	2.15	8.5	ESE	33.0	36.2	36.2	41.8	753.8	0.00	0.0	591	8.47	751	6.2	0.44	7.1	0.000	0.102	34.9	41	19.7	37.9	7.46	 .0694	0.00	234	1	100.0	10
09/07/14	11:40 a	33.2	33.2	32.9	47	20.3	2.7	E	1.61	8.0	E	33.2	36.2	36.2	41.7	753.7	0.00	0.0	518	7.43	633	5.8	0.41	7.0	0.000	0.103	35.0	41	19.8	38.1	7.45	 .0693	0.00	235	1	100.0	10
09/07/14	11:50 a	33.6	33.6	33.2	47	20.7	2.7	S	1.61	5.4	SE	33.6	37.0	37.0	43.6	753.6	0.00	0.0	702	10.06	775	7.2	0.51	7.8	0.000	0.106	35.1	41	19.9	38.3	7.45	 .0693	0.00	234	1	100.0	10
09/07/14	12:00 p	33.9	33.9	33.5	45	20.3	2.7	SSE	1.61	5.4	ENE	33.9	37.1	37.1	43.7	753.4	0.00	0.0	721	10.34	872	7.1	0.51	8.3	0.000	0.108	35.2	41	20.0	38.6	7.45	 .0692	0.61	234	1	100.0	10
09/07/14	12:10 p	33.9	34.0	33.9	44	20.0	3.1	E	1.88	9.4	E	33.9	36.9	36.9	42.7	753.1	0.00	0.0	585	8.39	747	6.7	0.48	8.7	0.000	0.108	35.3	41	20.1	38.8	7.45	 .0692	0.00	234	1	100.0	10
09/07/14	12:20 p	33.7	34.0	33.7	45	20.1	3.6	E	2.15	8.0	ESE	33.7	36.8	36.8	42.3	753.1	0.00	0.0	572	8.20	698	6.5	0.46	7.4	0.000	0.107	35.3	41	20.1	38.8	7.45	 .0692	0.00	234	1	100.0	10
09/07/14	12:30 p	33.7	33.7	33.6	45	20.1	3.6	E	2.15	8.5	E	33.7	36.8	36.8	42.3	753.1	0.00	0.0	567	8.13	608	6.3	0.45	6.8	0.000	0.107	35.4	41	20.1	38.9	7.45	 .0691	0.00	234	1	100.0	10
09/07/14	12:40 p	34.2	34.2	33.7	45	20.6	2.2	SSE	1.34	6.7	ENE	34.2	37.8	37.8	42.9	752.9	0.00	0.0	473	6.78	504	5.3	0.38	5.6	0.000	0.110	35.5	41	20.2	39.1	7.45	 .0691	0.00	235	1	100.0	10
09/07/14	12:50 p	34.3	34.3	34.2	45	20.7	2.2	SSE	1.34	6.3	E	34.3	38.0	38.0	43.9	752.7	0.00	0.0	577	8.27	707	6.3	0.45	7.7	0.000	0.111	35.6	41	20.3	39.2	7.45	 .0691	0.00	234	1	100.0	10
09/07/14	1:00 p	34.3	34.3	34.1	44	20.3	2.7	E	1.61	6.7	S	34.3	37.6	37.6	44.5	752.6	0.00	0.0	792	11.35	918	7.7	0.55	8.7	0.000	0.111	35.6	41	20.3	39.2	7.45	 .0691	0.53	234	1	100.0	10
09/07/14	1:10 p	34.9	34.9	34.3	42	20.1	2.2	E	1.34	7.2	ENE	34.9	38.2	38.2	44.3	752.5	0.00	0.0	971	13.92	1025	8.9	0.64	9.8	0.000	0.115	35.7	41	20.4	39.4	7.45	 .0690	0.00	234	1	100.0	10
09/07/14	1:20 p	34.7	34.9	34.7	42	19.9	2.7	SSE	1.61	6.3	ESE	34.7	37.9	37.9	43.7	752.4	0.00	0.0	568	8.14	650	6.1	0.44	6.8	0.000	0.114	35.7	41	20.4	39.4	7.45	 .0690	0.00	234	1	100.0	10
09/07/14	1:30 p	34.4	34.7	34.4	42	19.6	3.6	E	2.15	7.2	ESE	34.4	37.2	37.2	41.8	752.3	0.00	0.0	451	6.47	524	5.0	0.36	5.6	0.000	0.111	35.7	40	20.0	39.2	7.25	 .0690	0.00	234	1	100.0	10
09/07/14	1:40 p	34.3	34.4	34.3	42	19.6	4.0	E	2.41	8.5	E	34.3	37.1	37.1	40.9	752.2	0.00	0.0	379	5.43	404	4.2	0.30	4.5	0.000	0.111	35.7	40	20.0	39.2	7.25	 .0690	0.00	234	1	100.0	10
09/07/14	1:50 p	34.2	34.3	34.2	43	19.8	4.0	E	2.41	6.7	SE	34.2	37.1	37.1	40.5	752.1	0.00	0.0	338	4.85	353	3.8	0.27	4.0	0.000	0.110	35.8	40	20.1	39.3	7.25	 .0690	0.00	235	1	100.0	10
09/07/14	2:00 p	34.4	34.4	34.2	42	19.6	2.2	E	1.34	5.8	ESE	34.4	37.2	37.2	40.3	752.0	0.00	0.0	281	4.03	309	3.1	0.22	3.4	0.000	0.111	35.8	40	20.1	39.4	7.25	 .0689	0.48	234	1	100.0	10
09/07/14	2:10 p	34.5	34.5	34.4	42	19.7	1.8	S	1.07	4.0	ESE	34.5	37.4	37.4	39.8	752.0	0.00	0.0	223	3.20	248	2.4	0.17	2.7	0.000	0.112	35.9	40	20.2	39.6	7.25	 .0689	0.00	234	1	100.0	10
09/07/14	2:20 p	34.6	34.6	34.5	42	19.8	1.8	S	1.07	4.0	S	34.6	37.6	37.6	39.8	751.8	0.00	0.0	217	3.11	241	2.3	0.16	2.6	0.000	0.113	35.9	40	20.2	39.6	7.25	 .0689	0.00	234	1	100.0	10
09/07/14	2:30 p	34.6	34.6	34.4	44	20.5	1.3	S	0.80	3.1	SSE	34.6	38.2	38.2	41.6	751.9	0.00	0.0	303	4.34	383	3.1	0.22	3.7	0.000	0.113	35.9	40	20.2	39.7	7.25	 .0689	0.00	234	1	100.0	10
09/07/14	2:40 p	34.7	34.7	34.6	43	20.3	1.8	SSE	1.07	4.9	SSE	34.7	38.1	38.1	42.6	751.8	0.00	0.0	420	6.02	483	4.1	0.29	5.0	0.000	0.113	35.9	40	20.2	39.7	7.25	 .0689	0.00	234	1	100.0	10
09/07/14	2:50 p	34.8	34.8	34.7	43	20.4	1.3	SSE	0.80	3.1	S	34.8	38.3	38.3	42.6	751.6	0.00	0.0	392	5.62	417	3.9	0.28	4.1	0.000	0.114	36.0	40	20.3	39.8	7.25	 .0689	0.00	235	1	100.0	10
09/07/14	3:00 p	35.2	35.2	34.8	42	20.3	1.3	SSE	0.80	3.1	SSE	35.2	38.8	38.8	44.2	751.6	0.00	0.0	517	7.41	786	4.8	0.34	6.5	0.000	0.117	36.0	40	20.3	39.8	7.25	 .0689	0.30	234	1	100.0	10
09/07/14	3:10 p	35.2	35.3	35.2	41	20.0	1.8	S	1.07	4.0	S	35.2	38.6	38.6	43.1	751.5	0.00	0.0	419	6.01	476	4.0	0.29	4.4	0.000	0.117	36.1	40	20.3	39.9	7.25	 .0688	0.00	234	1	100.0	10
09/07/14	3:20 p	35.3	35.3	35.2	42	20.4	1.3	SSE	0.80	3.6	E	35.3	39.0	39.0	43.1	751.4	0.00	0.0	369	5.29	397	3.6	0.26	3.6	0.000	0.118	36.1	40	20.4	40.0	7.25	 .0688	0.00	234	1	100.0	10
09/07/14	3:30 p	35.2	35.3	35.1	42	20.3	1.8	SSE	1.07	5.4	SE	35.2	38.8	38.8	42.8	751.4	0.00	0.0	356	5.10	396	3.3	0.24	3.6	0.000	0.117	36.1	40	20.4	40.0	7.25	 .0688	0.00	234	1	100.0	10
09/07/14	3:40 p	35.2	35.2	35.2	42	20.3	1.3	SSE	0.80	4.0	SSE	35.2	38.8	38.8	42.1	751.4	0.00	0.0	285	4.09	315	2.7	0.19	2.9	0.000	0.117	36.2	40	20.4	40.1	7.25	 .0688	0.00	234	1	100.0	10
09/07/14	3:50 p	35.2	35.3	35.2	42	20.4	1.8	S	1.07	4.0	SSE	35.2	38.9	38.9	41.9	751.3	0.00	0.0	260	3.73	267	2.4	0.17	2.5	0.000	0.117	36.2	40	20.5	40.2	7.25	 .0688	0.00	234	1	100.0	10
09/07/14	4:00 p	35.2	35.2	35.2	42	20.3	1.8	SSW	1.07	5.8	E	35.2	38.8	38.8	41.6	751.4	0.00	0.0	241	3.45	258	2.2	0.16	2.4	0.000	0.117	36.2	40	20.5	40.2	7.25	 .0688	0.30	235	1	100.0	10
09/07/14	4:10 p	35.1	35.2	35.1	42	20.3	2.2	E	1.34	4.9	E	35.1	38.7	38.7	41.9	751.3	0.00	0.0	271	3.88	294	2.3	0.16	2.4	0.000	0.117	36.3	40	20.5	40.3	7.25	 .0687	0.00	234	1	100.0	10
09/07/14	4:20 p	35.2	35.2	35.1	42	20.3	1.8	S	1.07	4.5	ENE	35.2	38.8	38.8	42.1	751.4	0.00	0.0	267	3.83	290	2.2	0.16	2.3	0.000	0.117	36.3	40	20.5	40.3	7.25	 .0688	0.00	234	1	100.0	10
09/07/14	4:30 p	35.2	35.2	35.1	42	20.4	2.2	E	1.34	5.8	ESE	35.2	38.9	38.9	43.6	751.3	0.00	0.0	375	5.38	390	2.5	0.18	2.5	0.000	0.117	36.3	40	20.6	40.4	7.25	 .0687	0.00	234	1	100.0	10
09/07/14	4:40 p	35.3	35.3	35.3	42	20.4	1.8	SSE	1.07	4.0	SSE	35.3	39.0	39.0	42.6	751.2	0.00	0.0	271	3.88	364	2.0	0.14	2.4	0.000	0.118	36.3	40	20.6	40.4	7.25	 .0687	0.00	234	1	100.0	10
09/07/14	4:50 p	35.2	35.3	35.2	42	20.4	1.8	S	1.07	3.6	SSW	35.2	38.9	38.9	42.4	751.3	0.00	0.0	257	3.68	264	1.8	0.13	1.8	0.000	0.117	36.4	40	20.6	40.6	7.25	 .0687	0.00	234	1	100.0	10
09/07/14	5:00 p	35.3	35.3	35.2	42	20.4	1.3	SSE	0.80	4.9	E	35.3	39.0	39.0	42.3	751.3	0.00	0.0	234	3.35	255	1.5	0.11	1.7	0.000	0.118	36.4	40	20.6	40.6	7.25	 .0687	0.28	234	1	100.0	10
09/07/14	5:10 p	35.1	35.3	35.1	42	20.2	2.2	ESE	1.34	5.8	NE	35.1	38.6	38.6	40.8	751.4	0.00	0.0	160	2.29	179	1.2	0.09	1.3	0.000	0.116	36.4	40	20.7	40.7	7.25	 .0687	0.00	235	1	100.0	10
09/07/14	5:20 p	34.8	35.1	34.8	43	20.4	1.8	S	1.07	5.4	E	34.8	38.4	38.4	40.2	751.5	0.00	0.0	131	1.88	142	0.9	0.06	1.0	0.000	0.115	36.4	40	20.7	40.7	7.25	 .0687	0.00	234	1	100.0	10
09/07/14	5:30 p	34.8	34.8	34.8	43	20.4	1.3	S	0.80	4.5	ESE	34.8	38.3	38.3	39.8	751.5	0.00	0.0	108	1.55	118	0.7	0.05	0.8	0.000	0.114	36.4	40	20.7	40.7	7.25	 .0687	0.00	234	1	100.0	10
09/07/14	5:40 p	34.7	34.8	34.7	44	20.6	1.3	SE	0.80	4.5	ENE	34.7	38.4	38.4	39.5	751.7	0.00	0.0	84	1.20	95	0.5	0.04	0.6	0.000	0.113	36.5	40	20.7	40.8	7.25	 .0687	0.00	234	1	100.0	10
09/07/14	5:50 p	34.6	34.7	34.6	44	20.6	1.3	ESE	0.80	3.1	E	34.6	38.3	38.3	39.0	751.9	0.00	0.0	61	0.87	70	0.0	0.00	0.0	0.000	0.113	36.6	40	20.8	40.9	7.25	 .0687	0.00	234	1	100.0	10
09/07/14	6:00 p	34.5	34.6	34.5	44	20.5	1.8	SE	1.07	5.4	ESE	34.5	38.1	38.1	38.5	752.0	0.00	0.0	46	0.66	53	0.0	0.00	0.0	0.000	0.112	36.6	40	20.8	40.9	7.25	 .0687	0.15	234	1	100.0	10
09/07/14	6:10 p	34.4	34.5	34.4	45	20.7	1.3	ESE	0.80	4.0	SE	34.4	38.1	38.1	38.3	752.1	0.00	0.0	33	0.47	39	0.0	0.00	0.0	0.000	0.111	36.6	40	20.8	40.9	7.25	 .0687	0.00	235	1	100.0	10
09/07/14	6:20 p	34.3	34.4	34.3	45	20.7	1.3	E	0.80	4.0	ESE	34.3	38.0	38.0	37.9	752.2	0.00	0.0	23	0.33	28	0.0	0.00	0.0	0.000	0.111	36.6	40	20.8	40.9	7.25	 .0687	0.00	234	1	100.0	10
09/07/14	6:30 p	34.3	34.3	34.3	45	20.6	0.9	ESE	0.54	4.0	ESE	34.3	37.9	37.9	37.6	752.3	0.00	0.0	13	0.19	18	0.0	0.00	0.0	0.000	0.111	36.6	40	20.8	40.9	7.25	 .0687	0.00	234	1	100.0	10
09/07/14	6:40 p	34.2	34.3	34.2	45	20.5	0.9	E	0.54	3.1	ESE	34.2	37.7	37.7	37.1	752.4	0.00	0.0	4	0.06	9	0.0	0.00	0.0	0.000	0.110	36.6	40	20.8	41.1	7.25	 .0687	0.00	234	1	100.0	10
09/07/14	6:50 p	34.1	34.2	34.1	45	20.4	0.9	E	0.54	4.0	E	34.1	37.4	37.4	36.8	752.5	0.00	0.0	0	0.00	0	0.0	0.00	0.0	0.000	0.109	36.6	40	20.8	41.1	7.25	 .0687	0.00	234	1	100.0	10
09/07/14	7:00 p	33.9	34.1	33.9	45	20.3	1.8	ESE	1.07	4.0	ESE	33.9	37.1	37.1	36.3	752.6	0.00	0.0	0	0.00	0	0.0	0.00	0.0	0.000	0.108	36.6	40	20.8	40.9	7.25	 .0688	0.08	234	1	100.0	10
09/07/14	7:10 p	33.8	33.9	33.8	45	20.2	2.2	E	1.34	4.9	ENE	33.8	36.9	36.9	36.1	752.8	0.00	0.0	0	0.00	0	0.0	0.00	0.0	0.000	0.107	36.6	40	20.8	41.1	7.25	 .0688	0.00	234	1	100.0	10
09/07/14	7:20 p	33.6	33.8	33.6	45	20.0	3.6	E	2.15	5.8	ENE	33.6	36.5	36.5	35.7	753.1	0.00	0.0	0	0.00	0	0.0	0.00	0.0	0.000	0.106	36.6	40	20.8	40.9	7.25	 .0688	0.00	235	1	100.0	10
09/07/14	7:30 p	33.3	33.6	33.3	44	19.4	3.6	E	2.15	6.7	E	33.3	35.7	35.7	34.9	753.3	0.00	0.0	0	0.00	0	0.0	0.00	0.0	0.000	0.104	36.4	39	20.3	40.3	7.10	 .0689	0.00	234	1	100.0	10
09/07/14	7:40 p	33.1	33.3	33.1	45	19.5	3.6	E	2.15	6.7	ESE	33.1	35.6	35.6	34.8	753.4	0.00	0.0	0	0.00	0	0.0	0.00	0.0	0.000	0.102	36.4	39	20.2	40.2	7.10	 .0689	0.00	234	1	100.0	10
09/07/14	7:50 p	32.8	33.1	32.8	45	19.3	3.6	E	2.15	8.5	ESE	32.8	35.2	35.2	34.4	753.4	0.00	0.0	0	0.00	0	0.0	0.00	0.0	0.000	0.101	36.3	39	20.2	40.1	7.10	 .0690	0.00	234	1	100.0	10
09/07/14	8:00 p	32.7	32.8	32.7	46	19.5	3.6	E	2.15	6.3	ESE	32.7	35.1	35.1	34.3	753.6	0.00	0.0	0	0.00	0	0.0	0.00	0.0	0.000	0.100	36.3	39	20.1	39.9	7.10	 .0690	0.15	234	1	100.0	10
09/07/14	8:10 p	32.5	32.7	32.5	46	19.4	3.6	E	2.15	6.7	E	32.5	34.8	34.8	34.0	753.7	0.00	0.0	0	0.00	0	0.0	0.00	0.0	0.000	0.098	36.3	39	20.1	39.9	7.10	 .0690	0.00	234	1	100.0	10
09/07/14	8:20 p	32.3	32.5	32.3	47	19.6	3.6	E	2.15	6.7	E	32.3	34.7	34.7	33.9	753.7	0.00	0.0	0	0.00	0	0.0	0.00	0.0	0.000	0.097	36.2	39	20.0	39.7	7.11	 .0690	0.00	235	1	100.0	10
09/07/14	8:30 p	32.2	32.3	32.2	48	19.8	3.1	E	1.88	5.8	ESE	32.2	34.6	34.6	33.7	753.8	0.00	0.0	0	0.00	0	0.0	0.00	0.0	0.000	0.096	36.1	39	20.0	39.6	7.11	 .0691	0.00	234	1	100.0	10
09/07/14	8:40 p	31.9	32.2	31.9	49	19.8	3.1	ESE	1.88	8.0	ESE	31.9	34.4	34.4	33.6	753.9	0.00	0.0	0	0.00	0	0.0	0.00	0.0	0.000	0.094	36.1	39	19.9	39.5	7.11	 .0691	0.00	234	1	100.0	10
09/07/14	8:50 p	31.7	31.9	31.7	51	20.3	3.6	ESE	2.15	8.5	E	31.7	34.4	34.4	33.7	753.9	0.00	0.0	0	0.00	0	0.0	0.00	0.0	0.000	0.093	36.1	39	19.9	39.5	7.11	 .0691	0.00	234	1	100.0	10
09/07/14	9:00 p	31.4	31.7	31.4	52	20.3	4.5	E	2.68	10.7	ESE	31.2	34.0	33.8	33.2	754.1	0.00	0.0	0	0.00	0	0.0	0.00	0.0	0.000	0.091	35.9	39	19.8	39.3	7.12	 .0692	0.15	234	1	100.0	10
09/07/14	9:10 p	31.2	31.4	31.2	53	20.5	3.1	SE	1.88	7.2	ENE	31.2	33.8	33.8	33.1	754.1	0.00	0.0	0	0.00	0	0.0	0.00	0.0	0.000	0.090	35.9	39	19.8	39.2	7.12	 .0692	0.00	234	1	100.0	10
09/07/14	9:20 p	31.1	31.2	31.1	53	20.4	3.6	E	2.15	8.5	NE	31.0	33.5	33.4	32.7	754.2	0.00	0.0	0	0.00	0	0.0	0.00	0.0	0.000	0.088	35.9	39	19.8	39.2	7.12	 .0692	0.00	234	1	100.0	10
09/07/14	9:30 p	30.9	31.1	30.9	54	20.6	2.7	E	1.61	6.7	E	30.9	33.6	33.6	32.8	754.1	0.00	0.0	0	0.00	0	0.0	0.00	0.0	0.000	0.088	35.8	39	19.7	39.1	7.12	 .0692	0.00	235	1	100.0	10
09/07/14	9:40 p	30.8	30.9	30.8	54	20.4	3.6	E	2.15	9.8	E	30.7	33.3	33.3	32.6	754.0	0.00	0.0	0	0.00	0	0.0	0.00	0.0	0.000	0.086	35.8	39	19.7	38.9	7.12	 .0692	0.00	234	1	100.0	10
09/07/14	9:50 p	30.7	30.8	30.7	55	20.6	3.6	E	2.15	8.9	E	30.6	33.4	33.3	32.6	754.0	0.00	0.0	0	0.00	0	0.0	0.00	0.0	0.000	0.086	35.8	40	20.1	39.3	7.25	 .0692	0.00	234	1	100.0	10
09/07/14	10:00 p	30.6	30.7	30.6	55	20.5	2.7	SSE	1.61	7.2	SE	30.6	33.3	33.3	32.5	754.0	0.00	0.0	0	0.00	0	0.0	0.00	0.0	0.000	0.085	35.7	40	20.0	39.2	7.25	 .0692	0.13	234	1	100.0	10
09/07/14	10:10 p	30.6	30.6	30.6	56	20.8	3.1	SSE	1.88	6.7	ESE	30.6	33.4	33.4	32.7	754.1	0.00	0.0	0	0.00	0	0.0	0.00	0.0	0.000	0.085	35.7	40	20.0	39.1	7.25	 .0692	0.00	234	1	100.0	10
09/07/14	10:20 p	30.5	30.6	30.5	56	20.7	3.1	SSE	1.88	8.9	SE	30.5	33.3	33.3	32.6	754.2	0.00	0.0	0	0.00	0	0.0	0.00	0.0	0.000	0.084	35.7	40	20.0	39.1	7.25	 .0692	0.00	234	1	100.0	10
09/07/14	10:30 p	30.4	30.5	30.4	56	20.7	3.1	SSE	1.88	8.5	E	30.4	33.2	33.2	32.4	754.2	0.00	0.0	0	0.00	0	0.0	0.00	0.0	0.000	0.084	35.7	40	20.0	39.1	7.25	 .0692	0.00	235	1	100.0	10
09/07/14	10:40 p	30.3	30.4	30.3	57	20.9	2.7	S	1.61	8.0	ENE	30.3	33.2	33.2	32.4	754.2	0.00	0.0	0	0.00	0	0.0	0.00	0.0	0.000	0.083	35.6	40	19.9	39.0	7.25	 .0692	0.00	234	1	100.0	10
09/07/14	10:50 p	30.2	30.3	30.2	57	20.7	3.1	ESE	1.88	7.2	SE	30.2	32.8	32.8	32.1	754.3	0.00	0.0	0	0.00	0	0.0	0.00	0.0	0.000	0.082	35.6	40	19.9	38.9	7.25	 .0693	0.00	234	1	100.0	10
09/07/14	11:00 p	30.1	30.2	30.1	58	20.9	2.7	SSE	1.61	6.3	ENE	30.1	32.9	32.9	32.1	754.4	0.00	0.0	0	0.00	0	0.0	0.00	0.0	0.000	0.082	35.6	40	19.9	38.9	7.25	 .0693	0.10	234	1	100.0	10
09/07/14	11:10 p	30.1	30.1	30.1	58	20.9	2.2	S	1.34	5.8	E	30.1	32.8	32.8	32.0	754.4	0.00	0.0	0	0.00	0	0.0	0.00	0.0	0.000	0.081	35.6	40	19.9	38.9	7.25	 .0693	0.00	234	1	100.0	10
09/07/14	11:20 p	30.1	30.1	30.0	58	20.9	2.2	SSE	1.34	8.0	ESE	30.1	32.8	32.8	32.0	754.4	0.00	0.0	0	0.00	0	0.0	0.00	0.0	0.000	0.081	35.6	40	19.9	38.9	7.25	 .0693	0.00	234	1	100.0	10
09/07/14	11:30 p	29.9	30.1	29.9	59	21.1	2.2	SSE	1.34	7.2	E	29.9	32.7	32.7	31.9	754.4	0.00	0.0	0	0.00	0	0.0	0.00	0.0	0.000	0.081	35.5	40	19.8	38.8	7.25	 .0693	0.00	234	1	100.0	10
09/07/14	11:40 p	29.9	30.0	29.9	59	21.0	2.2	S	1.34	5.4	ESE	29.9	32.6	32.6	31.8	754.3	0.00	0.0	0	0.00	0	0.0	0.00	0.0	0.000	0.080	35.5	40	19.8	38.8	7.25	 .0693	0.00	235	1	100.0	10
09/07/14	11:50 p	29.8	29.9	29.8	60	21.2	2.2	ESE	1.34	6.3	E	29.8	32.7	32.7	31.9	754.2	0.00	0.0	0	0.00	0	0.0	0.00	0.0	0.000	0.080	35.5	40	19.8	38.8	7.25	 .0693	0.00	234	1	100.0	10
10/07/14	12:00 a	29.8	29.8	29.8	60	21.2	3.1	E	1.88	5.8	E	29.8	32.6	32.6	31.8	754.2	0.00	0.0	0	0.00	0	0.0	0.00	0.0	0.000	0.079	35.4	40	19.7	38.6	7.25	 .0693	0.10	234	1	100.0	10
