		Temp	Hi	Low	Out	Dew	Wind	Wind	Wind	Hi	Hi	Wind	Heat	THW	THSW			Rain	Solar	Solar	Hi Solar	UV 	UV 	Hi 	Heat	Cool	In 	In	In 	In 	In 	In Air		Wind	Wind	ISS 	Arc.
Date	Time	Out	Temp	Temp	Hum	Pt.	Speed	Dir	Run	Speed	Dir	Chill	Index	Index	Index	Bar  	Rain	Rate	Rad.	Energy	Rad. 	Index	Dose	UV 	D-D 	D-D 	Temp	Hum	Dew	Heat	EMC	Density	ET 	Samp	Tx 	Recept	Int.
12/07/14	12:10 a	29.2	29.2	29.2	56	19.5	4.5	E	2.68	8.5	E	28.7	30.9	30.3	29.6	754.6	0.00	0.0	0	0.00	0	0.0	0.00	0.0	0.000	0.076	33.4	41	18.3	35.1	7.57	 .0699	0.00	233	1	100.0	10
12/07/14	12:20 a	29.2	29.2	29.2	57	19.8	3.6	E	2.15	8.5	ESE	29.1	31.0	30.9	30.1	754.5	0.00	0.0	0	0.00	0	0.0	0.00	0.0	0.000	0.075	33.3	41	18.3	35.0	7.57	 .0699	0.00	235	1	100.0	10
12/07/14	12:30 a	29.2	29.2	29.2	57	19.8	4.0	E	2.41	8.9	E	28.8	31.0	30.7	29.9	754.4	0.00	0.0	0	0.00	0	0.0	0.00	0.0	0.000	0.075	33.3	41	18.2	34.9	7.57	 .0699	0.00	234	1	100.0	10
12/07/14	12:40 a	29.2	29.2	29.1	57	19.8	4.0	E	2.41	8.0	E	28.8	31.0	30.7	29.9	754.3	0.00	0.0	0	0.00	0	0.0	0.00	0.0	0.000	0.075	33.2	41	18.2	34.8	7.58	 .0699	0.00	234	1	100.0	10
12/07/14	12:50 a	29.1	29.2	29.1	57	19.7	3.6	E	2.15	8.9	ESE	28.9	30.9	30.7	29.9	754.3	0.00	0.0	0	0.00	0	0.0	0.00	0.0	0.000	0.075	33.2	41	18.2	34.8	7.58	 .0699	0.00	234	1	100.0	10
12/07/14	1:00 a	29.1	29.1	29.1	58	20.0	4.0	E	2.41	6.7	ESE	28.7	30.9	30.6	29.8	754.2	0.00	0.0	0	0.00	0	0.0	0.00	0.0	0.000	0.074	33.2	41	18.1	34.7	7.58	 .0700	0.13	234	1	100.0	10
12/07/14	1:10 a	29.0	29.1	28.9	58	19.9	3.6	E	2.15	6.3	E	28.8	30.9	30.7	29.9	754.0	0.00	0.0	0	0.00	0	0.0	0.00	0.0	0.000	0.074	33.2	41	18.1	34.7	7.58	 .0699	0.00	234	1	100.0	10
12/07/14	1:20 a	28.9	29.0	28.9	58	19.8	3.6	E	2.15	7.2	E	28.8	30.8	30.6	29.8	754.0	0.00	0.0	0	0.00	0	0.0	0.00	0.0	0.000	0.074	33.2	41	18.1	34.7	7.58	 .0699	0.00	234	1	100.0	10
12/07/14	1:30 a	29.1	29.1	28.9	57	19.7	3.6	E	2.15	8.9	ESE	28.9	30.8	30.7	29.9	753.8	0.00	0.0	0	0.00	0	0.0	0.00	0.0	0.000	0.074	33.2	41	18.1	34.7	7.58	 .0699	0.00	235	1	100.0	10
12/07/14	1:40 a	29.1	29.1	29.1	57	19.7	3.6	E	2.15	8.0	SE	28.9	30.8	30.7	29.9	753.7	0.00	0.0	0	0.00	0	0.0	0.00	0.0	0.000	0.074	33.1	41	18.1	34.6	7.59	 .0699	0.00	234	1	100.0	10
12/07/14	1:50 a	29.1	29.1	29.1	57	19.7	3.6	E	2.15	6.7	ESE	28.9	30.9	30.7	29.9	753.7	0.00	0.0	0	0.00	0	0.0	0.00	0.0	0.000	0.075	33.1	41	18.1	34.6	7.59	 .0699	0.00	234	1	100.0	10
12/07/14	2:00 a	29.2	29.2	29.1	57	19.8	3.6	E	2.15	8.9	ESE	29.1	31.0	30.9	30.1	753.6	0.00	0.0	0	0.00	0	0.0	0.00	0.0	0.000	0.075	33.1	41	18.1	34.6	7.59	 .0699	0.13	234	1	100.0	10
12/07/14	2:10 a	29.1	29.1	29.1	57	19.7	4.0	E	2.41	8.9	ESE	28.7	30.9	30.5	29.7	753.6	0.00	0.0	0	0.00	0	0.0	0.00	0.0	0.000	0.075	33.1	41	18.1	34.6	7.59	 .0699	0.00	234	1	100.0	10
12/07/14	2:20 a	29.1	29.1	29.1	57	19.7	4.9	E	2.95	10.7	ESE	28.4	30.9	30.2	29.4	753.5	0.00	0.0	0	0.00	0	0.0	0.00	0.0	0.000	0.075	33.1	42	18.5	34.9	7.69	 .0699	0.00	234	1	100.0	10
12/07/14	2:30 a	29.1	29.2	29.1	57	19.7	4.5	E	2.68	8.5	NE	28.6	30.9	30.3	29.6	753.6	0.00	0.0	0	0.00	0	0.0	0.00	0.0	0.000	0.075	33.1	42	18.4	34.8	7.69	 .0699	0.00	235	1	100.0	10
12/07/14	2:40 a	29.2	29.2	29.1	57	19.8	4.5	E	2.68	8.5	E	28.6	31.0	30.4	29.7	753.5	0.00	0.0	0	0.00	0	0.0	0.00	0.0	0.000	0.075	33.0	42	18.4	34.7	7.69	 .0699	0.00	234	1	100.0	10
12/07/14	2:50 a	29.2	29.2	29.2	58	20.1	4.5	E	2.68	8.5	E	28.6	31.1	30.6	29.9	753.5	0.00	0.0	0	0.00	0	0.0	0.00	0.0	0.000	0.075	33.0	42	18.4	34.7	7.69	 .0699	0.00	234	1	100.0	10
12/07/14	3:00 a	29.1	29.2	29.1	58	20.0	4.9	E	2.95	10.3	E	28.4	31.1	30.3	29.7	753.5	0.00	0.0	0	0.00	0	0.0	0.00	0.0	0.000	0.075	32.9	42	18.3	34.6	7.70	 .0699	0.13	234	1	100.0	10
12/07/14	3:10 a	29.1	29.2	29.1	58	20.0	5.4	E	3.22	10.3	E	28.2	30.9	30.1	29.4	753.4	0.00	0.0	0	0.00	0	0.0	0.00	0.0	0.000	0.074	32.9	42	18.3	34.5	7.70	 .0699	0.00	234	1	100.0	10
12/07/14	3:20 a	29.1	29.1	29.1	58	20.0	4.5	E	2.68	9.4	ESE	28.5	30.9	30.4	29.7	753.5	0.00	0.0	0	0.00	0	0.0	0.00	0.0	0.000	0.074	32.9	42	18.3	34.5	7.70	 .0699	0.00	234	1	100.0	10
12/07/14	3:30 a	29.1	29.1	29.0	58	20.0	4.5	E	2.68	9.4	ESE	28.5	30.9	30.4	29.7	753.5	0.00	0.0	0	0.00	0	0.0	0.00	0.0	0.000	0.074	32.9	42	18.3	34.6	7.70	 .0699	0.00	234	1	100.0	10
12/07/14	3:40 a	29.2	29.2	29.1	57	19.8	4.5	E	2.68	8.9	ESE	28.6	31.0	30.4	29.7	753.4	0.00	0.0	0	0.00	0	0.0	0.00	0.0	0.000	0.075	32.9	42	18.3	34.6	7.70	 .0699	0.00	235	1	100.0	10
12/07/14	3:50 a	29.2	29.2	29.1	56	19.5	4.5	E	2.68	9.4	E	28.7	30.9	30.3	29.6	753.5	0.00	0.0	0	0.00	0	0.0	0.00	0.0	0.000	0.076	32.9	42	18.3	34.5	7.70	 .0699	0.00	234	1	100.0	10
12/07/14	4:00 a	29.2	29.3	29.2	56	19.5	4.9	E	2.95	8.9	ENE	28.6	30.9	30.2	29.5	753.6	0.00	0.0	0	0.00	0	0.0	0.00	0.0	0.000	0.076	32.9	42	18.3	34.5	7.70	 .0699	0.13	234	1	100.0	10
12/07/14	4:10 a	29.3	29.3	29.2	55	19.4	5.4	E	3.22	11.2	E	28.6	30.9	30.1	29.4	753.7	0.00	0.0	0	0.00	0	0.0	0.00	0.0	0.000	0.076	32.8	42	18.2	34.4	7.71	 .0700	0.00	234	1	100.0	10
12/07/14	4:20 a	29.3	29.3	29.3	55	19.4	4.9	E	2.95	10.3	E	28.7	30.9	30.2	29.5	753.7	0.00	0.0	0	0.00	0	0.0	0.00	0.0	0.000	0.076	32.8	42	18.2	34.4	7.71	 .0700	0.00	234	1	100.0	10
12/07/14	4:30 a	29.3	29.3	29.3	55	19.3	4.5	E	2.68	8.9	E	28.7	30.8	30.3	29.6	753.6	0.00	0.0	0	0.00	0	0.0	0.00	0.0	0.000	0.076	32.8	42	18.2	34.3	7.71	 .0700	0.00	234	1	100.0	10
12/07/14	4:40 a	29.2	29.3	29.2	55	19.3	4.9	E	2.95	10.3	ESE	28.6	30.8	30.1	29.4	753.6	0.00	0.0	0	0.00	0	0.0	0.00	0.0	0.000	0.076	32.8	42	18.2	34.3	7.71	 .0700	0.00	234	1	100.0	10
12/07/14	4:50 a	29.2	29.2	29.2	56	19.5	5.4	E	3.22	11.6	ESE	28.3	30.8	30.0	29.3	753.6	0.00	0.0	0	0.00	0	0.0	0.00	0.0	0.000	0.075	32.8	42	18.2	34.3	7.71	 .0700	0.00	235	1	100.0	10
12/07/14	5:00 a	29.1	29.2	29.1	56	19.4	4.9	E	2.95	9.8	E	28.4	30.8	30.1	29.3	753.6	0.00	0.0	0	0.00	0	0.0	0.00	0.0	0.000	0.075	32.8	42	18.2	34.3	7.71	 .0700	0.15	234	1	100.0	10
12/07/14	5:10 a	29.0	29.1	29.0	56	19.3	4.5	E	2.68	8.5	E	28.4	30.6	30.0	29.3	753.7	0.00	0.0	0	0.00	0	0.0	0.00	0.0	0.000	0.074	32.8	42	18.2	34.3	7.71	 .0700	0.00	234	1	100.0	10
12/07/14	5:20 a	29.1	29.1	29.0	56	19.4	4.9	E	2.95	9.8	ESE	28.3	30.7	29.9	29.2	753.7	0.00	0.0	0	0.00	0	0.0	0.00	0.0	0.000	0.074	32.8	42	18.2	34.3	7.71	 .0700	0.00	234	1	100.0	10
12/07/14	5:30 a	29.0	29.1	29.0	54	18.8	5.4	E	3.22	13.0	ESE	28.1	30.4	29.5	28.8	753.7	0.00	0.0	0	0.00	0	0.0	0.00	0.0	0.000	0.074	32.8	42	18.2	34.3	7.71	 .0700	0.00	234	1	100.0	10
12/07/14	5:40 a	28.9	29.0	28.9	54	18.6	5.8	E	3.49	11.6	E	27.9	30.2	29.2	28.5	753.7	0.00	0.0	0	0.00	0	0.0	0.00	0.0	0.000	0.073	32.7	42	18.1	34.2	7.71	 .0700	0.00	234	1	100.0	10
12/07/14	5:50 a	28.8	28.9	28.8	55	18.9	5.8	E	3.49	11.6	ESE	27.8	30.2	29.2	28.6	753.8	0.00	0.0	0	0.00	0	0.0	0.00	0.0	0.000	0.073	32.7	42	18.1	34.1	7.72	 .0700	0.00	235	1	100.0	10
12/07/14	6:00 a	28.8	28.8	28.8	55	18.8	5.4	E	3.22	11.6	ENE	27.9	30.2	29.3	28.6	753.9	0.00	0.0	0	0.00	0	0.0	0.00	0.0	0.000	0.073	32.6	42	18.0	34.1	7.72	 .0701	0.15	234	1	100.0	10
12/07/14	6:10 a	28.6	28.8	28.6	56	19.0	5.8	E	3.49	13.4	E	27.6	29.9	28.9	28.2	753.9	0.00	0.0	3	0.04	11	0.0	0.00	0.0	0.000	0.071	32.6	42	18.0	33.9	7.73	 .0701	0.00	234	1	100.0	10
12/07/14	6:20 a	28.5	28.6	28.5	58	19.4	5.4	E	3.22	10.3	NNE	27.6	29.9	29.0	28.5	754.1	0.00	0.0	16	0.23	19	0.0	0.00	0.0	0.000	0.071	32.5	42	17.9	33.8	7.73	 .0701	0.00	234	1	100.0	10
12/07/14	6:30 a	28.4	28.5	28.4	59	19.6	5.4	E	3.22	10.3	E	27.4	29.8	28.8	28.4	754.1	0.00	0.0	25	0.36	30	0.0	0.00	0.0	0.000	0.070	32.5	42	17.9	33.8	7.73	 .0701	0.00	234	1	100.0	10
12/07/14	6:40 a	28.4	28.4	28.4	59	19.6	5.8	E	3.49	10.7	E	27.3	29.8	28.7	28.4	754.2	0.00	0.0	37	0.53	46	0.0	0.00	0.0	0.000	0.070	32.4	42	17.9	33.7	7.73	 .0701	0.00	234	1	100.0	10
12/07/14	6:50 a	28.4	28.4	28.4	60	19.9	4.9	E	2.95	9.8	E	27.6	29.9	29.1	29.0	754.3	0.00	0.0	54	0.77	60	0.0	0.00	0.0	0.000	0.070	32.4	42	17.9	33.7	7.73	 .0701	0.00	234	1	100.0	10
12/07/14	7:00 a	28.5	28.5	28.4	60	20.0	5.4	E	3.22	10.7	E	27.6	30.2	29.2	29.3	754.3	0.00	0.0	72	1.03	83	0.0	0.00	0.0	0.000	0.071	32.4	43	18.3	34.0	7.93	 .0701	0.15	235	1	100.0	10
12/07/14	7:10 a	28.6	28.6	28.5	60	20.0	5.4	E	3.22	11.6	ESE	27.6	30.3	29.3	29.7	754.5	0.00	0.0	93	1.33	97	0.4	0.03	0.6	0.000	0.071	32.4	43	18.3	34.0	7.93	 .0701	0.00	234	1	100.0	10
12/07/14	7:20 a	28.6	28.6	28.6	60	20.0	5.4	E	3.22	9.8	E	27.6	30.3	29.3	29.9	754.4	0.00	0.0	112	1.61	127	0.7	0.05	0.7	0.000	0.071	32.4	43	18.3	34.0	7.93	 .0701	0.00	234	1	100.0	10
12/07/14	7:30 a	28.7	28.7	28.6	59	19.9	6.7	E	4.02	12.5	E	27.4	30.5	29.2	29.9	754.3	0.00	0.0	137	1.96	144	0.8	0.06	0.9	0.000	0.072	32.4	43	18.3	34.0	7.93	 .0701	0.00	234	1	100.0	10
12/07/14	7:40 a	28.9	28.9	28.7	59	20.1	6.3	E	3.76	11.6	E	27.8	30.9	29.8	30.9	754.5	0.00	0.0	166	2.38	178	1.0	0.07	1.1	0.000	0.074	32.4	43	18.2	33.9	7.94	 .0701	0.00	234	1	100.0	10
12/07/14	7:50 a	29.1	29.1	28.9	58	20.0	5.8	E	3.49	15.2	ESE	28.2	31.1	30.1	33.0	754.5	0.00	0.0	193	2.77	206	1.2	0.09	1.2	0.000	0.075	32.4	43	18.3	34.0	7.93	 .0701	0.00	234	1	100.0	10
12/07/14	8:00 a	29.2	29.2	29.1	58	20.1	5.4	E	3.22	10.7	SE	28.3	31.1	30.3	33.3	754.5	0.00	0.0	209	3.00	216	1.3	0.09	1.3	0.000	0.075	32.4	43	18.3	34.0	7.93	 .0701	0.25	235	1	100.0	10
12/07/14	8:10 a	29.2	29.2	29.1	59	20.4	5.4	E	3.22	11.6	E	28.4	31.4	30.6	33.7	754.5	0.00	0.0	225	3.23	232	1.5	0.11	1.6	0.000	0.076	32.5	43	18.3	34.1	7.93	 .0701	0.00	234	1	100.0	10
12/07/14	8:20 a	29.3	29.3	29.2	59	20.5	4.9	E	2.95	10.7	ESE	28.7	31.6	30.9	34.8	754.6	0.00	0.0	278	3.99	311	1.8	0.13	2.0	0.000	0.076	32.6	43	18.4	34.2	7.93	 .0701	0.00	234	1	100.0	10
12/07/14	8:30 a	29.4	29.4	29.3	58	20.3	4.0	E	2.41	10.3	E	29.1	31.6	31.2	35.6	754.6	0.00	0.0	290	4.16	359	2.0	0.14	2.2	0.000	0.077	32.6	43	18.4	34.3	7.92	 .0701	0.00	234	1	100.0	10
12/07/14	8:40 a	29.8	29.8	29.4	57	20.3	5.4	E	3.22	12.1	E	29.1	32.1	31.3	37.6	754.6	0.00	0.0	477	6.84	647	2.8	0.20	3.3	0.000	0.079	32.7	43	18.5	34.4	7.92	 .0701	0.00	234	1	100.0	10
12/07/14	8:50 a	30.2	30.2	29.8	56	20.5	4.0	E	2.41	9.8	ESE	29.9	32.7	32.4	39.1	754.7	0.00	0.0	493	7.07	671	3.0	0.21	3.5	0.000	0.083	32.7	43	18.5	34.4	7.91	 .0701	0.00	234	1	100.0	10
12/07/14	9:00 a	30.3	30.3	30.1	54	19.9	5.4	E	3.22	13.0	E	29.7	32.4	31.8	35.8	754.6	0.00	0.0	314	4.50	582	2.8	0.20	3.7	0.000	0.083	32.8	43	18.6	34.6	7.91	 .0700	0.38	234	1	100.0	10
12/07/14	9:10 a	30.7	30.7	30.3	53	20.0	4.9	E	2.95	11.2	E	30.2	33.0	32.6	39.1	754.7	0.00	0.0	592	8.49	721	3.8	0.27	4.1	0.000	0.086	32.8	43	18.6	34.7	7.91	 .0700	0.00	235	1	100.0	10
12/07/14	9:20 a	30.9	30.9	30.7	53	20.2	4.5	E	2.68	10.3	ENE	30.6	33.3	33.0	40.5	754.7	0.00	0.0	684	9.81	777	4.2	0.30	4.7	0.000	0.087	32.9	43	18.7	34.8	7.90	 .0700	0.00	234	1	100.0	10
12/07/14	9:30 a	30.4	30.9	30.4	55	20.4	4.0	E	2.41	9.4	E	30.2	33.0	32.8	37.1	754.7	0.00	0.0	343	4.92	380	3.2	0.23	3.3	0.000	0.084	33.0	43	18.8	34.9	7.89	 .0700	0.00	234	1	100.0	10
12/07/14	9:40 a	30.5	30.5	30.4	55	20.4	5.8	E	3.49	13.4	SSE	29.8	33.1	32.4	36.8	754.7	0.00	0.0	430	6.16	540	3.6	0.26	4.3	0.000	0.084	33.1	43	18.8	35.1	7.89	 .0700	0.00	234	1	100.0	10
12/07/14	9:50 a	31.1	31.1	30.5	53	20.4	4.9	ESE	2.95	12.1	E	30.7	33.5	33.2	39.2	754.6	0.00	0.0	699	10.02	830	5.3	0.38	6.1	0.000	0.088	33.1	43	18.9	35.2	7.89	 .0699	0.00	234	1	100.0	10
12/07/14	10:00 a	31.4	31.4	31.1	52	20.3	5.8	E	3.49	13.9	ENE	30.9	34.0	33.6	40.2	754.5	0.00	0.0	848	12.16	911	6.1	0.44	6.3	0.000	0.091	33.2	43	18.9	35.2	7.88	 .0699	0.56	234	1	100.0	10
12/07/14	10:10 a	31.4	31.4	31.3	52	20.3	6.3	E	3.76	12.5	ENE	30.9	34.0	33.5	39.4	754.4	0.00	0.0	825	11.83	905	6.0	0.43	6.4	0.000	0.091	33.2	43	19.0	35.3	7.88	 .0699	0.00	235	1	100.0	10
12/07/14	10:20 a	31.6	31.6	31.3	51	20.2	5.4	E	3.22	13.4	ENE	31.3	34.3	34.1	38.3	754.5	0.00	0.0	444	6.36	552	4.6	0.33	5.1	0.000	0.092	33.3	43	19.0	35.4	7.87	 .0699	0.00	234	1	100.0	10
12/07/14	10:30 a	31.8	31.8	31.6	50	20.1	5.8	E	3.49	14.3	ESE	31.5	34.5	34.2	39.0	754.3	0.00	0.0	581	8.33	708	5.4	0.39	6.5	0.000	0.094	33.3	43	19.1	35.5	7.87	 .0698	0.00	234	1	100.0	10
12/07/14	10:40 a	31.9	32.0	31.8	50	20.2	5.8	E	3.49	12.5	ESE	31.6	34.7	34.3	39.0	754.4	0.00	0.0	554	7.94	708	4.9	0.35	5.5	0.000	0.095	33.4	43	19.1	35.6	7.87	 .0698	0.00	234	1	100.0	10
12/07/14	10:50 a	31.8	32.0	31.8	50	20.1	6.7	E	4.02	13.0	ESE	31.3	34.4	33.9	37.2	754.4	0.00	0.0	389	5.58	424	3.8	0.27	4.0	0.000	0.093	33.4	43	19.2	35.7	7.86	 .0698	0.00	234	1	100.0	10
12/07/14	11:00 a	31.9	32.0	31.8	50	20.2	4.9	ESE	2.95	13.9	ESE	31.7	34.6	34.4	37.7	754.4	0.00	0.0	349	5.00	364	3.6	0.26	3.8	0.000	0.094	33.5	43	19.2	35.8	7.86	 .0698	0.53	234	1	100.0	10
12/07/14	11:10 a	31.9	31.9	31.9	49	19.9	6.3	E	3.76	13.0	ESE	31.6	34.4	34.1	37.1	754.4	0.00	0.0	354	5.07	399	3.8	0.27	4.2	0.000	0.095	33.5	43	19.2	35.8	7.86	 .0698	0.00	234	1	100.0	10
12/07/14	11:20 a	31.9	31.9	31.9	49	19.9	6.3	E	3.76	13.9	E	31.6	34.4	34.1	37.7	754.2	0.00	0.0	433	6.21	452	4.5	0.32	4.7	0.000	0.095	33.6	43	19.3	35.9	7.85	 .0698	0.00	235	1	100.0	10
12/07/14	11:30 a	32.2	32.2	32.0	48	19.8	6.7	E	4.02	14.8	SE	31.8	34.7	34.3	38.1	754.0	0.00	0.0	487	6.98	527	5.1	0.36	5.4	0.000	0.096	33.6	43	19.3	35.9	7.85	 .0697	0.00	234	1	100.0	10
12/07/14	11:40 a	32.7	32.7	32.2	47	19.9	5.8	E	3.49	13.9	ENE	32.6	35.3	35.2	39.7	754.0	0.00	0.0	565	8.10	596	5.7	0.41	6.0	0.000	0.100	33.6	42	18.9	35.8	7.65	 .0698	0.00	234	1	100.0	10
12/07/14	11:50 a	32.6	32.7	32.6	47	19.8	4.5	ESE	2.68	10.3	ESE	32.6	35.2	35.2	39.2	753.9	0.00	0.0	432	6.19	548	4.6	0.33	5.7	0.000	0.099	33.7	42	19.0	35.9	7.64	 .0697	0.00	234	1	100.0	10
12/07/14	12:00 p	32.7	32.7	32.6	44	18.8	5.4	ESE	3.22	13.4	ESE	32.6	34.6	34.6	38.0	753.8	0.00	0.0	397	5.69	436	4.3	0.31	4.7	0.000	0.100	33.7	42	19.0	35.9	7.64	 .0697	0.51	234	1	100.0	10
12/07/14	12:10 p	32.6	32.7	32.6	44	18.8	7.6	E	4.56	12.5	ESE	32.2	34.5	34.1	37.3	753.7	0.00	0.0	427	6.12	441	4.6	0.33	4.7	0.000	0.099	33.8	42	19.1	36.1	7.64	 .0697	0.00	234	1	100.0	10
12/07/14	12:20 p	32.4	32.6	32.4	46	19.3	8.0	E	4.83	17.0	E	31.9	34.7	34.2	37.1	753.6	0.00	0.0	396	5.68	411	4.3	0.31	4.4	0.000	0.098	33.8	42	19.1	36.1	7.64	 .0697	0.00	234	1	100.0	10
12/07/14	12:30 p	32.4	32.4	32.4	45	19.0	8.0	E	4.83	14.8	SE	31.9	34.4	33.9	37.4	753.4	0.00	0.0	480	6.88	591	5.0	0.36	6.0	0.000	0.098	33.8	41	18.7	35.8	7.54	 .0697	0.00	235	1	100.0	10
12/07/14	12:40 p	32.6	32.6	32.4	45	19.1	7.2	E	4.29	17.4	E	32.3	34.8	34.4	38.2	753.3	0.00	0.0	483	6.92	533	5.3	0.38	6.4	0.000	0.099	33.8	41	18.7	35.9	7.53	 .0697	0.00	234	1	100.0	10
12/07/14	12:50 p	32.8	32.8	32.6	45	19.3	4.9	E	2.95	12.1	ESE	32.8	35.2	35.2	39.4	753.2	0.00	0.0	470	6.74	480	5.1	0.36	5.2	0.000	0.101	33.9	41	18.8	36.0	7.53	 .0696	0.00	234	1	100.0	10
12/07/14	1:00 p	32.8	32.8	32.7	45	19.3	5.8	E	3.49	12.1	E	32.7	35.1	35.0	39.1	753.1	0.00	0.0	484	6.94	496	5.3	0.38	5.3	0.000	0.100	33.9	41	18.8	36.1	7.53	 .0696	0.56	234	1	100.0	10
12/07/14	1:10 p	32.8	32.8	32.7	46	19.6	5.4	ESE	3.22	13.4	SE	32.8	35.3	35.3	39.6	753.1	0.00	0.0	503	7.21	527	5.5	0.39	5.9	0.000	0.100	33.9	41	18.8	36.1	7.53	 .0696	0.00	234	1	100.0	10
12/07/14	1:20 p	33.1	33.1	32.7	45	19.5	6.3	E	3.76	12.1	E	33.0	35.6	35.5	39.6	752.9	0.00	0.0	509	7.30	563	5.5	0.39	5.8	0.000	0.102	34.0	41	18.9	36.2	7.52	 .0696	0.00	234	1	100.0	10
12/07/14	1:30 p	33.4	33.4	33.1	43	19.1	4.9	E	2.95	11.6	ENE	33.4	35.6	35.6	39.8	752.7	0.00	0.0	466	6.68	494	5.1	0.36	5.3	0.000	0.105	34.1	41	18.9	36.3	7.52	 .0695	0.00	235	1	100.0	10
12/07/14	1:40 p	33.4	33.5	33.4	41	18.4	7.6	E	4.56	16.5	S	33.3	35.2	35.1	39.0	752.7	0.00	0.0	547	7.84	816	5.8	0.41	7.6	0.000	0.105	34.1	41	19.0	36.4	7.51	 .0695	0.00	234	1	100.0	10
12/07/14	1:50 p	33.3	33.4	33.3	41	18.3	8.5	E	5.10	15.2	E	33.1	35.0	34.8	37.9	752.6	0.00	0.0	445	6.38	466	4.8	0.34	5.1	0.000	0.104	34.2	40	18.6	36.2	7.31	 .0695	0.00	234	1	100.0	10
12/07/14	2:00 p	33.3	33.4	33.3	40	17.9	8.0	E	4.83	14.8	ESE	33.1	34.7	34.5	37.8	752.6	0.00	0.0	467	6.69	504	4.8	0.34	5.4	0.000	0.104	34.2	40	18.7	36.3	7.31	 .0695	0.58	234	1	100.0	10
12/07/14	2:10 p	33.4	33.4	33.2	41	18.4	7.6	E	4.56	14.8	ESE	33.3	35.2	35.1	38.4	752.6	0.00	0.0	452	6.48	464	4.5	0.32	4.6	0.000	0.105	34.3	40	18.7	36.4	7.30	 .0695	0.00	234	1	100.0	10
12/07/14	2:20 p	33.5	33.5	33.3	41	18.4	8.0	E	4.83	14.8	SSE	33.3	35.3	35.1	38.5	752.4	0.00	0.0	477	6.84	529	4.7	0.34	5.1	0.000	0.105	34.3	40	18.8	36.5	7.30	 .0695	0.00	234	1	100.0	10
12/07/14	2:30 p	33.6	33.6	33.4	41	18.5	8.5	E	5.10	15.2	ESE	33.4	35.4	35.2	38.6	752.2	0.00	0.0	496	7.11	608	4.9	0.35	6.2	0.000	0.106	34.3	39	18.4	36.2	7.17	 .0695	0.00	234	1	100.0	10
12/07/14	2:40 p	33.6	33.7	33.6	42	18.9	8.9	E	5.36	14.8	E	33.4	35.8	35.6	38.3	752.1	0.00	0.0	385	5.52	480	3.9	0.28	5.0	0.000	0.106	34.4	39	18.5	36.4	7.17	 .0694	0.00	235	1	100.0	10
12/07/14	2:50 p	33.6	33.6	33.6	43	19.3	8.0	E	4.83	17.0	E	33.4	35.9	35.8	38.5	751.9	0.00	0.0	368	5.28	448	3.6	0.26	4.1	0.000	0.106	34.5	39	18.5	36.5	7.17	 .0694	0.00	234	1	100.0	10
12/07/14	3:00 p	33.8	33.8	33.5	39	17.9	8.5	E	5.10	16.5	ENE	33.8	35.4	35.3	38.9	751.9	0.00	0.0	527	7.55	654	4.8	0.34	5.4	0.000	0.108	34.6	39	18.6	36.6	7.17	 .0694	0.63	234	1	100.0	10
12/07/14	3:10 p	32.9	33.8	32.9	43	18.7	9.4	E	5.63	17.9	E	32.5	34.8	34.4	36.6	751.9	0.00	0.0	327	4.69	408	3.2	0.23	3.8	0.000	0.101	34.6	39	18.6	36.6	7.17	 .0694	0.00	234	1	100.0	10
12/07/14	3:20 p	32.3	32.9	32.3	44	18.5	8.0	E	4.83	15.6	E	31.8	34.0	33.5	35.6	752.0	0.00	0.0	275	3.94	313	2.6	0.19	2.9	0.000	0.097	34.5	39	18.5	36.5	7.17	 .0694	0.00	234	1	100.0	10
12/07/14	3:30 p	32.4	32.4	32.3	41	17.5	6.7	E	4.02	13.4	ENE	32.1	33.5	33.2	35.8	751.8	0.00	0.0	330	4.73	478	2.8	0.20	4.0	0.000	0.098	34.5	39	18.5	36.5	7.17	 .0694	0.00	234	1	100.0	10
12/07/14	3:40 p	32.8	32.8	32.4	40	17.4	8.9	E	5.36	15.2	ENE	32.3	33.8	33.3	36.4	751.7	0.00	0.0	453	6.49	589	3.7	0.26	4.2	0.000	0.100	34.4	38	18.1	36.1	7.07	 .0694	0.00	235	1	100.0	10
12/07/14	3:50 p	33.1	33.1	32.8	41	18.1	7.6	E	4.56	14.3	E	32.9	34.6	34.4	38.1	751.6	0.00	0.0	498	7.14	624	3.9	0.28	4.5	0.000	0.103	34.4	38	18.1	36.1	7.07	 .0694	0.00	234	1	100.0	10
12/07/14	4:00 p	33.5	33.6	33.2	39	17.6	9.4	E	5.63	16.1	E	33.3	34.8	34.6	38.5	751.7	0.00	0.0	638	9.15	766	4.3	0.31	4.7	0.000	0.105	34.4	38	18.1	36.1	7.07	 .0694	0.61	234	1	100.0	10
12/07/14	4:10 p	33.7	33.7	33.5	39	17.8	7.2	E	4.29	13.9	ESE	33.6	35.1	35.1	38.6	751.7	0.00	0.0	432	6.19	543	3.2	0.23	3.5	0.000	0.106	34.6	38	18.2	36.3	7.07	 .0694	0.00	234	1	100.0	10
12/07/14	4:20 p	33.3	33.7	33.2	41	18.2	10.3	E	6.17	18.3	E	32.9	34.9	34.6	37.5	751.7	0.00	0.0	427	6.12	552	3.0	0.21	3.5	0.000	0.104	34.6	38	18.2	36.4	7.06	 .0694	0.00	234	1	100.0	10
12/07/14	4:30 p	33.4	33.4	33.3	42	18.7	8.5	E	5.10	17.0	E	33.2	35.3	35.1	38.2	751.7	0.00	0.0	383	5.49	476	2.6	0.19	2.9	0.000	0.105	34.6	38	18.2	36.4	7.06	 .0694	0.00	234	1	100.0	10
12/07/14	4:40 p	33.1	33.4	33.1	43	18.8	8.0	E	4.83	16.1	ESE	32.7	35.1	34.7	36.9	751.8	0.00	0.0	249	3.57	323	1.9	0.14	2.2	0.000	0.102	34.6	38	18.2	36.4	7.06	 .0694	0.00	234	1	100.0	10
12/07/14	4:50 p	32.8	33.1	32.8	44	18.9	8.5	E	5.10	15.2	E	32.3	34.8	34.4	36.5	751.8	0.00	0.0	239	3.43	274	1.6	0.11	1.7	0.000	0.100	34.7	38	18.3	36.5	7.06	 .0694	0.00	235	1	100.0	10
12/07/14	5:00 p	32.8	32.8	32.7	42	18.2	8.5	E	5.10	15.2	E	32.4	34.4	33.9	36.4	751.8	0.00	0.0	270	3.87	343	1.5	0.11	1.7	0.000	0.101	34.7	38	18.3	36.5	7.06	 .0694	0.56	234	1	100.0	10
12/07/14	5:10 p	32.7	32.9	32.7	42	18.1	8.9	E	5.36	17.4	E	32.2	34.2	33.7	36.0	751.7	0.00	0.0	252	3.61	369	1.4	0.10	1.7	0.000	0.100	34.6	38	18.2	36.4	7.06	 .0694	0.00	234	1	100.0	10
12/07/14	5:20 p	32.4	32.7	32.4	43	18.2	8.9	E	5.36	16.1	E	31.8	33.9	33.3	35.3	751.9	0.00	0.0	209	3.00	262	1.2	0.09	1.3	0.000	0.098	34.6	38	18.2	36.4	7.06	 .0694	0.00	234	1	100.0	10
12/07/14	5:30 p	32.2	32.4	32.2	44	18.4	8.0	E	4.83	15.6	ENE	31.6	33.7	33.2	34.9	751.8	0.00	0.0	168	2.41	179	0.9	0.06	1.0	0.000	0.096	34.5	38	18.1	36.2	7.07	 .0694	0.00	234	1	100.0	10
12/07/14	5:40 p	32.1	32.2	32.1	45	18.6	7.6	E	4.56	16.5	ESE	31.5	33.8	33.3	34.8	751.9	0.00	0.0	141	2.02	149	0.7	0.05	0.8	0.000	0.095	34.5	38	18.1	36.2	7.07	 .0694	0.00	234	1	100.0	10
12/07/14	5:50 p	32.1	32.1	32.1	44	18.3	7.6	E	4.56	14.8	E	31.6	33.7	33.1	34.3	752.0	0.00	0.0	112	1.61	121	0.5	0.04	0.6	0.000	0.096	34.4	38	18.1	36.1	7.07	 .0695	0.00	235	1	100.0	10
12/07/14	6:00 p	32.1	32.1	32.1	44	18.3	7.2	E	4.29	14.8	E	31.6	33.6	33.1	33.9	751.9	0.00	0.0	82	1.18	97	0.0	0.00	0.0	0.000	0.095	34.4	38	18.0	36.1	7.07	 .0695	0.41	234	1	100.0	10
12/07/14	6:10 p	31.9	32.1	31.9	45	18.5	7.2	E	4.29	13.9	E	31.4	33.7	33.2	33.7	752.0	0.00	0.0	57	0.82	70	0.0	0.00	0.0	0.000	0.095	34.4	38	18.0	36.1	7.07	 .0695	0.00	234	1	100.0	10
12/07/14	6:20 p	31.8	31.9	31.8	46	18.8	6.3	E	3.76	14.3	ESE	31.4	33.7	33.3	33.5	752.1	0.00	0.0	36	0.52	46	0.0	0.00	0.0	0.000	0.094	34.4	38	18.0	36.1	7.07	 .0695	0.00	234	1	100.0	10
12/07/14	6:30 p	31.6	31.8	31.6	48	19.3	7.2	E	4.29	13.0	E	31.0	33.8	33.2	33.0	752.1	0.00	0.0	17	0.24	25	0.0	0.00	0.0	0.000	0.092	34.3	38	18.0	35.9	7.07	 .0695	0.00	234	1	100.0	10
12/07/14	6:40 p	31.3	31.6	31.3	48	19.0	7.6	E	4.56	16.1	E	30.5	33.0	32.2	31.9	752.3	0.00	0.0	6	0.09	11	0.0	0.00	0.0	0.000	0.090	34.3	39	18.3	36.1	7.18	 .0695	0.00	234	1	100.0	10
12/07/14	6:50 p	31.1	31.2	31.1	49	19.1	7.6	E	4.56	14.3	ESE	30.2	32.7	31.9	31.4	752.6	0.00	0.0	0	0.00	0	0.0	0.00	0.0	0.000	0.088	34.2	39	18.3	36.1	7.18	 .0695	0.00	234	1	100.0	10
12/07/14	7:00 p	30.8	31.1	30.8	49	18.8	8.0	E	4.83	16.5	E	29.8	32.4	31.4	30.8	752.7	0.00	0.0	0	0.00	0	0.0	0.00	0.0	0.000	0.086	34.1	39	18.2	35.8	7.18	 .0696	0.25	235	1	100.0	10
12/07/14	7:10 p	30.3	30.8	30.3	52	19.3	8.9	E	5.36	15.6	ESE	29.0	32.1	30.8	30.3	752.7	0.00	0.0	0	0.00	0	0.0	0.00	0.0	0.000	0.083	34.0	39	18.1	35.7	7.19	 .0696	0.00	234	1	100.0	10
12/07/14	7:20 p	30.1	30.3	30.1	53	19.5	7.2	E	4.29	14.3	E	29.1	31.9	30.9	30.3	752.9	0.00	0.0	0	0.00	0	0.0	0.00	0.0	0.000	0.082	33.9	39	18.0	35.4	7.19	 .0697	0.00	234	1	100.0	10
12/07/14	7:30 p	29.9	30.1	29.9	54	19.6	7.2	E	4.29	13.4	E	28.8	31.7	30.6	30.0	752.8	0.00	0.0	0	0.00	0	0.0	0.00	0.0	0.000	0.080	33.8	40	18.3	35.5	7.34	 .0697	0.00	234	1	100.0	10
12/07/14	7:40 p	29.8	29.9	29.8	53	19.2	6.3	E	3.76	12.5	ESE	28.8	31.3	30.4	29.7	753.0	0.00	0.0	0	0.00	0	0.0	0.00	0.0	0.000	0.079	33.7	40	18.2	35.3	7.35	 .0697	0.00	234	1	100.0	10
12/07/14	7:50 p	29.8	29.8	29.7	51	18.6	6.7	E	4.02	14.8	ENE	28.7	31.1	30.0	29.3	753.1	0.00	0.0	0	0.00	0	0.0	0.00	0.0	0.000	0.079	33.6	40	18.1	35.2	7.35	 .0697	0.00	234	1	100.0	10
12/07/14	8:00 p	29.6	29.7	29.6	51	18.3	5.8	E	3.49	12.1	ESE	28.7	30.7	29.8	29.1	753.3	0.00	0.0	0	0.00	0	0.0	0.00	0.0	0.000	0.078	33.6	39	17.7	35.0	7.20	 .0698	0.20	235	1	100.0	10
12/07/14	8:10 p	29.4	29.6	29.4	52	18.5	6.7	E	4.02	12.1	E	28.3	30.6	29.5	28.8	753.4	0.00	0.0	0	0.00	0	0.0	0.00	0.0	0.000	0.077	33.5	39	17.6	34.8	7.20	 .0698	0.00	234	1	100.0	10
12/07/14	8:20 p	29.4	29.4	29.4	51	18.2	6.3	E	3.76	11.6	ENE	28.4	30.5	29.5	28.8	753.6	0.00	0.0	0	0.00	0	0.0	0.00	0.0	0.000	0.077	33.4	39	17.6	34.7	7.21	 .0699	0.00	234	1	100.0	10
12/07/14	8:30 p	29.4	29.4	29.4	51	18.2	6.7	E	4.02	14.3	ESE	28.3	30.6	29.4	28.8	753.7	0.00	0.0	0	0.00	0	0.0	0.00	0.0	0.000	0.077	33.4	39	17.5	34.6	7.21	 .0699	0.00	234	1	100.0	10
12/07/14	8:40 p	29.4	29.4	29.4	51	18.2	4.9	E	2.95	11.2	E	28.7	30.5	29.8	29.1	753.8	0.00	0.0	0	0.00	0	0.0	0.00	0.0	0.000	0.077	33.3	39	17.5	34.5	7.21	 .0699	0.00	234	1	100.0	10
12/07/14	8:50 p	29.3	29.4	29.3	52	18.5	5.8	E	3.49	12.1	E	28.4	30.6	29.7	28.9	754.1	0.00	0.0	0	0.00	0	0.0	0.00	0.0	0.000	0.076	33.3	39	17.5	34.5	7.21	 .0700	0.00	234	1	100.0	10
12/07/14	9:00 p	29.2	29.3	29.2	53	18.7	5.8	E	3.49	11.2	ESE	28.3	30.6	29.6	28.9	754.0	0.00	0.0	0	0.00	0	0.0	0.00	0.0	0.000	0.076	33.3	39	17.4	34.4	7.21	 .0700	0.18	234	1	100.0	10
12/07/14	9:10 p	29.1	29.2	29.1	54	18.9	6.7	E	4.02	12.5	ESE	27.9	30.5	29.3	28.7	754.1	0.00	0.0	0	0.00	0	0.0	0.00	0.0	0.000	0.075	33.2	40	17.8	34.6	7.38	 .0700	0.00	235	1	100.0	10
12/07/14	9:20 p	29.1	29.1	29.1	56	19.4	7.6	E	4.56	15.2	ESE	27.7	30.7	29.3	28.7	754.1	0.00	0.0	0	0.00	0	0.0	0.00	0.0	0.000	0.074	33.1	40	17.7	34.4	7.39	 .0700	0.00	234	1	100.0	10
12/07/14	9:30 p	29.0	29.1	29.0	56	19.3	7.6	E	4.56	13.4	E	27.6	30.6	29.2	28.6	754.1	0.00	0.0	0	0.00	0	0.0	0.00	0.0	0.000	0.074	33.1	40	17.7	34.3	7.39	 .0700	0.00	234	1	100.0	10
12/07/14	9:40 p	28.9	29.0	28.9	56	19.3	6.7	E	4.02	13.4	ESE	27.7	30.6	29.3	28.7	754.1	0.00	0.0	0	0.00	0	0.0	0.00	0.0	0.000	0.074	33.0	40	17.6	34.2	7.39	 .0700	0.00	234	1	100.0	10
12/07/14	9:50 p	28.9	29.0	28.9	57	19.6	5.8	E	3.49	10.7	ESE	27.9	30.7	29.7	29.0	754.1	0.00	0.0	0	0.00	0	0.0	0.00	0.0	0.000	0.074	33.0	41	18.0	34.4	7.59	 .0700	0.00	234	1	100.0	10
12/07/14	10:00 p	28.9	29.0	28.9	57	19.6	6.7	E	4.02	12.5	ESE	27.7	30.7	29.4	28.8	754.2	0.00	0.0	0	0.00	0	0.0	0.00	0.0	0.000	0.074	32.9	41	17.9	34.3	7.60	 .0700	0.18	234	1	100.0	10
12/07/14	10:10 p	28.9	28.9	28.9	57	19.5	6.3	E	3.76	12.5	ESE	27.8	30.6	29.4	28.8	754.2	0.00	0.0	0	0.00	0	0.0	0.00	0.0	0.000	0.073	32.9	41	17.9	34.3	7.60	 .0700	0.00	234	1	100.0	10
12/07/14	10:20 p	28.8	28.9	28.8	58	19.7	5.8	E	3.49	11.6	ENE	27.8	30.6	29.6	28.9	754.2	0.00	0.0	0	0.00	0	0.0	0.00	0.0	0.000	0.073	32.9	41	17.9	34.3	7.60	 .0700	0.00	235	1	100.0	10
12/07/14	10:30 p	28.7	28.8	28.7	59	19.9	4.9	E	2.95	10.7	ESE	27.9	30.4	29.6	28.9	754.2	0.00	0.0	0	0.00	0	0.0	0.00	0.0	0.000	0.072	33.0	41	18.0	34.4	7.59	 .0700	0.00	234	1	100.0	10
12/07/14	10:40 p	28.6	28.7	28.6	59	19.8	4.0	E	2.41	9.8	ESE	28.2	30.3	29.9	29.1	754.4	0.00	0.0	0	0.00	0	0.0	0.00	0.0	0.000	0.071	33.0	41	18.0	34.4	7.59	 .0700	0.00	234	1	100.0	10
12/07/14	10:50 p	28.5	28.6	28.5	60	20.0	4.0	E	2.41	9.4	ESE	28.1	30.2	29.7	28.9	754.2	0.00	0.0	0	0.00	0	0.0	0.00	0.0	0.000	0.071	33.1	41	18.0	34.6	7.59	 .0700	0.00	234	1	100.0	10
12/07/14	11:00 p	28.4	28.5	28.4	60	19.9	4.9	E	2.95	10.7	ENE	27.6	29.9	29.1	28.4	754.2	0.00	0.0	0	0.00	0	0.0	0.00	0.0	0.000	0.070	33.1	41	18.0	34.6	7.59	 .0700	0.13	234	1	100.0	10
12/07/14	11:10 p	28.4	28.4	28.4	59	19.6	5.4	E	3.22	12.5	ESE	27.4	29.8	28.8	28.2	754.3	0.00	0.0	0	0.00	0	0.0	0.00	0.0	0.000	0.070	32.9	42	18.3	34.6	7.70	 .0700	0.00	234	1	100.0	10
12/07/14	11:20 p	28.3	28.4	28.3	59	19.5	5.8	E	3.49	12.1	ESE	27.2	29.7	28.6	27.9	754.2	0.00	0.0	0	0.00	0	0.0	0.00	0.0	0.000	0.069	32.9	42	18.3	34.6	7.70	 .0700	0.00	235	1	100.0	10
12/07/14	11:30 p	28.1	28.3	28.1	59	19.3	5.8	E	3.49	14.3	ESE	26.9	29.3	28.2	27.5	754.1	0.00	0.0	0	0.00	0	0.0	0.00	0.0	0.000	0.068	32.9	42	18.3	34.5	7.70	 .0700	0.00	234	1	100.0	10
12/07/14	11:40 p	28.0	28.1	28.0	60	19.5	6.3	E	3.76	12.1	E	26.7	29.3	28.1	27.4	754.0	0.00	0.0	0	0.00	0	0.0	0.00	0.0	0.000	0.067	32.8	42	18.2	34.3	7.71	 .0700	0.00	234	1	100.0	10
12/07/14	11:50 p	27.9	28.0	27.9	60	19.5	5.4	E	3.22	12.1	ESE	26.9	29.3	28.2	27.6	754.0	0.00	0.0	0	0.00	0	0.0	0.00	0.0	0.000	0.067	32.7	42	18.1	34.1	7.72	 .0700	0.00	234	1	100.0	10
13/07/14	12:00 a	28.1	28.1	27.9	60	19.6	5.8	E	3.49	11.2	ESE	26.9	29.4	28.2	27.6	753.9	0.00	0.0	0	0.00	0	0.0	0.00	0.0	0.000	0.068	32.6	42	18.0	34.1	7.72	 .0701	0.15	234	1	100.0	10
