		Temp	Hi	Low	Out	Dew	Wind	Wind	Wind	Hi	Hi	Wind	Heat	THW	THSW			Rain	Solar	Solar	Hi Solar	UV 	UV 	Hi 	Heat	Cool	In 	In	In 	In 	In 	In Air		Wind	Wind	ISS 	Arc.
Date	Time	Out	Temp	Temp	Hum	Pt.	Speed	Dir	Run	Speed	Dir	Chill	Index	Index	Index	Bar  	Rain	Rate	Rad.	Energy	Rad. 	Index	Dose	UV 	D-D 	D-D 	Temp	Hum	Dew	Heat	EMC	Density	ET 	Samp	Tx 	Recept	Int.
16/07/14	12:10 a	29.5	29.6	29.5	55	19.5	4.9	E	2.95	9.8	E	28.8	31.2	30.5	29.8	754.3	0.00	0.0	0	0.00	0	0.0	0.00	0.0	0.000	0.078	34.7	40	19.1	37.3	7.27	 .0695	0.00	233	1	100.0	10
16/07/14	12:20 a	29.4	29.5	29.4	56	19.7	5.8	E	3.49	10.7	E	28.5	31.2	30.3	29.6	754.1	0.00	0.0	0	0.00	0	0.0	0.00	0.0	0.000	0.077	34.7	40	19.1	37.3	7.27	 .0695	0.00	234	1	100.0	10
16/07/14	12:30 a	29.3	29.4	29.3	57	19.9	5.4	E	3.22	10.7	E	28.6	31.2	30.4	29.8	754.0	0.00	0.0	0	0.00	0	0.0	0.00	0.0	0.000	0.076	34.7	40	19.1	37.2	7.27	 .0695	0.00	234	1	100.0	10
16/07/14	12:40 a	29.3	29.3	29.3	57	19.9	4.0	E	2.41	8.9	ESE	28.9	31.2	30.8	30.1	754.0	0.00	0.0	0	0.00	0	0.0	0.00	0.0	0.000	0.076	34.7	41	19.5	37.4	7.47	 .0695	0.00	234	1	100.0	10
16/07/14	12:50 a	29.2	29.3	29.2	58	20.1	4.0	E	2.41	9.8	E	28.8	31.1	30.8	30.1	754.2	0.00	0.0	0	0.00	0	0.0	0.00	0.0	0.000	0.075	34.7	41	19.5	37.4	7.47	 .0695	0.00	234	1	100.0	10
16/07/14	1:00 a	29.1	29.2	29.1	59	20.2	4.0	E	2.41	8.0	NE	28.7	31.1	30.7	30.0	754.1	0.00	0.0	0	0.00	0	0.0	0.00	0.0	0.000	0.074	34.7	41	19.5	37.4	7.47	 .0695	0.15	234	1	100.0	10
16/07/14	1:10 a	29.1	29.1	29.0	59	20.2	3.1	E	1.88	6.3	ENE	29.1	31.1	31.1	30.3	754.0	0.00	0.0	0	0.00	0	0.0	0.00	0.0	0.000	0.074	34.7	41	19.5	37.4	7.47	 .0695	0.00	235	1	100.0	10
16/07/14	1:20 a	28.9	29.1	28.9	60	20.4	2.7	E	1.61	6.3	ENE	28.9	31.1	31.1	30.3	753.9	0.00	0.0	0	0.00	0	0.0	0.00	0.0	0.000	0.074	34.7	41	19.5	37.4	7.47	 .0695	0.00	234	1	100.0	10
16/07/14	1:30 a	28.8	28.9	28.8	61	20.6	3.6	E	2.15	7.2	E	28.7	31.0	30.8	30.1	753.9	0.00	0.0	0	0.00	0	0.0	0.00	0.0	0.000	0.073	34.7	41	19.5	37.4	7.47	 .0695	0.00	234	1	100.0	10
16/07/14	1:40 a	28.7	28.8	28.7	61	20.5	3.6	E	2.15	6.7	ESE	28.6	30.8	30.6	29.9	753.9	0.00	0.0	0	0.00	0	0.0	0.00	0.0	0.000	0.072	34.6	41	19.4	37.3	7.48	 .0695	0.00	234	1	100.0	10
16/07/14	1:50 a	28.7	28.7	28.7	61	20.5	3.6	E	2.15	8.0	E	28.6	30.8	30.6	29.9	753.8	0.00	0.0	0	0.00	0	0.0	0.00	0.0	0.000	0.072	34.6	41	19.4	37.3	7.48	 .0695	0.00	234	1	100.0	10
16/07/14	2:00 a	28.7	28.7	28.7	61	20.4	3.1	ESE	1.88	8.0	ESE	28.7	30.7	30.7	29.9	753.7	0.00	0.0	0	0.00	0	0.0	0.00	0.0	0.000	0.072	34.6	41	19.4	37.3	7.48	 .0695	0.10	235	1	100.0	10
16/07/14	2:10 a	28.7	28.7	28.7	61	20.4	3.1	E	1.88	6.7	E	28.7	30.7	30.7	29.9	753.6	0.00	0.0	0	0.00	0	0.0	0.00	0.0	0.000	0.072	34.6	41	19.4	37.3	7.48	 .0694	0.00	234	1	100.0	10
16/07/14	2:20 a	28.7	28.7	28.7	61	20.4	2.2	S	1.34	6.3	E	28.7	30.7	30.7	29.9	753.5	0.00	0.0	0	0.00	0	0.0	0.00	0.0	0.000	0.072	34.6	41	19.4	37.3	7.48	 .0694	0.00	234	1	100.0	10
16/07/14	2:30 a	28.7	28.7	28.7	61	20.4	2.2	E	1.34	6.3	SE	28.7	30.7	30.7	29.9	753.5	0.00	0.0	0	0.00	0	0.0	0.00	0.0	0.000	0.072	34.6	41	19.4	37.3	7.48	 .0694	0.00	234	1	100.0	10
16/07/14	2:40 a	28.7	28.7	28.7	61	20.4	2.2	E	1.34	4.9	ESE	28.7	30.7	30.7	29.9	753.4	0.00	0.0	0	0.00	0	0.0	0.00	0.0	0.000	0.072	34.6	41	19.4	37.3	7.48	 .0694	0.00	234	1	100.0	10
16/07/14	2:50 a	28.7	28.7	28.6	61	20.4	3.6	E	2.15	9.4	E	28.5	30.7	30.5	29.8	753.5	0.00	0.0	0	0.00	0	0.0	0.00	0.0	0.000	0.072	34.6	41	19.4	37.3	7.48	 .0694	0.00	234	1	100.0	10
16/07/14	3:00 a	28.6	28.7	28.6	61	20.4	3.6	E	2.15	8.5	E	28.4	30.6	30.4	29.7	753.5	0.00	0.0	0	0.00	0	0.0	0.00	0.0	0.000	0.071	34.6	41	19.4	37.3	7.48	 .0694	0.10	234	1	100.0	10
16/07/14	3:10 a	28.6	28.7	28.6	62	20.6	3.6	E	2.15	7.2	ESE	28.4	30.7	30.5	29.8	753.5	0.00	0.0	0	0.00	0	0.0	0.00	0.0	0.000	0.071	34.6	41	19.4	37.3	7.48	 .0694	0.00	234	1	100.0	10
16/07/14	3:20 a	28.6	28.6	28.6	62	20.6	3.1	E	1.88	8.0	SE	28.6	30.6	30.6	29.8	753.5	0.00	0.0	0	0.00	0	0.0	0.00	0.0	0.000	0.071	34.6	41	19.4	37.2	7.48	 .0695	0.00	235	1	100.0	10
16/07/14	3:30 a	28.4	28.6	28.4	63	20.7	3.6	E	2.15	7.2	ESE	28.3	30.5	30.3	29.6	753.5	0.00	0.0	0	0.00	0	0.0	0.00	0.0	0.000	0.070	34.5	41	19.3	37.1	7.49	 .0695	0.00	234	1	100.0	10
16/07/14	3:40 a	28.3	28.4	28.3	64	20.8	3.6	E	2.15	8.0	ESE	28.1	30.3	30.1	29.4	753.4	0.00	0.0	0	0.00	0	0.0	0.00	0.0	0.000	0.069	34.5	41	19.3	37.1	7.49	 .0695	0.00	234	1	100.0	10
16/07/14	3:50 a	28.3	28.3	28.3	63	20.6	4.0	E	2.41	7.2	E	27.8	30.2	29.7	29.0	753.3	0.00	0.0	0	0.00	0	0.0	0.00	0.0	0.000	0.069	34.5	42	19.7	37.4	7.59	 .0694	0.00	234	1	100.0	10
16/07/14	4:00 a	28.2	28.3	28.2	64	20.8	3.1	E	1.88	5.8	ESE	28.2	30.2	30.2	29.4	753.3	0.00	0.0	0	0.00	0	0.0	0.00	0.0	0.000	0.069	34.5	42	19.7	37.4	7.59	 .0694	0.10	234	1	100.0	10
16/07/14	4:10 a	28.2	28.2	28.2	64	20.7	2.7	E	1.61	5.8	ESE	28.2	30.1	30.1	29.3	753.2	0.00	0.0	0	0.00	0	0.0	0.00	0.0	0.000	0.068	34.4	42	19.7	37.3	7.59	 .0694	0.00	234	1	100.0	10
16/07/14	4:20 a	28.2	28.2	28.1	63	20.5	3.1	E	1.88	5.8	ENE	28.2	29.9	29.9	29.2	753.2	0.00	0.0	0	0.00	0	0.0	0.00	0.0	0.000	0.068	34.4	42	19.7	37.3	7.59	 .0694	0.00	235	1	100.0	10
16/07/14	4:30 a	28.3	28.3	28.2	62	20.3	3.6	E	2.15	8.9	ESE	28.1	30.0	29.8	29.1	753.2	0.00	0.0	0	0.00	0	0.0	0.00	0.0	0.000	0.069	34.4	42	19.7	37.3	7.59	 .0694	0.00	234	1	100.0	10
16/07/14	4:40 a	28.3	28.3	28.3	62	20.4	3.6	E	2.15	8.5	E	28.2	30.1	29.9	29.2	753.2	0.00	0.0	0	0.00	0	0.0	0.00	0.0	0.000	0.069	34.4	42	19.7	37.3	7.59	 .0694	0.00	234	1	100.0	10
16/07/14	4:50 a	28.2	28.3	28.2	62	20.2	3.1	E	1.88	6.7	ESE	28.2	29.9	29.9	29.2	753.3	0.00	0.0	0	0.00	0	0.0	0.00	0.0	0.000	0.069	34.4	42	19.6	37.2	7.59	 .0694	0.00	234	1	100.0	10
16/07/14	5:00 a	28.2	28.2	28.2	63	20.5	2.7	E	1.61	5.4	ENE	28.2	29.9	29.9	29.2	753.3	0.00	0.0	0	0.00	0	0.0	0.00	0.0	0.000	0.068	34.4	42	19.6	37.2	7.59	 .0694	0.10	234	1	100.0	10
16/07/14	5:10 a	28.1	28.2	28.1	63	20.4	3.1	E	1.88	6.3	ESE	28.1	29.9	29.9	29.1	753.2	0.00	0.0	0	0.00	0	0.0	0.00	0.0	0.000	0.068	34.3	42	19.6	37.1	7.60	 .0695	0.00	234	1	100.0	10
16/07/14	5:20 a	28.2	28.2	28.1	63	20.5	2.7	E	1.61	4.9	E	28.2	29.9	29.9	29.2	753.2	0.00	0.0	0	0.00	0	0.0	0.00	0.0	0.000	0.068	34.3	42	19.6	37.1	7.60	 .0695	0.00	234	1	100.0	10
16/07/14	5:30 a	28.2	28.2	28.1	62	20.2	3.1	E	1.88	6.3	E	28.2	29.8	29.8	29.1	753.3	0.00	0.0	0	0.00	0	0.0	0.00	0.0	0.000	0.068	34.3	42	19.5	37.0	7.60	 .0695	0.00	235	1	100.0	10
16/07/14	5:40 a	28.1	28.2	28.1	64	20.7	3.1	E	1.88	6.3	ESE	28.1	30.0	30.0	29.2	753.3	0.00	0.0	0	0.00	0	0.0	0.00	0.0	0.000	0.068	34.3	42	19.5	37.0	7.60	 .0695	0.00	234	1	100.0	10
16/07/14	5:50 a	28.0	28.1	27.9	64	20.6	2.7	E	1.61	5.8	ESE	28.0	29.8	29.8	29.1	753.4	0.00	0.0	0	0.00	0	0.0	0.00	0.0	0.000	0.067	34.3	42	19.5	37.0	7.60	 .0695	0.00	234	1	100.0	10
16/07/14	6:00 a	27.9	28.0	27.9	65	20.8	2.2	E	1.34	4.5	E	27.9	29.8	29.8	29.1	753.5	0.00	0.0	0	0.00	0	0.0	0.00	0.0	0.000	0.067	34.3	42	19.5	37.0	7.60	 .0695	0.08	234	1	100.0	10
16/07/14	6:10 a	27.9	28.0	27.9	65	20.7	2.2	E	1.34	4.0	ENE	27.9	29.7	29.7	28.9	753.6	0.00	0.0	0	0.00	0	0.0	0.00	0.0	0.000	0.066	34.3	42	19.5	37.0	7.60	 .0695	0.00	234	1	100.0	10
16/07/14	6:20 a	27.9	27.9	27.9	65	20.7	2.2	E	1.34	4.0	E	27.9	29.7	29.7	28.9	753.7	0.00	0.0	0	0.00	0	0.0	0.00	0.0	0.000	0.066	34.3	42	19.5	37.0	7.60	 .0695	0.00	234	1	100.0	10
16/07/14	6:30 a	27.9	27.9	27.9	65	20.7	1.8	E	1.07	3.6	E	27.9	29.7	29.7	29.1	753.9	0.00	0.0	8	0.11	14	0.0	0.00	0.0	0.000	0.066	34.3	42	19.5	37.0	7.60	 .0695	0.00	234	1	100.0	10
16/07/14	6:40 a	27.9	27.9	27.9	64	20.5	2.2	E	1.34	4.0	ESE	27.9	29.7	29.7	29.2	753.9	0.00	0.0	20	0.29	25	0.0	0.00	0.0	0.000	0.067	34.2	42	19.5	36.9	7.61	 .0696	0.00	235	1	100.0	10
16/07/14	6:50 a	28.1	28.1	27.9	63	20.4	2.2	E	1.34	4.9	E	28.1	29.9	29.9	29.6	753.9	0.00	0.0	33	0.47	35	0.0	0.00	0.0	0.000	0.068	34.2	42	19.5	36.9	7.61	 .0696	0.00	234	1	100.0	10
16/07/14	7:00 a	28.2	28.2	28.1	63	20.5	2.7	E	1.61	4.9	ESE	28.2	30.1	30.1	29.8	754.0	0.00	0.0	38	0.54	42	0.0	0.00	0.0	0.000	0.069	34.2	42	19.5	36.9	7.61	 .0696	0.08	234	1	100.0	10
16/07/14	7:10 a	28.3	28.3	28.2	63	20.6	2.2	E	1.34	5.4	E	28.3	30.2	30.2	30.2	754.0	0.00	0.0	56	0.80	69	0.0	0.00	0.0	0.000	0.069	34.2	42	19.5	36.9	7.61	 .0696	0.00	234	1	100.0	10
16/07/14	7:20 a	28.4	28.4	28.3	62	20.5	3.1	E	1.88	5.8	ESE	28.4	30.3	30.3	30.6	754.2	0.00	0.0	78	1.12	83	0.2	0.01	0.5	0.000	0.070	34.2	42	19.4	36.8	7.61	 .0696	0.00	234	1	100.0	10
16/07/14	7:30 a	28.8	28.8	28.5	61	20.5	3.6	E	2.15	8.0	SE	28.6	30.9	30.7	31.1	754.2	0.00	0.0	85	1.22	100	0.6	0.04	0.7	0.000	0.073	34.2	42	19.4	36.8	7.61	 .0696	0.00	234	1	100.0	10
16/07/14	7:40 a	29.1	29.1	28.8	59	20.3	4.0	E	2.41	8.5	E	28.7	31.2	30.8	31.5	754.2	0.00	0.0	120	1.72	135	0.7	0.05	0.8	0.000	0.075	34.2	42	19.4	36.8	7.61	 .0696	0.00	235	1	100.0	10
16/07/14	7:50 a	29.4	29.4	29.2	58	20.3	4.5	E	2.68	9.8	ESE	28.9	31.4	30.9	33.2	754.2	0.00	0.0	151	2.16	167	0.9	0.06	1.0	0.000	0.077	34.2	42	19.4	36.8	7.61	 .0696	0.00	234	1	100.0	10
16/07/14	8:00 a	29.6	29.6	29.4	58	20.4	4.0	E	2.41	8.9	ENE	29.2	31.8	31.4	34.6	754.2	0.00	0.0	197	2.82	216	1.2	0.09	1.3	0.000	0.078	34.2	42	19.4	36.8	7.61	 .0696	0.18	234	1	100.0	10
16/07/14	8:10 a	29.7	29.7	29.6	58	20.5	4.0	E	2.41	9.8	E	29.3	32.0	31.7	35.3	754.3	0.00	0.0	235	3.37	255	1.3	0.09	1.4	0.000	0.079	34.2	42	19.4	36.8	7.61	 .0696	0.00	234	1	100.0	10
16/07/14	8:20 a	29.7	29.8	29.7	58	20.6	4.9	E	2.95	10.3	ESE	29.1	32.1	31.5	35.2	754.3	0.00	0.0	254	3.64	267	1.5	0.11	1.6	0.000	0.079	34.2	42	19.4	36.8	7.61	 .0696	0.00	234	1	100.0	10
16/07/14	8:30 a	29.9	29.9	29.7	57	20.4	4.0	E	2.41	8.9	E	29.6	32.2	31.9	35.9	754.4	0.00	0.0	252	3.61	257	1.7	0.12	1.7	0.000	0.080	34.2	42	19.4	36.8	7.61	 .0696	0.00	234	1	100.0	10
16/07/14	8:40 a	29.9	29.9	29.9	58	20.8	4.5	E	2.68	8.9	E	29.5	32.6	32.1	35.9	754.5	0.00	0.0	251	3.60	262	1.8	0.13	1.9	0.000	0.081	34.2	42	19.4	36.8	7.61	 .0696	0.00	234	1	100.0	10
16/07/14	8:50 a	30.2	30.2	30.0	56	20.4	3.6	E	2.15	9.4	ESE	30.1	32.6	32.5	37.1	754.4	0.00	0.0	297	4.26	325	2.1	0.15	2.3	0.000	0.082	34.2	42	19.4	36.8	7.61	 .0696	0.00	235	1	100.0	10
16/07/14	9:00 a	30.4	30.4	30.2	55	20.4	5.8	E	3.49	11.6	ESE	29.8	33.0	32.3	36.5	754.4	0.00	0.0	347	4.97	373	2.5	0.18	2.5	0.000	0.084	34.2	42	19.5	36.9	7.61	 .0696	0.30	234	1	100.0	10
16/07/14	9:10 a	30.5	30.5	30.4	55	20.4	5.8	E	3.49	12.1	ESE	29.8	33.1	32.4	36.3	754.4	0.00	0.0	327	4.69	336	2.5	0.18	2.6	0.000	0.084	34.2	42	19.5	36.9	7.61	 .0696	0.00	228	1	100.0	10
16/07/14	9:20 a	30.8	30.8	30.5	54	20.4	5.8	E	3.49	11.2	E	30.2	33.4	32.8	36.5	754.3	0.00	0.0	327	4.69	355	2.7	0.19	2.8	0.000	0.087	34.2	42	19.5	36.9	7.61	 .0696	0.00	229	1	100.0	10
16/07/14	9:30 a	31.0	31.1	30.8	53	20.3	5.8	E	3.49	12.5	E	30.4	33.4	32.9	37.1	754.2	0.00	0.0	393	5.63	468	3.4	0.24	4.1	0.000	0.088	34.2	42	19.5	36.9	7.61	 .0696	0.00	234	1	100.0	10
16/07/14	9:40 a	31.0	31.0	30.9	53	20.3	6.7	E	4.02	13.9	E	30.3	33.4	32.7	35.6	754.3	0.00	0.0	283	4.06	381	2.7	0.19	3.1	0.000	0.088	34.2	42	19.5	36.9	7.61	 .0696	0.00	234	1	100.0	10
16/07/14	9:50 a	31.2	31.2	31.0	53	20.5	5.4	E	3.22	13.0	ESE	30.8	33.8	33.4	36.6	754.4	0.00	0.0	289	4.14	387	2.9	0.21	3.5	0.000	0.090	34.2	42	19.5	36.9	7.61	 .0696	0.00	235	1	100.0	10
16/07/14	10:00 a	31.2	31.3	31.2	52	20.2	5.4	E	3.22	11.6	E	30.8	33.6	33.2	36.8	754.3	0.00	0.0	350	5.02	392	3.3	0.24	3.5	0.000	0.090	34.2	42	19.4	36.8	7.61	 .0696	0.41	234	1	100.0	10
16/07/14	10:10 a	31.6	31.6	31.2	52	20.5	3.1	E	1.88	8.9	ESE	31.6	34.4	34.4	39.4	754.3	0.00	0.0	429	6.15	698	3.9	0.28	5.0	0.000	0.092	34.2	42	19.5	36.9	7.61	 .0696	0.00	234	1	100.0	10
16/07/14	10:20 a	31.7	31.7	31.6	52	20.6	3.1	E	1.88	8.9	SE	31.7	34.7	34.7	39.4	754.2	0.00	0.0	411	5.89	482	4.1	0.29	4.4	0.000	0.093	34.2	42	19.5	36.9	7.61	 .0696	0.00	234	1	100.0	10
16/07/14	10:30 a	32.3	32.3	31.7	49	20.2	4.0	E	2.41	12.1	ENE	32.3	34.9	34.9	40.3	754.0	0.00	0.0	538	7.71	737	4.8	0.34	5.9	0.000	0.097	34.3	42	19.5	37.0	7.60	 .0696	0.00	234	1	100.0	10
16/07/14	10:40 a	33.0	33.0	32.3	48	20.5	6.3	E	3.76	13.4	ENE	32.9	36.2	36.1	41.3	754.0	0.00	0.0	860	12.33	972	6.4	0.46	7.0	0.000	0.102	34.3	42	19.5	37.0	7.60	 .0695	0.00	234	1	100.0	10
16/07/14	10:50 a	33.6	33.6	33.1	46	20.4	3.6	E	2.15	8.9	E	33.6	36.8	36.8	42.7	753.8	0.00	0.0	618	8.86	935	5.6	0.40	7.4	0.000	0.106	34.3	42	19.6	37.1	7.60	 .0695	0.00	234	1	100.0	10
16/07/14	11:00 a	33.4	33.7	33.4	45	19.9	5.4	E	3.22	12.1	ESE	33.4	36.3	36.3	41.0	753.8	0.00	0.0	565	8.10	624	5.6	0.40	6.6	0.000	0.105	34.4	42	19.6	37.2	7.59	 .0695	0.53	235	1	100.0	10
16/07/14	11:10 a	33.7	33.7	33.4	44	19.8	5.8	E	3.49	11.6	ENE	33.7	36.5	36.5	41.2	753.7	0.00	0.0	591	8.47	633	5.7	0.41	6.4	0.000	0.107	34.4	42	19.6	37.2	7.59	 .0695	0.00	234	1	100.0	10
16/07/14	11:20 a	34.2	34.2	33.7	43	19.8	4.9	E	2.95	10.3	SE	34.2	37.1	37.1	42.3	753.6	0.00	0.0	899	12.89	1039	6.6	0.47	8.2	0.000	0.110	34.5	42	19.7	37.4	7.59	 .0694	0.00	234	1	100.0	10
16/07/14	11:30 a	34.3	34.4	34.2	41	19.2	5.4	E	3.22	14.8	E	34.3	36.8	36.8	41.9	753.4	0.00	0.0	865	12.40	1123	7.4	0.53	8.5	0.000	0.111	34.6	42	19.8	37.6	7.58	 .0694	0.00	234	1	100.0	10
16/07/14	11:40 a	34.3	34.3	34.2	42	19.6	5.8	E	3.49	14.8	ENE	34.3	37.1	37.1	42.1	753.5	0.00	0.0	970	13.91	1042	8.1	0.58	8.6	0.000	0.111	34.6	41	19.4	37.2	7.48	 .0695	0.00	234	1	100.0	10
16/07/14	11:50 a	34.6	34.7	34.3	41	19.4	5.4	E	3.22	12.1	E	34.6	37.3	37.3	42.7	753.4	0.00	0.0	738	10.58	907	7.4	0.53	8.7	0.000	0.113	34.6	41	19.4	37.3	7.48	 .0694	0.00	234	1	100.0	10
16/07/14	12:00 p	34.3	34.7	34.3	42	19.6	8.5	E	5.10	15.6	E	34.3	37.1	37.1	41.6	753.4	0.00	0.0	775	11.11	823	7.6	0.54	10.0	0.000	0.111	34.7	41	19.5	37.4	7.47	 .0694	0.76	235	1	100.0	10
16/07/14	12:10 p	34.5	34.5	34.3	42	19.7	6.7	E	4.02	15.6	SE	34.5	37.4	37.4	42.4	753.4	0.00	0.0	816	11.70	1018	7.7	0.55	9.1	0.000	0.112	34.7	41	19.5	37.6	7.47	 .0694	0.00	234	1	100.0	10
16/07/14	12:20 p	34.8	34.8	34.4	42	20.0	4.0	E	2.41	11.2	ESE	34.8	38.0	38.0	44.0	753.2	0.00	0.0	713	10.22	809	7.0	0.50	7.6	0.000	0.114	34.7	41	19.5	37.6	7.47	 .0694	0.00	234	1	100.0	10
16/07/14	12:30 p	34.7	34.8	34.6	42	19.9	4.0	E	2.41	10.3	E	34.7	37.8	37.8	43.2	753.1	0.00	0.0	593	8.50	686	6.2	0.44	7.2	0.000	0.113	34.7	41	19.5	37.6	7.47	 .0694	0.00	234	1	100.0	10
16/07/14	12:40 p	34.8	34.8	34.7	40	19.2	5.8	E	3.49	14.3	ENE	34.8	37.4	37.4	41.8	753.0	0.00	0.0	539	7.73	624	6.1	0.44	7.3	0.000	0.115	34.7	41	19.5	37.6	7.47	 .0693	0.00	234	1	100.0	10
16/07/14	12:50 p	34.8	34.8	34.7	39	18.8	6.7	E	4.02	14.3	E	34.8	37.1	37.1	40.3	752.8	0.00	0.0	395	5.66	629	4.4	0.31	6.2	0.000	0.115	34.8	41	19.6	37.7	7.47	 .0693	0.00	234	1	100.0	10
16/07/14	1:00 p	35.1	35.1	34.7	40	19.5	6.3	E	3.76	13.4	E	35.1	38.0	38.0	42.7	752.8	0.00	0.0	607	8.70	738	6.5	0.46	7.6	0.000	0.117	34.8	41	19.6	37.8	7.46	 .0693	0.66	234	1	100.0	10
16/07/14	1:10 p	35.1	35.2	35.1	39	19.0	6.3	E	3.76	13.0	E	35.1	37.6	37.6	41.9	752.7	0.00	0.0	544	7.80	661	5.6	0.40	6.7	0.000	0.116	34.8	41	19.6	37.8	7.46	 .0693	0.00	235	1	100.0	10
16/07/14	1:20 p	35.3	35.3	35.0	38	18.9	4.9	E	2.95	11.6	E	35.3	37.7	37.7	42.2	752.6	0.00	0.0	496	7.11	552	4.9	0.35	5.5	0.000	0.118	34.9	41	19.7	38.0	7.45	 .0692	0.00	234	1	100.0	10
16/07/14	1:30 p	35.0	35.3	35.0	38	18.6	7.6	E	4.56	14.8	E	35.0	37.1	37.1	41.0	752.6	0.00	0.0	543	7.78	564	5.4	0.39	5.4	0.000	0.116	34.9	40	19.3	37.7	7.25	 .0693	0.00	234	1	100.0	10
16/07/14	1:40 p	35.1	35.1	34.9	38	18.6	6.7	E	4.02	16.1	E	35.1	37.2	37.2	41.3	752.5	0.00	0.0	527	7.55	550	5.2	0.37	5.4	0.000	0.116	35.0	40	19.4	37.8	7.25	 .0693	0.00	234	1	100.0	10
16/07/14	1:50 p	35.0	35.2	34.9	38	18.6	8.0	E	4.83	15.2	ESE	35.0	37.1	37.1	41.2	752.4	0.00	0.0	598	8.57	733	5.8	0.41	6.9	0.000	0.116	35.1	40	19.4	37.9	7.25	 .0692	0.00	234	1	100.0	10
16/07/14	2:00 p	35.1	35.1	34.9	38	18.7	7.6	E	4.56	14.8	ESE	35.1	37.3	37.3	41.7	752.2	0.00	0.0	639	9.16	775	5.8	0.41	6.2	0.000	0.117	35.1	40	19.5	38.0	7.25	 .0692	0.69	234	1	100.0	10
16/07/14	2:10 p	35.5	35.5	35.1	37	18.6	6.3	E	3.76	14.3	E	35.5	37.7	37.7	42.6	752.2	0.00	0.0	678	9.72	918	6.6	0.47	8.3	0.000	0.119	35.1	40	19.5	38.0	7.25	 .0692	0.00	235	1	100.0	10
16/07/14	2:20 p	35.2	35.5	35.2	39	19.2	6.3	E	3.76	15.2	E	35.2	37.9	37.9	42.4	752.2	0.00	0.0	591	8.47	918	5.4	0.39	6.9	0.000	0.117	35.2	40	19.5	38.1	7.25	 .0692	0.00	234	1	100.0	10
16/07/14	2:30 p	34.7	35.2	34.7	41	19.5	7.6	E	4.56	13.4	E	34.7	37.4	37.4	40.7	752.3	0.00	0.0	430	6.16	446	4.0	0.29	4.1	0.000	0.113	35.2	40	19.5	38.1	7.25	 .0692	0.00	234	1	100.0	10
16/07/14	2:40 p	34.7	34.8	34.6	40	19.1	6.7	E	4.02	16.1	E	34.7	37.3	37.3	40.8	752.0	0.00	0.0	443	6.35	476	3.9	0.28	4.1	0.000	0.114	35.2	40	19.6	38.2	7.25	 .0691	0.00	234	1	100.0	10
16/07/14	2:50 p	34.8	34.8	34.8	40	19.2	7.2	E	4.29	14.8	ENE	34.8	37.4	37.4	41.3	752.0	0.00	0.0	526	7.54	613	4.4	0.31	4.9	0.000	0.115	35.3	40	19.6	38.3	7.25	 .0691	0.00	234	1	100.0	10
16/07/14	3:00 p	34.8	34.9	34.8	39	18.8	8.0	E	4.83	14.8	ESE	34.8	37.1	37.1	41.2	751.9	0.00	0.0	624	8.95	696	4.9	0.35	5.1	0.000	0.114	35.3	40	19.6	38.3	7.25	 .0691	0.69	235	1	100.0	10
16/07/14	3:10 p	35.2	35.2	34.8	38	18.8	5.8	E	3.49	14.8	E	35.2	37.5	37.5	42.7	751.9	0.00	0.0	742	10.64	780	5.3	0.38	6.0	0.000	0.117	35.3	39	19.3	38.1	7.14	 .0691	0.00	233	1	100.0	10
16/07/14	3:20 p	35.2	35.3	35.2	38	18.8	4.9	E	2.95	11.6	E	35.2	37.5	37.5	41.7	751.9	0.00	0.0	477	6.84	552	3.9	0.28	4.4	0.000	0.117	35.3	39	19.3	38.1	7.14	 .0691	0.00	235	1	100.0	10
16/07/14	3:30 p	34.7	35.2	34.7	39	18.7	7.6	E	4.56	13.9	E	34.7	36.8	36.8	39.8	751.9	0.00	0.0	388	5.56	476	3.3	0.24	3.7	0.000	0.113	35.3	39	19.3	38.1	7.14	 .0691	0.00	234	1	100.0	10
16/07/14	3:40 p	34.6	34.8	34.6	39	18.6	6.3	E	3.76	15.2	E	34.6	36.7	36.7	40.5	751.7	0.00	0.0	452	6.48	501	3.5	0.25	3.7	0.000	0.113	35.4	39	19.3	38.2	7.14	 .0691	0.00	234	1	100.0	10
16/07/14	3:50 p	34.4	34.6	34.4	40	18.9	7.2	E	4.29	13.9	E	34.4	36.7	36.7	40.6	751.9	0.00	0.0	485	6.95	570	3.7	0.26	4.1	0.000	0.112	35.4	39	19.3	38.2	7.14	 .0691	0.00	234	1	100.0	10
16/07/14	4:00 p	34.3	34.4	34.3	42	19.5	7.2	E	4.29	13.0	SSE	34.3	37.0	37.0	40.8	751.9	0.00	0.0	474	6.79	594	3.3	0.24	3.8	0.000	0.111	35.4	39	19.4	38.3	7.13	 .0691	0.61	234	1	100.0	10
16/07/14	4:10 p	34.4	34.4	34.2	40	18.8	5.4	E	3.22	11.2	E	34.4	36.6	36.6	41.0	751.9	0.00	0.0	479	6.87	547	3.0	0.21	3.4	0.000	0.111	35.4	39	19.4	38.3	7.13	 .0691	0.00	234	1	100.0	10
16/07/14	4:20 p	34.4	34.6	34.4	39	18.4	5.8	E	3.49	13.4	E	34.4	36.3	36.3	40.3	752.0	0.00	0.0	435	6.24	519	2.8	0.20	3.1	0.000	0.111	35.4	39	19.4	38.3	7.13	 .0691	0.00	234	1	100.0	10
16/07/14	4:30 p	33.9	34.4	33.9	40	18.4	7.6	E	4.56	13.9	E	33.9	35.8	35.8	39.2	752.0	0.00	0.0	389	5.58	443	2.4	0.17	2.5	0.000	0.108	35.5	39	19.4	38.4	7.13	 .0691	0.00	235	1	100.0	10
16/07/14	4:40 p	33.8	34.1	33.8	41	18.7	4.9	E	2.95	9.4	E	33.8	35.9	35.9	37.9	752.0	0.00	0.0	198	2.84	221	1.7	0.12	1.8	0.000	0.108	35.5	39	19.4	38.4	7.13	 .0691	0.00	234	1	100.0	10
16/07/14	4:50 p	33.8	33.9	33.8	40	18.3	4.5	E	2.68	11.2	ENE	33.8	35.6	35.6	37.7	752.0	0.00	0.0	188	2.70	241	1.5	0.11	1.7	0.000	0.108	35.5	39	19.4	38.4	7.13	 .0691	0.00	234	1	100.0	10
16/07/14	5:00 p	33.8	33.8	33.8	41	18.7	6.7	E	4.02	12.1	E	33.8	35.9	35.9	38.4	752.1	0.00	0.0	250	3.58	343	1.4	0.10	1.6	0.000	0.108	35.5	39	19.4	38.4	7.13	 .0691	0.46	234	1	100.0	10
16/07/14	5:10 p	33.7	33.9	33.7	41	18.6	6.7	E	4.02	12.1	E	33.7	35.7	35.7	38.3	752.1	0.00	0.0	242	3.47	304	1.3	0.09	1.4	0.000	0.107	35.5	39	19.4	38.4	7.13	 .0691	0.00	234	1	100.0	10
16/07/14	5:20 p	33.6	33.8	33.6	41	18.5	5.4	ESE	3.22	12.5	ESE	33.6	35.5	35.5	37.2	752.1	0.00	0.0	146	2.09	236	1.0	0.07	1.1	0.000	0.106	35.5	39	19.4	38.4	7.13	 .0691	0.00	234	1	100.0	10
16/07/14	5:30 p	33.6	33.6	33.6	41	18.5	5.8	ESE	3.49	11.2	E	33.6	35.4	35.4	36.7	752.2	0.00	0.0	115	1.65	121	0.8	0.06	0.8	0.000	0.106	35.5	38	19.0	38.1	7.03	 .0692	0.00	235	1	100.0	10
16/07/14	5:40 p	33.6	33.6	33.5	41	18.5	4.9	E	2.95	9.8	E	33.6	35.4	35.4	36.7	752.2	0.00	0.0	104	1.49	109	0.6	0.04	0.7	0.000	0.106	35.5	38	19.0	38.1	7.03	 .0692	0.00	234	1	100.0	10
16/07/14	5:50 p	33.4	33.6	33.4	41	18.4	4.0	SSE	2.41	11.6	ESE	33.4	35.2	35.2	36.2	752.4	0.00	0.0	83	1.19	95	0.3	0.02	0.5	0.000	0.105	35.5	38	19.0	38.1	7.03	 .0692	0.00	234	1	100.0	10
16/07/14	6:00 p	33.3	33.4	33.3	42	18.6	4.5	ESE	2.68	10.3	E	33.3	35.2	35.2	35.8	752.6	0.00	0.0	60	0.86	72	0.0	0.00	0.0	0.000	0.104	35.6	38	19.1	38.1	7.03	 .0692	0.28	234	1	100.0	10
16/07/14	6:10 p	33.2	33.3	33.2	42	18.5	4.9	E	2.95	12.5	ESE	33.2	35.0	35.0	35.3	752.7	0.00	0.0	42	0.60	49	0.0	0.00	0.0	0.000	0.103	35.6	38	19.1	38.1	7.03	 .0692	0.00	234	1	100.0	10
16/07/14	6:20 p	32.9	33.2	32.9	43	18.7	4.9	E	2.95	13.0	E	32.9	34.8	34.8	34.7	752.7	0.00	0.0	23	0.33	32	0.0	0.00	0.0	0.000	0.101	35.6	38	19.1	38.1	7.03	 .0692	0.00	234	1	100.0	10
16/07/14	6:30 p	32.8	32.9	32.8	43	18.6	6.3	E	3.76	12.1	ESE	32.7	34.7	34.5	34.1	752.7	0.00	0.0	8	0.11	11	0.0	0.00	0.0	0.000	0.101	35.6	38	19.1	38.1	7.03	 .0692	0.00	234	1	100.0	10
16/07/14	6:40 p	32.7	32.8	32.7	44	18.8	6.3	E	3.76	13.0	ESE	32.4	34.6	34.4	33.9	752.9	0.00	0.0	3	0.04	7	0.0	0.00	0.0	0.000	0.100	35.5	38	19.0	38.1	7.03	 .0692	0.00	235	1	100.0	10
16/07/14	6:50 p	32.6	32.7	32.6	43	18.4	5.8	E	3.49	12.5	SE	32.5	34.3	34.2	33.6	753.0	0.00	0.0	0	0.00	0	0.0	0.00	0.0	0.000	0.099	35.5	38	19.0	38.1	7.03	 .0692	0.00	234	1	100.0	10
16/07/14	7:00 p	32.5	32.6	32.5	43	18.3	4.9	E	2.95	12.5	E	32.5	34.1	34.1	33.3	753.0	0.00	0.0	0	0.00	0	0.0	0.00	0.0	0.000	0.098	35.4	38	19.0	37.9	7.03	 .0692	0.23	234	1	100.0	10
16/07/14	7:10 p	32.4	32.5	32.4	43	18.3	4.5	E	2.68	9.8	ESE	32.4	34.0	34.0	33.2	753.1	0.00	0.0	0	0.00	0	0.0	0.00	0.0	0.000	0.098	35.4	38	19.0	37.9	7.03	 .0693	0.00	234	1	100.0	10
16/07/14	7:20 p	32.3	32.4	32.3	44	18.5	3.6	E	2.15	5.8	ESE	32.3	34.0	34.0	33.2	753.2	0.00	0.0	0	0.00	0	0.0	0.00	0.0	0.000	0.097	35.4	38	19.0	37.9	7.03	 .0693	0.00	234	1	100.0	10
16/07/14	7:30 p	32.2	32.3	32.2	44	18.4	4.0	E	2.41	8.5	E	32.2	33.8	33.8	33.0	753.4	0.00	0.0	0	0.00	0	0.0	0.00	0.0	0.000	0.096	35.4	38	19.0	37.9	7.03	 .0693	0.00	234	1	100.0	10
16/07/14	7:40 p	32.1	32.2	32.1	45	18.6	4.9	E	2.95	12.1	ENE	31.9	33.8	33.7	32.9	753.3	0.00	0.0	0	0.00	0	0.0	0.00	0.0	0.000	0.095	35.4	38	19.0	37.9	7.03	 .0693	0.00	235	1	100.0	10
16/07/14	7:50 p	31.9	32.1	31.9	45	18.5	5.4	E	3.22	11.2	E	31.7	33.7	33.4	32.7	753.4	0.00	0.0	0	0.00	0	0.0	0.00	0.0	0.000	0.095	35.4	38	18.9	37.8	7.04	 .0693	0.00	234	1	100.0	10
16/07/14	8:00 p	31.9	32.0	31.9	45	18.5	5.4	E	3.22	11.6	ESE	31.7	33.6	33.4	32.7	753.5	0.00	0.0	0	0.00	0	0.0	0.00	0.0	0.000	0.094	35.4	38	18.9	37.8	7.04	 .0693	0.18	234	1	100.0	10
16/07/14	8:10 p	31.9	31.9	31.8	45	18.5	4.5	E	2.68	11.6	E	31.8	33.6	33.6	32.8	753.6	0.00	0.0	0	0.00	0	0.0	0.00	0.0	0.000	0.094	35.4	38	18.9	37.8	7.04	 .0693	0.00	234	1	100.0	10
16/07/14	8:20 p	31.8	31.8	31.8	45	18.4	4.5	E	2.68	9.4	E	31.8	33.5	33.4	32.7	753.7	0.00	0.0	0	0.00	0	0.0	0.00	0.0	0.000	0.094	35.4	38	18.9	37.8	7.04	 .0693	0.00	234	1	100.0	10
16/07/14	8:30 p	31.8	31.8	31.8	45	18.4	4.5	ESE	2.68	9.8	E	31.7	33.4	33.3	32.6	753.8	0.00	0.0	0	0.00	0	0.0	0.00	0.0	0.000	0.093	35.3	38	18.9	37.7	7.04	 .0694	0.00	234	1	100.0	10
16/07/14	8:40 p	31.7	31.8	31.7	45	18.3	4.0	E	2.41	9.4	ESE	31.6	33.3	33.2	32.4	753.8	0.00	0.0	0	0.00	0	0.0	0.00	0.0	0.000	0.093	35.3	38	18.9	37.7	7.04	 .0694	0.00	235	1	100.0	10
16/07/14	8:50 p	31.6	31.7	31.6	45	18.2	3.6	E	2.15	7.2	ESE	31.6	33.1	33.1	32.2	753.9	0.00	0.0	0	0.00	0	0.0	0.00	0.0	0.000	0.092	35.3	38	18.9	37.7	7.04	 .0694	0.00	234	1	100.0	10
16/07/14	9:00 p	31.6	31.6	31.6	46	18.5	4.5	E	2.68	9.8	ENE	31.4	33.2	33.1	32.3	754.1	0.00	0.0	0	0.00	0	0.0	0.00	0.0	0.000	0.092	35.3	38	18.9	37.7	7.04	 .0694	0.18	234	1	100.0	10
16/07/14	9:10 p	31.5	31.6	31.5	46	18.5	4.5	E	2.68	9.4	E	31.3	33.1	32.9	32.2	754.2	0.00	0.0	0	0.00	0	0.0	0.00	0.0	0.000	0.091	35.3	38	18.8	37.6	7.04	 .0694	0.00	234	1	100.0	10
16/07/14	9:20 p	31.3	31.5	31.3	48	19.0	6.3	E	3.76	12.1	E	30.7	33.0	32.4	31.8	754.2	0.00	0.0	0	0.00	0	0.0	0.00	0.0	0.000	0.090	35.2	38	18.8	37.5	7.04	 .0694	0.00	234	1	100.0	10
16/07/14	9:30 p	31.1	31.3	31.1	48	18.8	5.4	ESE	3.22	11.2	E	30.7	32.6	32.2	31.4	754.3	0.00	0.0	0	0.00	0	0.0	0.00	0.0	0.000	0.089	35.2	38	18.8	37.5	7.04	 .0694	0.00	234	1	100.0	10
16/07/14	9:40 p	31.0	31.1	31.0	48	18.7	4.0	E	2.41	9.4	ESE	30.8	32.5	32.3	31.5	754.3	0.00	0.0	0	0.00	0	0.0	0.00	0.0	0.000	0.088	35.2	38	18.7	37.4	7.04	 .0695	0.00	234	1	100.0	10
16/07/14	9:50 p	31.0	31.1	30.9	48	18.7	3.1	E	1.88	8.0	ENE	31.0	32.5	32.5	31.6	754.4	0.00	0.0	0	0.00	0	0.0	0.00	0.0	0.000	0.088	35.2	38	18.7	37.4	7.04	 .0695	0.00	235	1	100.0	10
16/07/14	10:00 p	30.9	31.0	30.9	48	18.7	3.1	E	1.88	8.5	ESE	30.9	32.4	32.4	31.6	754.5	0.00	0.0	0	0.00	0	0.0	0.00	0.0	0.000	0.088	35.2	38	18.7	37.4	7.04	 .0695	0.18	234	1	100.0	10
16/07/14	10:10 p	30.9	30.9	30.9	48	18.6	3.1	E	1.88	8.5	E	30.9	32.3	32.3	31.4	754.4	0.00	0.0	0	0.00	0	0.0	0.00	0.0	0.000	0.087	35.2	38	18.7	37.4	7.04	 .0695	0.00	234	1	100.0	10
16/07/14	10:20 p	30.8	30.9	30.8	49	18.8	4.0	E	2.41	9.8	ESE	30.6	32.4	32.2	31.3	754.4	0.00	0.0	0	0.00	0	0.0	0.00	0.0	0.000	0.086	35.2	38	18.7	37.4	7.04	 .0695	0.00	234	1	100.0	10
16/07/14	10:30 p	30.7	30.8	30.7	49	18.8	3.1	E	1.88	8.5	E	30.7	32.3	32.3	31.4	754.4	0.00	0.0	0	0.00	0	0.0	0.00	0.0	0.000	0.086	35.1	38	18.7	37.3	7.05	 .0695	0.00	234	1	100.0	10
16/07/14	10:40 p	30.7	30.7	30.7	50	19.1	2.2	SSE	1.34	7.2	SE	30.7	32.4	32.4	31.6	754.5	0.00	0.0	0	0.00	0	0.0	0.00	0.0	0.000	0.086	35.2	38	18.7	37.4	7.04	 .0695	0.00	234	1	100.0	10
16/07/14	10:50 p	30.6	30.7	30.6	50	19.0	3.1	E	1.88	7.2	SE	30.6	32.3	32.3	31.4	754.4	0.00	0.0	0	0.00	0	0.0	0.00	0.0	0.000	0.085	35.2	38	18.7	37.4	7.04	 .0695	0.00	234	1	100.0	10
16/07/14	11:00 p	30.5	30.6	30.5	50	18.9	3.1	E	1.88	8.0	ESE	30.5	32.2	32.2	31.3	754.4	0.00	0.0	0	0.00	0	0.0	0.00	0.0	0.000	0.084	35.2	38	18.7	37.4	7.04	 .0695	0.13	235	1	100.0	10
16/07/14	11:10 p	30.4	30.5	30.4	51	19.2	3.6	ESE	2.15	8.0	ESE	30.4	32.3	32.2	31.4	754.5	0.00	0.0	0	0.00	0	0.0	0.00	0.0	0.000	0.084	35.1	38	18.7	37.3	7.05	 .0695	0.00	234	1	100.0	10
16/07/14	11:20 p	30.3	30.4	30.3	51	19.1	2.7	SSE	1.61	5.4	E	30.3	32.1	32.1	31.2	754.4	0.00	0.0	0	0.00	0	0.0	0.00	0.0	0.000	0.083	35.1	38	18.7	37.3	7.05	 .0695	0.00	234	1	100.0	10
16/07/14	11:30 p	30.3	30.3	30.3	52	19.3	2.7	E	1.61	8.0	E	30.3	32.1	32.1	31.3	754.3	0.00	0.0	0	0.00	0	0.0	0.00	0.0	0.000	0.083	35.1	38	18.7	37.3	7.05	 .0695	0.00	234	1	100.0	10
16/07/14	11:40 p	30.2	30.3	30.2	52	19.3	3.6	ESE	2.15	8.0	ESE	30.1	32.0	31.9	31.1	754.3	0.00	0.0	0	0.00	0	0.0	0.00	0.0	0.000	0.083	35.1	38	18.7	37.3	7.05	 .0695	0.00	234	1	100.0	10
16/07/14	11:50 p	30.2	30.2	30.2	50	18.6	3.6	E	2.15	9.4	E	30.1	31.7	31.6	30.7	754.2	0.00	0.0	0	0.00	0	0.0	0.00	0.0	0.000	0.083	35.1	38	18.6	37.2	7.05	 .0695	0.00	234	1	100.0	10
17/07/14	12:00 a	30.1	30.2	30.1	50	18.5	4.0	E	2.41	8.9	ESE	29.8	31.4	31.2	30.3	754.2	0.00	0.0	0	0.00	0	0.0	0.00	0.0	0.000	0.082	35.1	38	18.6	37.2	7.05	 .0695	0.13	235	1	100.0	10
