		Temp	Hi	Low	Out	Dew	Wind	Wind	Wind	Hi	Hi	Wind	Heat	THW	THSW			Rain	Solar	Solar	Hi Solar	UV 	UV 	Hi 	Heat	Cool	In 	In	In 	In 	In 	In Air		Wind	Wind	ISS 	Arc.
Date	Time	Out	Temp	Temp	Hum	Pt.	Speed	Dir	Run	Speed	Dir	Chill	Index	Index	Index	Bar  	Rain	Rate	Rad.	Energy	Rad. 	Index	Dose	UV 	D-D 	D-D 	Temp	Hum	Dew	Heat	EMC	Density	ET 	Samp	Tx 	Recept	Int.
17/07/14	12:10 a	30.1	30.2	30.1	51	18.8	4.5	E	2.68	9.8	E	29.6	31.5	31.1	30.3	754.2	0.00	0.0	0	0.00	0	0.0	0.00	0.0	0.000	0.081	35.0	38	18.6	37.1	7.05	 .0695	0.00	233	1	100.0	10
17/07/14	12:20 a	30.0	30.1	29.9	51	18.8	3.6	SSE	2.15	9.4	ESE	29.9	31.4	31.3	30.4	754.1	0.00	0.0	0	0.00	0	0.0	0.00	0.0	0.000	0.081	35.0	38	18.6	37.1	7.05	 .0695	0.00	234	1	100.0	10
17/07/14	12:30 a	29.8	30.0	29.8	52	18.9	3.6	ESE	2.15	10.3	ESE	29.7	31.3	31.2	30.4	753.9	0.00	0.0	0	0.00	0	0.0	0.00	0.0	0.000	0.080	35.0	38	18.6	37.1	7.05	 .0695	0.00	234	1	100.0	10
17/07/14	12:40 a	29.7	29.8	29.7	54	19.4	3.6	SSE	2.15	7.2	E	29.6	31.3	31.2	30.4	754.0	0.00	0.0	0	0.00	0	0.0	0.00	0.0	0.000	0.079	34.9	38	18.5	37.0	7.05	 .0695	0.00	234	1	100.0	10
17/07/14	12:50 a	29.4	29.7	29.4	55	19.5	4.0	ESE	2.41	10.3	E	29.1	31.1	30.7	29.9	753.9	0.00	0.0	0	0.00	0	0.0	0.00	0.0	0.000	0.077	34.9	38	18.5	37.0	7.05	 .0695	0.00	234	1	100.0	10
17/07/14	1:00 a	29.3	29.4	29.3	56	19.6	3.1	SSE	1.88	8.0	SE	29.3	31.1	31.1	30.2	753.8	0.00	0.0	0	0.00	0	0.0	0.00	0.0	0.000	0.076	34.9	39	18.9	37.2	7.15	 .0694	0.13	235	1	100.0	10
17/07/14	1:10 a	29.2	29.3	29.2	57	19.8	3.1	SSE	1.88	8.9	ESE	29.2	31.1	31.1	30.2	753.8	0.00	0.0	0	0.00	0	0.0	0.00	0.0	0.000	0.076	34.9	39	18.9	37.3	7.15	 .0694	0.00	234	1	100.0	10
17/07/14	1:20 a	29.1	29.2	29.1	58	20.0	3.6	ESE	2.15	12.1	SE	28.9	30.9	30.8	30.0	753.7	0.00	0.0	0	0.00	0	0.0	0.00	0.0	0.000	0.074	34.9	39	18.9	37.2	7.15	 .0694	0.00	234	1	100.0	10
17/07/14	1:30 a	29.0	29.1	29.0	59	20.2	3.1	SSE	1.88	8.0	ESE	29.0	31.0	31.0	30.2	753.8	0.00	0.0	0	0.00	0	0.0	0.00	0.0	0.000	0.074	34.9	39	18.9	37.2	7.15	 .0694	0.00	234	1	100.0	10
17/07/14	1:40 a	28.9	29.0	28.9	60	20.3	3.1	SSE	1.88	10.3	ESE	28.9	30.9	30.9	30.2	753.8	0.00	0.0	0	0.00	0	0.0	0.00	0.0	0.000	0.073	34.8	39	18.8	37.1	7.16	 .0695	0.00	234	1	100.0	10
17/07/14	1:50 a	28.8	28.9	28.8	61	20.5	3.1	ESE	1.88	8.0	SE	28.8	30.9	30.9	30.1	753.7	0.00	0.0	0	0.00	0	0.0	0.00	0.0	0.000	0.073	34.8	39	18.8	37.1	7.16	 .0695	0.00	234	1	100.0	10
17/07/14	2:00 a	28.7	28.8	28.7	61	20.4	4.0	E	2.41	9.4	ESE	28.3	30.7	30.3	29.6	753.7	0.00	0.0	0	0.00	0	0.0	0.00	0.0	0.000	0.072	34.8	39	18.8	37.1	7.16	 .0695	0.10	234	1	100.0	10
17/07/14	2:10 a	28.7	28.7	28.7	60	20.1	3.1	E	1.88	6.3	ESE	28.7	30.5	30.5	29.7	753.7	0.00	0.0	0	0.00	0	0.0	0.00	0.0	0.000	0.072	34.8	39	18.8	37.1	7.16	 .0695	0.00	235	1	100.0	10
17/07/14	2:20 a	28.7	28.7	28.7	59	19.9	2.7	S	1.61	8.0	ESE	28.7	30.4	30.4	29.6	753.6	0.00	0.0	0	0.00	0	0.0	0.00	0.0	0.000	0.072	34.7	40	19.1	37.3	7.27	 .0694	0.00	234	1	100.0	10
17/07/14	2:30 a	28.7	28.7	28.7	58	19.6	2.2	S	1.34	5.8	E	28.7	30.3	30.3	29.4	753.6	0.00	0.0	0	0.00	0	0.0	0.00	0.0	0.000	0.072	34.7	40	19.1	37.3	7.27	 .0694	0.00	234	1	100.0	10
17/07/14	2:40 a	28.7	28.7	28.7	58	19.6	2.7	SSE	1.61	5.8	ESE	28.7	30.3	30.3	29.4	753.5	0.00	0.0	0	0.00	0	0.0	0.00	0.0	0.000	0.072	34.7	39	18.7	36.9	7.16	 .0695	0.00	234	1	100.0	10
17/07/14	2:50 a	28.7	28.7	28.7	58	19.6	2.7	SSE	1.61	6.3	NE	28.7	30.3	30.3	29.4	753.4	0.00	0.0	0	0.00	0	0.0	0.00	0.0	0.000	0.072	34.7	39	18.7	36.8	7.16	 .0695	0.00	234	1	100.0	10
17/07/14	3:00 a	28.8	28.8	28.7	58	19.7	3.6	SSE	2.15	8.9	ESE	28.6	30.5	30.3	29.6	753.4	0.00	0.0	0	0.00	0	0.0	0.00	0.0	0.000	0.073	34.7	39	18.7	36.8	7.16	 .0695	0.10	234	1	100.0	10
17/07/14	3:10 a	28.9	28.9	28.8	57	19.5	3.6	SSE	2.15	8.9	S	28.7	30.6	30.4	29.6	753.4	0.00	0.0	0	0.00	0	0.0	0.00	0.0	0.000	0.073	34.6	39	18.6	36.7	7.16	 .0695	0.00	235	1	100.0	10
17/07/14	3:20 a	28.8	28.9	28.8	58	19.7	3.6	E	2.15	10.3	ESE	28.7	30.6	30.4	29.7	753.3	0.00	0.0	0	0.00	0	0.0	0.00	0.0	0.000	0.073	34.6	39	18.6	36.7	7.16	 .0695	0.00	234	1	100.0	10
17/07/14	3:30 a	28.8	28.8	28.8	57	19.4	3.6	ESE	2.15	9.4	ESE	28.6	30.4	30.2	29.4	753.3	0.00	0.0	0	0.00	0	0.0	0.00	0.0	0.000	0.073	34.6	39	18.6	36.6	7.17	 .0695	0.00	234	1	100.0	10
17/07/14	3:40 a	28.7	28.8	28.7	57	19.4	3.1	S	1.88	8.9	SE	28.7	30.3	30.3	29.4	753.4	0.00	0.0	0	0.00	0	0.0	0.00	0.0	0.000	0.072	34.5	39	18.5	36.5	7.17	 .0695	0.00	234	1	100.0	10
17/07/14	3:50 a	28.7	28.8	28.7	57	19.3	3.6	SSE	2.15	8.5	E	28.5	30.2	30.0	29.2	753.4	0.00	0.0	0	0.00	0	0.0	0.00	0.0	0.000	0.072	34.5	39	18.5	36.5	7.17	 .0695	0.00	234	1	100.0	10
17/07/14	4:00 a	28.6	28.7	28.6	57	19.3	3.6	ESE	2.15	9.4	E	28.4	30.1	29.9	29.1	753.4	0.00	0.0	0	0.00	0	0.0	0.00	0.0	0.000	0.071	34.5	39	18.5	36.5	7.17	 .0695	0.13	235	1	100.0	10
17/07/14	4:10 a	28.6	28.7	28.6	57	19.3	2.7	SSE	1.61	6.7	ENE	28.6	30.1	30.1	29.2	753.5	0.00	0.0	0	0.00	0	0.0	0.00	0.0	0.000	0.071	34.5	39	18.5	36.5	7.17	 .0695	0.00	233	1	100.0	10
17/07/14	4:20 a	28.6	28.6	28.6	57	19.2	2.2	S	1.34	7.2	E	28.6	29.9	29.9	29.1	753.5	0.00	0.0	0	0.00	0	0.0	0.00	0.0	0.000	0.071	34.4	39	18.5	36.4	7.17	 .0696	0.00	235	1	100.0	10
17/07/14	4:30 a	28.5	28.6	28.5	58	19.4	2.2	SSE	1.34	5.4	SSE	28.5	29.9	29.9	29.1	753.4	0.00	0.0	0	0.00	0	0.0	0.00	0.0	0.000	0.071	34.5	39	18.5	36.5	7.17	 .0695	0.00	234	1	100.0	10
17/07/14	4:40 a	28.4	28.5	28.4	59	19.6	2.2	S	1.34	5.4	SE	28.4	29.8	29.8	29.0	753.4	0.00	0.0	0	0.00	0	0.0	0.00	0.0	0.000	0.070	34.4	39	18.5	36.4	7.17	 .0696	0.00	234	1	100.0	10
17/07/14	4:50 a	28.3	28.4	28.3	59	19.5	1.8	S	1.07	4.9	E	28.3	29.7	29.7	28.8	753.5	0.00	0.0	0	0.00	0	0.0	0.00	0.0	0.000	0.069	34.4	39	18.5	36.4	7.17	 .0696	0.00	234	1	100.0	10
17/07/14	5:00 a	28.3	28.3	28.2	59	19.5	2.7	SSE	1.61	6.3	E	28.3	29.7	29.7	28.8	753.5	0.00	0.0	0	0.00	0	0.0	0.00	0.0	0.000	0.069	34.5	39	18.5	36.5	7.17	 .0695	0.10	234	1	100.0	10
17/07/14	5:10 a	28.3	28.3	28.2	59	19.5	2.7	SSE	1.61	5.8	E	28.3	29.7	29.7	28.8	753.6	0.00	0.0	0	0.00	0	0.0	0.00	0.0	0.000	0.069	34.4	40	18.9	36.7	7.29	 .0695	0.00	234	1	100.0	10
17/07/14	5:20 a	28.2	28.3	28.2	59	19.4	2.2	S	1.34	5.8	SE	28.2	29.6	29.6	28.7	753.6	0.00	0.0	0	0.00	0	0.0	0.00	0.0	0.000	0.069	34.4	40	18.9	36.7	7.29	 .0695	0.00	235	1	100.0	10
17/07/14	5:30 a	28.3	28.3	28.2	59	19.5	2.7	ESE	1.61	6.7	ENE	28.3	29.7	29.7	28.8	753.7	0.00	0.0	0	0.00	0	0.0	0.00	0.0	0.000	0.069	34.4	40	18.8	36.6	7.29	 .0696	0.00	234	1	100.0	10
17/07/14	5:40 a	28.3	28.3	28.3	59	19.5	2.2	E	1.34	5.4	E	28.3	29.7	29.7	28.8	753.8	0.00	0.0	0	0.00	0	0.0	0.00	0.0	0.000	0.069	34.4	40	18.8	36.6	7.29	 .0696	0.00	234	1	100.0	10
17/07/14	5:50 a	28.3	28.3	28.2	59	19.5	2.2	SSE	1.34	6.3	E	28.3	29.7	29.7	28.8	753.8	0.00	0.0	0	0.00	0	0.0	0.00	0.0	0.000	0.069	34.4	40	18.8	36.6	7.29	 .0696	0.00	234	1	100.0	10
17/07/14	6:00 a	28.2	28.3	28.2	60	19.7	1.3	SSE	0.80	4.5	E	28.2	29.7	29.7	28.8	753.9	0.00	0.0	0	0.00	0	0.0	0.00	0.0	0.000	0.069	34.4	40	18.8	36.6	7.29	 .0696	0.05	234	1	100.0	10
17/07/14	6:10 a	28.1	28.2	28.1	60	19.6	0.9	SE	0.54	2.7	E	28.1	29.5	29.5	28.7	754.0	0.00	0.0	2	0.03	7	0.0	0.00	0.0	0.000	0.068	34.4	40	18.8	36.6	7.29	 .0696	0.00	234	1	100.0	10
17/07/14	6:20 a	28.0	28.1	28.0	61	19.8	0.9	S	0.54	2.7	ESE	28.0	29.4	29.4	28.8	754.0	0.00	0.0	11	0.16	14	0.0	0.00	0.0	0.000	0.067	34.4	40	18.8	36.6	7.29	 .0696	0.00	234	1	100.0	10
17/07/14	6:30 a	27.9	28.0	27.9	62	20.0	0.9	SSE	0.54	2.7	SSE	27.9	29.5	29.5	28.9	754.1	0.00	0.0	22	0.32	28	0.0	0.00	0.0	0.000	0.067	34.4	40	18.8	36.6	7.29	 .0696	0.00	235	1	100.0	10
17/07/14	6:40 a	27.9	27.9	27.9	62	20.0	0.9	S	0.54	2.2	SE	27.9	29.5	29.5	29.2	754.2	0.00	0.0	36	0.52	44	0.0	0.00	0.0	0.000	0.067	34.4	40	18.8	36.6	7.29	 .0696	0.00	234	1	100.0	10
17/07/14	6:50 a	28.0	28.0	27.9	62	20.0	1.3	S	0.80	4.0	SSE	28.0	29.6	29.6	29.6	754.3	0.00	0.0	64	0.92	77	0.0	0.00	0.0	0.000	0.067	34.4	40	18.8	36.6	7.29	 .0696	0.00	234	1	100.0	10
17/07/14	7:00 a	28.1	28.1	28.0	62	20.1	1.3	SE	0.80	4.9	ESE	28.1	29.7	29.7	30.2	754.4	0.00	0.0	95	1.36	111	0.1	0.01	0.5	0.000	0.068	34.4	40	18.8	36.6	7.29	 .0696	0.05	234	1	100.0	10
17/07/14	7:10 a	28.3	28.3	28.1	61	20.1	1.8	SE	1.07	4.0	E	28.3	29.9	29.9	30.9	754.5	0.00	0.0	133	1.91	151	0.6	0.04	0.6	0.000	0.069	34.4	40	18.8	36.6	7.29	 .0696	0.00	234	1	100.0	10
17/07/14	7:20 a	28.4	28.4	28.3	60	19.9	2.2	E	1.34	5.8	E	28.4	30.1	30.1	31.6	754.5	0.00	0.0	175	2.51	197	0.7	0.05	0.8	0.000	0.070	34.4	40	18.8	36.6	7.29	 .0696	0.00	234	1	100.0	10
17/07/14	7:30 a	28.6	28.6	28.4	59	19.8	2.7	ESE	1.61	5.8	E	28.6	30.3	30.3	32.4	754.6	0.00	0.0	220	3.15	239	0.9	0.06	1.0	0.000	0.071	34.3	40	18.8	36.5	7.30	 .0697	0.00	235	1	100.0	10
17/07/14	7:40 a	28.8	28.8	28.6	58	19.7	3.1	E	1.88	7.2	SE	28.8	30.5	30.5	33.1	754.6	0.00	0.0	257	3.68	272	1.1	0.08	1.2	0.000	0.073	34.3	40	18.8	36.5	7.30	 .0697	0.00	234	1	100.0	10
17/07/14	7:50 a	29.1	29.1	28.8	57	19.7	2.7	E	1.61	7.2	E	29.1	30.9	30.9	37.0	754.6	0.00	0.0	295	4.23	316	1.3	0.09	1.4	0.000	0.075	34.3	40	18.8	36.5	7.30	 .0697	0.00	234	1	100.0	10
17/07/14	8:00 a	29.3	29.3	29.1	56	19.6	3.6	ESE	2.15	9.8	E	29.2	31.1	30.9	37.1	754.6	0.00	0.0	332	4.76	345	1.5	0.11	1.6	0.000	0.076	34.3	40	18.8	36.5	7.30	 .0697	0.23	234	1	100.0	10
17/07/14	8:10 a	29.7	29.7	29.3	55	19.7	2.7	SSE	1.61	6.3	SE	29.7	31.4	31.4	38.4	754.7	0.00	0.0	370	5.30	390	1.8	0.13	1.9	0.000	0.079	34.3	40	18.8	36.5	7.30	 .0697	0.00	234	1	100.0	10
17/07/14	8:20 a	29.9	29.9	29.7	53	19.3	3.6	E	2.15	8.5	SE	29.8	31.6	31.5	38.4	754.7	0.00	0.0	409	5.86	424	2.0	0.14	2.2	0.000	0.081	34.3	40	18.7	36.4	7.30	 .0697	0.00	234	1	100.0	10
17/07/14	8:30 a	30.4	30.4	30.0	52	19.4	2.7	SSE	1.61	5.4	E	30.4	32.3	32.3	39.8	754.7	0.00	0.0	444	6.36	461	2.3	0.16	2.4	0.000	0.084	34.3	40	18.8	36.5	7.30	 .0697	0.00	234	1	100.0	10
17/07/14	8:40 a	30.6	30.6	30.4	50	19.0	3.6	E	2.15	8.9	ENE	30.6	32.3	32.3	39.1	754.6	0.00	0.0	465	6.67	489	2.5	0.18	2.6	0.000	0.085	34.3	40	18.8	36.5	7.30	 .0697	0.00	235	1	100.0	10
17/07/14	8:50 a	30.9	30.9	30.6	48	18.7	4.5	E	2.68	9.4	E	30.7	32.4	32.2	38.8	754.6	0.00	0.0	517	7.41	533	2.9	0.21	3.0	0.000	0.088	34.3	40	18.8	36.5	7.30	 .0697	0.00	234	1	100.0	10
17/07/14	9:00 a	31.1	31.1	30.9	47	18.5	6.3	E	3.76	11.6	E	30.5	32.4	31.8	37.6	754.6	0.00	0.0	551	7.90	568	3.1	0.22	3.3	0.000	0.089	34.3	39	18.4	36.2	7.17	 .0697	0.43	234	1	100.0	10
17/07/14	9:10 a	31.4	31.4	31.1	46	18.4	6.3	E	3.76	13.9	E	30.9	32.9	32.4	38.1	754.6	0.00	0.0	580	8.31	601	3.4	0.24	3.6	0.000	0.091	34.3	39	18.3	36.1	7.18	 .0697	0.00	234	1	100.0	10
17/07/14	9:20 a	31.7	31.7	31.4	46	18.6	4.5	E	2.68	12.1	ESE	31.6	33.5	33.4	39.7	754.7	0.00	0.0	606	8.69	629	3.7	0.26	3.8	0.000	0.093	34.3	39	18.4	36.2	7.17	 .0697	0.00	234	1	100.0	10
17/07/14	9:30 a	31.7	31.7	31.7	46	18.6	4.9	E	2.95	10.3	ESE	31.4	33.5	33.3	38.2	754.5	0.00	0.0	458	6.57	615	3.3	0.24	3.8	0.000	0.093	34.3	39	18.4	36.2	7.17	 .0697	0.00	234	1	100.0	10
17/07/14	9:40 a	31.8	31.8	31.6	45	18.4	5.4	E	3.22	12.1	ESE	31.6	33.5	33.3	38.2	754.5	0.00	0.0	521	7.47	659	3.8	0.27	4.5	0.000	0.094	34.3	39	18.4	36.2	7.17	 .0697	0.00	234	1	100.0	10
17/07/14	9:50 a	32.2	32.2	31.8	45	18.7	4.0	SE	2.41	9.8	E	32.2	34.0	34.0	40.7	754.5	0.00	0.0	732	10.49	745	4.9	0.35	5.1	0.000	0.096	34.4	39	18.4	36.3	7.17	 .0697	0.00	235	1	100.0	10
17/07/14	10:00 a	32.3	32.4	32.2	44	18.5	4.5	E	2.68	10.7	E	32.3	34.0	34.0	39.9	754.5	0.00	0.0	710	10.18	744	5.1	0.36	5.3	0.000	0.097	34.4	39	18.5	36.4	7.17	 .0697	0.58	234	1	100.0	10
17/07/14	10:10 a	32.6	32.7	32.3	43	18.4	4.5	E	2.68	10.3	E	32.6	34.3	34.3	40.2	754.5	0.00	0.0	745	10.68	756	5.5	0.39	5.6	0.000	0.099	34.5	39	18.5	36.5	7.17	 .0696	0.00	234	1	100.0	10
17/07/14	10:20 a	32.7	32.7	32.6	43	18.5	5.4	ESE	3.22	13.0	ESE	32.6	34.4	34.3	39.8	754.4	0.00	0.0	786	11.27	803	5.9	0.42	6.1	0.000	0.100	34.6	39	18.6	36.6	7.17	 .0696	0.00	234	1	100.0	10
17/07/14	10:30 a	33.0	33.0	32.7	42	18.4	6.3	E	3.76	12.1	E	32.9	34.7	34.6	39.7	754.3	0.00	0.0	806	11.55	812	6.2	0.44	6.3	0.000	0.102	34.6	39	18.6	36.7	7.16	 .0696	0.00	234	1	100.0	10
17/07/14	10:40 a	33.3	33.3	33.0	42	18.7	4.5	E	2.68	11.2	E	33.3	35.3	35.3	40.9	754.2	0.00	0.0	823	11.80	830	6.5	0.46	6.6	0.000	0.104	34.7	39	18.7	36.8	7.16	 .0696	0.00	234	1	100.0	10
17/07/14	10:50 a	33.5	33.6	33.3	41	18.4	4.5	ESE	2.68	10.3	SE	33.5	35.3	35.3	40.6	754.2	0.00	0.0	808	11.58	851	6.6	0.47	6.9	0.000	0.105	34.7	39	18.7	36.8	7.16	 .0696	0.00	235	1	100.0	10
17/07/14	11:00 a	33.7	33.7	33.4	42	19.0	3.6	SSE	2.15	9.8	NE	33.7	35.9	35.9	41.7	754.0	0.00	0.0	854	12.24	861	7.1	0.51	7.2	0.000	0.106	34.8	39	18.8	37.1	7.16	 .0695	0.74	234	1	100.0	10
17/07/14	11:10 a	34.1	34.1	33.7	41	18.9	3.6	ESE	2.15	9.4	E	34.1	36.3	36.3	42.0	753.9	0.00	0.0	866	12.41	874	7.3	0.52	7.4	0.000	0.109	34.8	39	18.8	37.1	7.16	 .0695	0.00	234	1	100.0	10
17/07/14	11:20 a	34.0	34.3	33.9	40	18.5	4.9	E	2.95	10.7	E	34.0	35.9	35.9	40.8	753.8	0.00	0.0	863	12.37	891	7.4	0.53	7.6	0.000	0.109	34.9	39	18.9	37.2	7.15	 .0695	0.00	234	1	100.0	10
17/07/14	11:30 a	34.4	34.4	33.8	39	18.5	4.0	E	2.41	12.1	ENE	34.4	36.4	36.4	41.9	753.7	0.00	0.0	912	13.07	942	7.8	0.56	8.1	0.000	0.112	34.9	39	18.9	37.3	7.15	 .0694	0.00	234	1	100.0	10
17/07/14	11:40 a	34.7	34.9	34.4	38	18.3	4.0	ESE	2.41	9.4	ENE	34.7	36.5	36.5	41.9	753.6	0.00	0.0	943	13.52	953	8.2	0.59	8.4	0.000	0.113	35.0	39	19.0	37.4	7.15	 .0694	0.00	234	1	100.0	10
17/07/14	11:50 a	34.6	34.7	34.4	38	18.2	6.3	E	3.76	11.6	E	34.6	36.4	36.4	41.0	753.5	0.00	0.0	971	13.92	986	7.5	0.54	8.5	0.000	0.113	35.1	38	18.6	37.2	7.05	 .0694	0.00	234	1	100.0	10
17/07/14	12:00 p	34.8	34.8	34.7	39	18.8	5.4	E	3.22	11.2	SE	34.8	37.1	37.1	39.8	753.5	0.00	0.0	306	4.39	306	6.4	0.46	8.7	0.000	0.115	35.1	38	18.6	37.2	7.05	 .0694	0.79	235	1	100.0	10
17/07/14	12:10 p	34.7	34.8	34.6	39	18.7	5.4	E	3.22	12.1	E	34.7	36.8	36.8	41.8	753.4	0.00	0.0	638	9.15	1092	6.9	0.49	9.0	0.000	0.113	35.1	38	18.7	37.3	7.05	 .0694	0.00	234	1	100.0	10
17/07/14	12:20 p	34.7	34.7	34.5	39	18.7	5.4	E	3.22	12.1	E	34.7	36.8	36.8	42.3	753.3	0.00	0.0	843	12.08	1060	7.6	0.54	9.1	0.000	0.113	35.1	38	18.7	37.3	7.05	 .0694	0.00	234	1	100.0	10
17/07/14	12:30 p	35.1	35.1	34.7	38	18.6	4.5	ESE	2.68	11.2	ESE	35.1	37.2	37.2	41.9	753.1	0.00	0.0	971	13.92	1025	8.4	0.60	8.9	0.000	0.116	35.2	38	18.7	37.4	7.04	 .0693	0.00	234	1	100.0	10
17/07/14	12:40 p	35.1	35.2	34.8	38	18.6	5.4	E	3.22	13.0	E	35.1	37.2	37.2	42.2	753.0	0.00	0.0	952	13.65	972	8.5	0.61	8.8	0.000	0.116	35.2	38	18.7	37.4	7.04	 .0693	0.00	234	1	100.0	10
17/07/14	12:50 p	35.3	35.3	35.1	37	18.4	6.3	E	3.76	12.1	ENE	35.3	37.3	37.3	42.1	752.8	0.00	0.0	940	13.48	949	8.6	0.61	8.8	0.000	0.118	35.2	38	18.8	37.5	7.04	 .0693	0.00	234	1	100.0	10
17/07/14	1:00 p	35.4	35.4	35.3	37	18.5	5.8	E	3.49	12.1	E	35.4	37.6	37.6	42.6	752.7	0.00	0.0	933	13.37	949	8.2	0.59	8.6	0.000	0.119	35.3	38	18.8	37.6	7.04	 .0693	0.84	235	1	100.0	10
17/07/14	1:10 p	35.2	35.5	35.1	37	18.3	7.2	E	4.29	12.1	ESE	35.2	37.2	37.2	42.0	752.6	0.00	0.0	883	12.66	933	8.1	0.58	8.5	0.000	0.117	35.3	38	18.9	37.7	7.04	 .0692	0.00	234	1	100.0	10
17/07/14	1:20 p	35.3	35.4	35.2	37	18.4	6.3	E	3.76	11.6	ENE	35.3	37.3	37.3	42.5	752.4	0.00	0.0	822	11.78	830	7.1	0.51	8.0	0.000	0.118	35.4	38	18.9	37.8	7.04	 .0692	0.00	234	1	100.0	10
17/07/14	1:30 p	35.6	35.6	35.3	36	18.2	5.8	E	3.49	13.0	ENE	35.6	37.4	37.4	42.7	752.4	0.00	0.0	887	12.72	919	8.1	0.58	8.3	0.000	0.120	35.4	38	19.0	37.9	7.03	 .0692	0.00	234	1	100.0	10
17/07/14	1:40 p	35.8	35.8	35.4	36	18.4	4.5	ESE	2.68	12.5	E	35.8	37.8	37.8	43.7	752.3	0.00	0.0	800	11.47	860	7.4	0.53	7.8	0.000	0.121	35.5	38	19.0	38.1	7.03	 .0692	0.00	234	1	100.0	10
17/07/14	1:50 p	35.8	36.0	35.8	35	18.0	5.4	E	3.22	13.0	ESE	35.8	37.4	37.4	42.9	752.1	0.00	0.0	796	11.41	846	7.3	0.52	7.6	0.000	0.122	35.5	37	18.6	37.7	6.83	 .0692	0.00	234	1	100.0	10
17/07/14	2:00 p	36.3	36.3	35.8	34	17.9	4.5	ESE	2.68	11.6	E	36.3	38.0	38.0	43.9	752.1	0.00	0.0	829	11.88	863	7.5	0.54	7.7	0.000	0.125	35.6	37	18.6	37.8	6.83	 .0692	0.81	234	1	100.0	10
17/07/14	2:10 p	36.4	36.4	36.3	35	18.5	4.0	E	2.41	10.3	E	36.4	38.6	38.6	44.7	752.0	0.00	0.0	844	12.10	877	7.3	0.52	7.5	0.000	0.126	35.7	37	18.7	37.9	6.83	 .0691	0.00	235	1	100.0	10
17/07/14	2:20 p	36.6	36.6	36.4	35	18.6	4.0	SSE	2.41	10.3	ESE	36.6	38.7	38.7	44.8	751.9	0.00	0.0	837	12.00	853	7.2	0.51	7.4	0.000	0.127	35.7	37	18.8	38.1	6.82	 .0691	0.00	234	1	100.0	10
17/07/14	2:30 p	36.4	36.6	36.4	35	18.5	4.5	S	2.68	12.1	ENE	36.4	38.6	38.6	44.4	751.7	0.00	0.0	800	11.47	816	6.8	0.49	7.0	0.000	0.126	35.8	37	18.8	38.2	6.82	 .0691	0.00	234	1	100.0	10
17/07/14	2:40 p	36.3	36.4	36.3	35	18.4	4.9	ESE	2.95	10.7	ENE	36.3	38.2	38.2	43.8	751.6	0.00	0.0	766	10.98	788	6.5	0.46	6.7	0.000	0.125	35.8	37	18.9	38.3	6.82	 .0690	0.00	234	1	100.0	10
17/07/14	2:50 p	36.7	36.7	36.3	35	18.8	4.0	E	2.41	12.1	ENE	36.7	39.1	39.1	45.0	751.6	0.00	0.0	741	10.62	754	6.2	0.44	6.3	0.000	0.128	35.8	37	18.9	38.3	6.82	 .0690	0.00	234	1	100.0	10
17/07/14	3:00 p	36.6	36.8	36.6	35	18.6	4.5	ESE	2.68	11.6	ENE	36.6	38.7	38.7	44.4	751.5	0.00	0.0	709	10.16	726	5.8	0.41	6.0	0.000	0.127	35.9	37	18.9	38.4	6.82	 .0690	0.76	234	1	100.0	10
17/07/14	3:10 p	36.3	36.5	36.3	36	18.9	4.9	ESE	2.95	10.3	E	36.3	38.8	38.8	44.1	751.4	0.00	0.0	676	9.69	693	5.4	0.39	5.5	0.000	0.125	35.9	37	19.0	38.4	6.82	 .0690	0.00	235	1	100.0	10
17/07/14	3:20 p	36.1	36.4	36.1	36	18.7	4.0	SSE	2.41	9.8	E	36.1	38.3	38.3	43.6	751.4	0.00	0.0	569	8.16	705	4.5	0.32	5.2	0.000	0.123	35.9	37	19.0	38.4	6.82	 .0690	0.00	234	1	100.0	10
17/07/14	3:30 p	36.2	36.3	36.1	36	18.8	4.9	E	2.95	10.7	ENE	36.2	38.6	38.6	43.7	751.3	0.00	0.0	620	8.89	664	4.6	0.33	4.9	0.000	0.124	35.9	37	19.0	38.4	6.82	 .0690	0.00	234	1	100.0	10
17/07/14	3:40 p	36.3	36.4	36.2	35	18.4	5.8	E	3.49	12.5	E	36.3	38.2	38.2	42.7	751.3	0.00	0.0	541	7.76	573	4.1	0.29	4.3	0.000	0.125	35.9	37	19.0	38.4	6.82	 .0690	0.00	234	1	100.0	10
17/07/14	3:50 p	36.2	36.3	36.1	36	18.7	4.5	E	2.68	9.4	SSE	36.2	38.4	38.4	42.7	751.3	0.00	0.0	438	6.28	499	3.3	0.24	3.7	0.000	0.124	36.0	37	19.0	38.6	6.81	 .0690	0.00	234	1	100.0	10
17/07/14	4:00 p	36.2	36.2	36.1	36	18.7	3.6	SSE	2.15	9.4	ESE	36.2	38.4	38.4	42.3	751.3	0.00	0.0	353	5.06	381	2.8	0.20	2.9	0.000	0.124	36.1	37	19.1	38.7	6.81	 .0689	0.58	234	1	100.0	10
17/07/14	4:10 p	36.0	36.2	36.0	36	18.6	4.0	E	2.41	11.6	E	36.0	38.2	38.2	41.9	751.2	0.00	0.0	354	5.07	401	2.6	0.19	2.8	0.000	0.123	36.1	37	19.1	38.7	6.81	 .0689	0.00	234	1	100.0	10
17/07/14	4:20 p	36.1	36.2	36.0	35	18.2	4.0	SSE	2.41	12.1	E	36.1	37.9	37.9	42.4	751.3	0.00	0.0	422	6.05	466	2.7	0.19	2.8	0.000	0.123	36.1	37	19.1	38.7	6.81	 .0689	0.00	235	1	100.0	10
17/07/14	4:30 p	36.0	36.1	36.0	36	18.6	4.9	E	2.95	11.6	ENE	36.0	38.2	38.2	41.7	751.3	0.00	0.0	336	4.82	394	2.3	0.16	2.5	0.000	0.123	36.1	37	19.1	38.7	6.81	 .0689	0.00	234	1	100.0	10
17/07/14	4:40 p	35.9	36.0	35.9	37	18.9	3.6	SSE	2.15	6.3	ENE	35.9	38.4	38.4	42.7	751.4	0.00	0.0	354	5.07	424	2.2	0.16	2.3	0.000	0.122	36.1	37	19.1	38.8	6.81	 .0689	0.00	234	1	100.0	10
17/07/14	4:50 p	35.8	35.9	35.8	37	18.8	3.1	S	1.88	8.5	E	35.8	38.2	38.2	41.8	751.4	0.00	0.0	278	3.99	353	1.8	0.13	2.1	0.000	0.121	36.1	37	19.1	38.8	6.81	 .0689	0.00	234	1	100.0	10
17/07/14	5:00 p	35.9	36.0	35.8	36	18.5	3.1	SSW	1.88	12.1	E	35.9	37.9	37.9	42.3	751.4	0.00	0.0	322	4.62	352	1.7	0.12	1.8	0.000	0.122	36.2	37	19.2	38.9	6.81	 .0689	0.43	234	1	100.0	10
17/07/14	5:10 p	35.7	35.9	35.7	37	18.8	3.1	SSE	1.88	7.2	SSE	35.7	38.1	38.1	41.8	751.5	0.00	0.0	269	3.86	297	1.4	0.10	1.5	0.000	0.121	36.2	37	19.2	38.9	6.81	 .0689	0.00	234	1	100.0	10
17/07/14	5:20 p	35.4	35.7	35.4	37	18.5	4.0	SSE	2.41	10.3	E	35.4	37.6	37.6	40.3	751.6	0.00	0.0	209	3.00	220	1.1	0.08	1.2	0.000	0.119	36.2	37	19.2	39.0	6.81	 .0689	0.00	234	1	100.0	10
17/07/14	5:30 p	35.2	35.4	35.2	38	18.8	4.0	ESE	2.41	11.6	ESE	35.2	37.5	37.5	40.1	751.7	0.00	0.0	184	2.64	209	0.9	0.06	1.0	0.000	0.117	36.3	37	19.3	39.1	6.80	 .0689	0.00	235	1	100.0	10
17/07/14	5:40 p	34.9	35.2	34.9	38	18.5	4.0	SSE	2.41	12.1	E	34.9	37.0	37.0	38.5	751.8	0.00	0.0	114	1.63	155	0.7	0.05	0.8	0.000	0.115	36.3	37	19.3	39.2	6.80	 .0689	0.00	234	1	100.0	10
17/07/14	5:50 p	34.8	34.9	34.8	39	18.8	3.1	SSE	1.88	10.3	SSE	34.8	37.1	37.1	38.0	751.9	0.00	0.0	74	1.06	81	0.5	0.04	0.6	0.000	0.114	36.4	37	19.4	39.3	6.80	 .0689	0.00	234	1	100.0	10
17/07/14	6:00 p	34.6	34.8	34.6	39	18.6	3.1	SSE	1.88	9.4	SE	34.6	36.7	36.7	37.3	752.0	0.00	0.0	57	0.82	63	0.0	0.00	0.0	0.000	0.113	36.4	37	19.4	39.3	6.80	 .0689	0.25	234	1	100.0	10
17/07/14	6:10 p	34.4	34.7	34.4	40	18.9	2.7	SSW	1.61	7.2	ESE	34.4	36.7	36.7	37.2	752.1	0.00	0.0	46	0.66	51	0.0	0.00	0.0	0.000	0.112	36.4	37	19.4	39.3	6.80	 .0689	0.00	234	1	100.0	10
17/07/14	6:20 p	34.2	34.4	34.2	40	18.6	3.6	SSE	2.15	8.9	SE	34.2	36.2	36.2	36.3	752.2	0.00	0.0	32	0.46	37	0.0	0.00	0.0	0.000	0.110	36.4	37	19.4	39.3	6.80	 .0689	0.00	234	1	100.0	10
17/07/14	6:30 p	33.9	34.2	33.9	40	18.4	3.1	ESE	1.88	10.3	E	33.9	35.7	35.7	35.6	752.3	0.00	0.0	19	0.27	25	0.0	0.00	0.0	0.000	0.108	36.4	37	19.4	39.4	6.80	 .0689	0.00	235	1	100.0	10
17/07/14	6:40 p	33.7	33.9	33.7	40	18.2	3.6	ESE	2.15	8.5	E	33.7	35.4	35.4	34.9	752.5	0.00	0.0	8	0.11	12	0.0	0.00	0.0	0.000	0.107	36.4	37	19.4	39.4	6.80	 .0689	0.00	234	1	100.0	10
17/07/14	6:50 p	33.5	33.7	33.5	41	18.4	3.6	E	2.15	8.9	ESE	33.5	35.3	35.3	34.6	752.6	0.00	0.0	0	0.00	5	0.0	0.00	0.0	0.000	0.105	36.4	37	19.4	39.4	6.80	 .0689	0.00	234	1	100.0	10
17/07/14	7:00 p	33.3	33.5	33.3	42	18.6	3.6	E	2.15	8.5	ESE	33.3	35.2	35.2	34.3	752.8	0.00	0.0	0	0.00	0	0.0	0.00	0.0	0.000	0.104	36.4	36	19.0	39.0	6.70	 .0690	0.15	234	1	100.0	10
17/07/14	7:10 p	33.1	33.3	33.1	42	18.4	2.7	ESE	1.61	6.3	SE	33.1	34.8	34.8	33.9	752.8	0.00	0.0	0	0.00	0	0.0	0.00	0.0	0.000	0.102	36.4	36	18.9	38.9	6.70	 .0690	0.00	234	1	100.0	10
17/07/14	7:20 p	32.9	33.1	32.9	43	18.7	3.1	E	1.88	6.7	ESE	32.9	34.8	34.8	33.9	752.9	0.00	0.0	0	0.00	0	0.0	0.00	0.0	0.000	0.101	36.4	36	18.9	38.9	6.70	 .0690	0.00	234	1	100.0	10
17/07/14	7:30 p	32.8	32.9	32.8	43	18.6	2.7	E	1.61	6.3	ESE	32.8	34.6	34.6	33.7	753.0	0.00	0.0	0	0.00	0	0.0	0.00	0.0	0.000	0.100	36.4	36	18.9	38.9	6.70	 .0690	0.00	234	1	100.0	10
17/07/14	7:40 p	32.6	32.8	32.6	44	18.8	2.2	ESE	1.34	6.3	E	32.6	34.5	34.5	33.6	753.1	0.00	0.0	0	0.00	0	0.0	0.00	0.0	0.000	0.099	36.3	36	18.9	38.8	6.70	 .0691	0.00	235	1	100.0	10
17/07/14	7:50 p	32.5	32.6	32.5	45	19.0	3.1	E	1.88	7.2	ENE	32.5	34.6	34.6	33.7	753.2	0.00	0.0	0	0.00	0	0.0	0.00	0.0	0.000	0.098	36.3	36	18.9	38.8	6.70	 .0691	0.00	234	1	100.0	10
17/07/14	8:00 p	32.4	32.5	32.4	44	18.6	3.6	E	2.15	8.5	ESE	32.4	34.2	34.2	33.4	753.3	0.00	0.0	0	0.00	0	0.0	0.00	0.0	0.000	0.098	36.3	37	19.3	39.2	6.80	 .0690	0.15	234	1	100.0	10
17/07/14	8:10 p	32.4	32.4	32.4	44	18.6	4.5	E	2.68	11.2	E	32.4	34.1	34.1	33.3	753.4	0.00	0.0	0	0.00	0	0.0	0.00	0.0	0.000	0.098	36.3	36	18.8	38.7	6.70	 .0691	0.00	234	1	100.0	10
17/07/14	8:20 p	32.3	32.4	32.3	45	18.8	3.6	E	2.15	7.2	E	32.3	34.2	34.2	33.3	753.6	0.00	0.0	0	0.00	0	0.0	0.00	0.0	0.000	0.097	36.3	36	18.8	38.7	6.70	 .0691	0.00	234	1	100.0	10
17/07/14	8:30 p	32.2	32.3	32.2	45	18.7	4.0	E	2.41	8.9	E	32.2	34.0	34.0	33.2	753.7	0.00	0.0	0	0.00	0	0.0	0.00	0.0	0.000	0.096	36.2	36	18.8	38.6	6.71	 .0692	0.00	234	1	100.0	10
17/07/14	8:40 p	32.0	32.2	32.0	45	18.6	4.5	E	2.68	9.8	E	31.9	33.7	33.7	32.9	753.7	0.00	0.0	0	0.00	0	0.0	0.00	0.0	0.000	0.095	36.2	36	18.7	38.4	6.71	 .0692	0.00	235	1	100.0	10
17/07/14	8:50 p	31.8	32.0	31.8	46	18.7	4.5	E	2.68	8.9	E	31.7	33.6	33.5	32.7	754.0	0.00	0.0	0	0.00	0	0.0	0.00	0.0	0.000	0.093	36.0	36	18.6	38.2	6.71	 .0693	0.00	234	1	100.0	10
17/07/14	9:00 p	31.7	31.8	31.7	47	19.0	4.0	ENE	2.41	8.5	ENE	31.6	33.7	33.6	32.8	754.2	0.00	0.0	0	0.00	0	0.0	0.00	0.0	0.000	0.093	35.9	37	18.9	38.4	6.82	 .0693	0.18	234	1	100.0	10
17/07/14	9:10 p	31.5	31.7	31.4	47	18.8	5.4	E	3.22	9.4	ENE	31.2	33.3	32.9	32.2	754.3	0.00	0.0	0	0.00	0	0.0	0.00	0.0	0.000	0.091	35.8	37	18.8	38.2	6.82	 .0693	0.00	234	1	100.0	10
17/07/14	9:20 p	31.4	31.4	31.4	48	19.1	4.5	E	2.68	8.0	ENE	31.2	33.2	33.1	32.3	754.4	0.00	0.0	0	0.00	0	0.0	0.00	0.0	0.000	0.091	35.7	37	18.7	37.9	6.83	 .0693	0.00	234	1	100.0	10
17/07/14	9:30 p	31.1	31.4	31.1	49	19.1	4.5	E	2.68	9.8	E	30.9	32.8	32.6	31.9	754.5	0.00	0.0	0	0.00	0	0.0	0.00	0.0	0.000	0.089	35.6	37	18.7	37.8	6.83	 .0694	0.00	234	1	100.0	10
17/07/14	9:40 p	30.9	31.1	30.9	50	19.3	5.4	E	3.22	9.8	ENE	30.4	32.7	32.2	31.6	754.5	0.00	0.0	0	0.00	0	0.0	0.00	0.0	0.000	0.087	35.6	37	18.6	37.8	6.83	 .0694	0.00	234	1	100.0	10
17/07/14	9:50 p	30.8	30.9	30.8	51	19.5	4.5	E	2.68	8.5	E	30.6	32.8	32.6	31.8	754.3	0.00	0.0	0	0.00	0	0.0	0.00	0.0	0.000	0.087	35.4	37	18.5	37.6	6.83	 .0694	0.00	235	1	100.0	10
17/07/14	10:00 p	30.7	30.8	30.7	51	19.4	4.5	E	2.68	8.5	ESE	30.4	32.7	32.4	31.7	754.4	0.00	0.0	0	0.00	0	0.0	0.00	0.0	0.000	0.086	35.4	37	18.5	37.6	6.83	 .0694	0.18	234	1	100.0	10
17/07/14	10:10 p	30.7	30.7	30.7	51	19.4	4.0	E	2.41	7.2	E	30.4	32.6	32.4	31.6	754.5	0.00	0.0	0	0.00	0	0.0	0.00	0.0	0.000	0.086	35.4	37	18.5	37.6	6.83	 .0694	0.00	234	1	100.0	10
17/07/14	10:20 p	30.5	30.7	30.5	51	19.2	4.0	E	2.41	8.5	ESE	30.3	32.3	32.1	31.3	754.4	0.00	0.0	0	0.00	0	0.0	0.00	0.0	0.000	0.084	35.4	37	18.5	37.6	6.83	 .0694	0.00	234	1	100.0	10
17/07/14	10:30 p	30.4	30.6	30.4	51	19.2	4.0	E	2.41	7.2	E	30.2	32.3	32.1	31.3	754.5	0.00	0.0	0	0.00	0	0.0	0.00	0.0	0.000	0.084	35.4	37	18.5	37.4	6.84	 .0694	0.00	234	1	100.0	10
17/07/14	10:40 p	30.4	30.4	30.4	51	19.1	3.1	E	1.88	5.8	E	30.4	32.2	32.2	31.3	754.5	0.00	0.0	0	0.00	0	0.0	0.00	0.0	0.000	0.084	35.4	37	18.5	37.4	6.84	 .0694	0.00	234	1	100.0	10
17/07/14	10:50 p	30.3	30.4	30.3	51	19.0	3.1	E	1.88	5.8	ESE	30.3	31.9	31.9	31.1	754.6	0.00	0.0	0	0.00	0	0.0	0.00	0.0	0.000	0.083	35.4	37	18.5	37.4	6.84	 .0695	0.00	235	1	100.0	10
17/07/14	11:00 p	30.2	30.3	30.2	51	18.9	2.7	E	1.61	5.4	ESE	30.2	31.7	31.7	30.9	754.6	0.00	0.0	0	0.00	0	0.0	0.00	0.0	0.000	0.082	35.4	37	18.5	37.6	6.83	 .0694	0.13	234	1	100.0	10
17/07/14	11:10 p	30.1	30.2	30.1	51	18.9	3.1	E	1.88	5.4	ESE	30.1	31.6	31.6	30.7	754.5	0.00	0.0	0	0.00	0	0.0	0.00	0.0	0.000	0.082	35.4	37	18.5	37.6	6.83	 .0694	0.00	234	1	100.0	10
17/07/14	11:20 p	30.0	30.1	30.0	51	18.8	2.7	E	1.61	6.7	ESE	30.0	31.4	31.4	30.5	754.5	0.00	0.0	0	0.00	0	0.0	0.00	0.0	0.000	0.081	35.4	37	18.5	37.6	6.83	 .0694	0.00	234	1	100.0	10
17/07/14	11:30 p	29.9	30.1	29.9	51	18.7	3.1	E	1.88	7.2	ENE	29.9	31.3	31.3	30.4	754.4	0.00	0.0	0	0.00	0	0.0	0.00	0.0	0.000	0.081	35.5	37	18.6	37.7	6.83	 .0694	0.00	234	1	100.0	10
17/07/14	11:40 p	29.9	29.9	29.9	51	18.7	3.6	E	2.15	7.2	E	29.8	31.2	31.1	30.3	754.4	0.00	0.0	0	0.00	0	0.0	0.00	0.0	0.000	0.080	35.4	37	18.5	37.6	6.83	 .0694	0.00	234	1	100.0	10
17/07/14	11:50 p	29.8	29.9	29.8	51	18.6	3.1	E	1.88	6.7	ESE	29.8	31.2	31.2	30.3	754.3	0.00	0.0	0	0.00	0	0.0	0.00	0.0	0.000	0.080	35.4	37	18.5	37.6	6.83	 .0694	0.00	234	1	100.0	10
18/07/14	12:00 a	29.8	29.8	29.8	51	18.6	2.7	E	1.61	7.2	ENE	29.8	31.2	31.2	30.3	754.2	0.00	0.0	0	0.00	0	0.0	0.00	0.0	0.000	0.080	35.4	37	18.5	37.6	6.83	 .0694	0.13	235	1	100.0	10
