		Temp	Hi	Low	Out	Dew	Wind	Wind	Wind	Hi	Hi	Wind	Heat	THW	THSW			Rain	Solar	Solar	Hi Solar	UV 	UV 	Hi 	Heat	Cool	In 	In	In 	In 	In 	In Air		Wind	Wind	ISS 	Arc.
Date	Time	Out	Temp	Temp	Hum	Pt.	Speed	Dir	Run	Speed	Dir	Chill	Index	Index	Index	Bar  	Rain	Rate	Rad.	Energy	Rad. 	Index	Dose	UV 	D-D 	D-D 	Temp	Hum	Dew	Heat	EMC	Density	ET 	Samp	Tx 	Recept	Int.
22/07/14	12:10 a	28.9	28.9	28.9	59	20.1	4.9	E	2.95	12.1	ESE	28.2	30.8	30.1	29.4	754.2	0.00	0.0	0	0.00	0	0.0	0.00	0.0	0.000	0.073	34.9	39	18.9	37.2	7.15	 .0695	0.00	233	1	100.0	10
22/07/14	12:20 a	28.8	28.9	28.8	60	20.2	5.4	ESE	3.22	10.3	E	27.9	30.7	29.8	29.2	754.4	0.00	0.0	0	0.00	0	0.0	0.00	0.0	0.000	0.073	34.9	39	18.9	37.2	7.15	 .0695	0.00	234	1	100.0	10
22/07/14	12:30 a	28.7	28.8	28.7	61	20.5	3.6	E	2.15	8.0	ESE	28.6	30.8	30.6	29.8	754.3	0.00	0.0	0	0.00	0	0.0	0.00	0.0	0.000	0.072	34.9	39	18.9	37.2	7.15	 .0695	0.00	235	1	100.0	10
22/07/14	12:40 a	28.6	28.7	28.6	61	20.4	3.6	ESE	2.15	8.5	E	28.4	30.6	30.4	29.6	754.2	0.00	0.0	0	0.00	0	0.0	0.00	0.0	0.000	0.071	34.9	39	18.9	37.2	7.15	 .0695	0.00	234	1	100.0	10
22/07/14	12:50 a	28.6	28.6	28.6	62	20.6	3.6	ESE	2.15	8.9	E	28.4	30.6	30.4	29.7	754.1	0.00	0.0	0	0.00	0	0.0	0.00	0.0	0.000	0.071	34.9	39	18.9	37.2	7.15	 .0695	0.00	234	1	100.0	10
22/07/14	1:00 a	28.6	28.6	28.5	62	20.6	3.6	ESE	2.15	8.0	NE	28.4	30.6	30.4	29.7	754.1	0.00	0.0	0	0.00	0	0.0	0.00	0.0	0.000	0.071	34.9	39	18.9	37.2	7.15	 .0695	0.13	234	1	100.0	10
22/07/14	1:10 a	28.6	28.6	28.5	62	20.6	4.0	E	2.41	8.0	ESE	28.1	30.6	30.1	29.4	754.1	0.00	0.0	0	0.00	0	0.0	0.00	0.0	0.000	0.071	34.9	39	18.9	37.2	7.15	 .0695	0.00	234	1	100.0	10
22/07/14	1:20 a	28.6	28.6	28.5	62	20.6	4.5	ESE	2.68	10.7	ESE	27.9	30.6	29.9	29.2	753.8	0.00	0.0	0	0.00	0	0.0	0.00	0.0	0.000	0.071	34.9	39	18.9	37.2	7.15	 .0695	0.00	234	1	100.0	10
22/07/14	1:30 a	28.6	28.6	28.6	61	20.3	4.5	E	2.68	9.4	E	27.9	30.4	29.8	29.1	753.8	0.00	0.0	0	0.00	0	0.0	0.00	0.0	0.000	0.071	34.8	39	18.8	37.1	7.16	 .0695	0.00	235	1	100.0	10
22/07/14	1:40 a	28.6	28.6	28.6	61	20.3	4.9	E	2.95	10.3	ESE	27.8	30.4	29.7	28.9	753.8	0.00	0.0	0	0.00	0	0.0	0.00	0.0	0.000	0.071	34.8	39	18.8	37.1	7.16	 .0695	0.00	234	1	100.0	10
22/07/14	1:50 a	28.6	28.6	28.6	62	20.6	3.6	E	2.15	7.2	E	28.4	30.6	30.4	29.7	753.9	0.00	0.0	0	0.00	0	0.0	0.00	0.0	0.000	0.071	34.8	39	18.8	37.1	7.16	 .0695	0.00	234	1	100.0	10
22/07/14	2:00 a	28.5	28.6	28.5	62	20.5	3.1	E	1.88	7.2	E	28.5	30.4	30.4	29.6	754.0	0.00	0.0	0	0.00	0	0.0	0.00	0.0	0.000	0.071	34.8	39	18.8	37.1	7.16	 .0695	0.10	234	1	100.0	10
22/07/14	2:10 a	28.4	28.5	28.4	63	20.7	3.6	E	2.15	8.9	SE	28.3	30.5	30.3	29.6	753.8	0.00	0.0	0	0.00	0	0.0	0.00	0.0	0.000	0.070	34.8	39	18.8	37.1	7.16	 .0695	0.00	234	1	100.0	10
22/07/14	2:20 a	28.4	28.4	28.4	63	20.7	3.1	ESE	1.88	6.3	ENE	28.4	30.3	30.3	29.6	753.8	0.00	0.0	0	0.00	0	0.0	0.00	0.0	0.000	0.070	34.8	40	19.2	37.3	7.27	 .0694	0.00	234	1	100.0	10
22/07/14	2:30 a	28.3	28.4	28.3	64	20.9	2.7	ESE	1.61	8.0	ESE	28.3	30.4	30.4	29.6	753.7	0.00	0.0	0	0.00	0	0.0	0.00	0.0	0.000	0.069	34.8	40	19.2	37.3	7.27	 .0694	0.00	235	1	100.0	10
22/07/14	2:40 a	28.3	28.3	28.3	64	20.8	3.6	ESE	2.15	8.9	SE	28.1	30.3	30.1	29.4	753.6	0.00	0.0	0	0.00	0	0.0	0.00	0.0	0.000	0.069	34.8	40	19.2	37.3	7.27	 .0694	0.00	234	1	100.0	10
22/07/14	2:50 a	28.3	28.3	28.2	64	20.8	3.6	ESE	2.15	8.5	SE	28.1	30.3	30.1	29.4	753.6	0.00	0.0	0	0.00	0	0.0	0.00	0.0	0.000	0.069	34.8	40	19.2	37.3	7.27	 .0694	0.00	234	1	100.0	10
22/07/14	3:00 a	28.2	28.3	28.2	65	21.0	4.0	ESE	2.41	9.8	E	27.8	30.3	29.9	29.2	753.6	0.00	0.0	0	0.00	0	0.0	0.00	0.0	0.000	0.069	34.8	40	19.2	37.3	7.27	 .0694	0.10	234	1	100.0	10
22/07/14	3:10 a	28.2	28.2	28.2	65	21.0	3.1	E	1.88	8.0	E	28.2	30.2	30.2	29.4	753.6	0.00	0.0	0	0.00	0	0.0	0.00	0.0	0.000	0.068	34.7	40	19.1	37.3	7.27	 .0694	0.00	234	1	100.0	10
22/07/14	3:20 a	28.1	28.2	28.1	65	20.9	3.1	E	1.88	6.7	SE	28.1	30.1	30.1	29.3	753.6	0.00	0.0	0	0.00	0	0.0	0.00	0.0	0.000	0.068	34.8	40	19.2	37.3	7.27	 .0694	0.00	234	1	100.0	10
22/07/14	3:30 a	28.1	28.2	28.1	65	20.9	3.1	ESE	1.88	8.9	ESE	28.1	30.1	30.1	29.3	753.6	0.00	0.0	0	0.00	0	0.0	0.00	0.0	0.000	0.068	34.7	40	19.1	37.3	7.27	 .0694	0.00	234	1	100.0	10
22/07/14	3:40 a	28.2	28.2	28.1	65	21.0	2.7	ESE	1.61	6.7	E	28.2	30.2	30.2	29.4	753.7	0.00	0.0	0	0.00	0	0.0	0.00	0.0	0.000	0.068	34.7	40	19.1	37.3	7.27	 .0695	0.00	235	1	100.0	10
22/07/14	3:50 a	28.2	28.2	28.2	64	20.8	2.2	SSE	1.34	6.3	ESE	28.2	30.2	30.2	29.4	753.7	0.00	0.0	0	0.00	0	0.0	0.00	0.0	0.000	0.069	34.7	40	19.1	37.3	7.27	 .0695	0.00	234	1	100.0	10
22/07/14	4:00 a	28.2	28.2	28.2	64	20.8	2.2	E	1.34	6.7	E	28.2	30.2	30.2	29.4	753.8	0.00	0.0	0	0.00	0	0.0	0.00	0.0	0.000	0.069	34.7	40	19.1	37.3	7.27	 .0695	0.08	234	1	100.0	10
22/07/14	4:10 a	28.2	28.2	28.2	64	20.8	2.2	E	1.34	6.3	ESE	28.2	30.2	30.2	29.4	753.7	0.00	0.0	0	0.00	0	0.0	0.00	0.0	0.000	0.069	34.7	40	19.1	37.3	7.27	 .0695	0.00	234	1	100.0	10
22/07/14	4:20 a	28.2	28.2	28.2	63	20.5	3.1	E	1.88	8.5	ESE	28.2	30.1	30.1	29.2	753.7	0.00	0.0	0	0.00	0	0.0	0.00	0.0	0.000	0.069	34.7	40	19.1	37.3	7.27	 .0695	0.00	234	1	100.0	10
22/07/14	4:30 a	28.3	28.3	28.2	63	20.6	3.6	ESE	2.15	8.0	ESE	28.1	30.2	30.0	29.3	753.8	0.00	0.0	0	0.00	0	0.0	0.00	0.0	0.000	0.069	34.7	40	19.1	37.2	7.27	 .0695	0.00	234	1	100.0	10
22/07/14	4:40 a	28.2	28.3	28.2	64	20.8	3.1	ESE	1.88	8.0	E	28.2	30.2	30.2	29.4	753.8	0.00	0.0	0	0.00	0	0.0	0.00	0.0	0.000	0.069	34.7	40	19.1	37.2	7.27	 .0695	0.00	234	1	100.0	10
22/07/14	4:50 a	28.2	28.2	28.2	64	20.8	3.6	ESE	2.15	8.5	ESE	28.1	30.2	30.0	29.3	753.9	0.00	0.0	0	0.00	0	0.0	0.00	0.0	0.000	0.069	34.7	40	19.1	37.2	7.27	 .0695	0.00	235	1	100.0	10
22/07/14	5:00 a	28.2	28.2	28.2	64	20.7	2.7	ESE	1.61	5.8	E	28.2	30.1	30.1	29.3	753.9	0.00	0.0	0	0.00	0	0.0	0.00	0.0	0.000	0.068	34.7	40	19.1	37.2	7.27	 .0695	0.08	234	1	100.0	10
22/07/14	5:10 a	28.1	28.2	28.1	65	20.9	2.2	SSE	1.34	4.5	E	28.1	30.1	30.1	29.3	753.9	0.00	0.0	0	0.00	0	0.0	0.00	0.0	0.000	0.068	34.6	40	19.0	37.1	7.28	 .0695	0.00	234	1	100.0	10
22/07/14	5:20 a	28.0	28.1	28.0	66	21.1	2.7	S	1.61	8.0	E	28.0	30.1	30.1	29.3	753.9	0.00	0.0	0	0.00	0	0.0	0.00	0.0	0.000	0.067	34.6	40	19.0	37.1	7.28	 .0695	0.00	234	1	100.0	10
22/07/14	5:30 a	27.9	28.0	27.9	66	20.9	2.7	E	1.61	6.3	SE	27.9	29.9	29.9	29.1	754.0	0.00	0.0	0	0.00	0	0.0	0.00	0.0	0.000	0.066	34.6	40	19.0	37.1	7.28	 .0695	0.00	234	1	100.0	10
22/07/14	5:40 a	27.9	27.9	27.9	66	21.0	3.1	E	1.88	8.0	NE	27.9	30.0	30.0	29.2	754.0	0.00	0.0	0	0.00	0	0.0	0.00	0.0	0.000	0.067	34.6	40	19.0	37.1	7.28	 .0695	0.00	234	1	100.0	10
22/07/14	5:50 a	27.9	27.9	27.9	66	21.0	4.0	ESE	2.41	8.5	ESE	27.4	30.0	29.5	28.8	754.0	0.00	0.0	0	0.00	0	0.0	0.00	0.0	0.000	0.067	34.6	41	19.4	37.2	7.48	 .0695	0.00	235	1	100.0	10
22/07/14	6:00 a	27.9	27.9	27.9	66	21.0	4.0	E	2.41	8.0	E	27.4	30.0	29.5	28.8	754.2	0.00	0.0	0	0.00	0	0.0	0.00	0.0	0.000	0.067	34.5	41	19.3	37.1	7.49	 .0695	0.08	234	1	100.0	10
22/07/14	6:10 a	27.9	27.9	27.9	66	21.0	4.0	E	2.41	9.4	ENE	27.4	30.0	29.5	28.8	754.2	0.00	0.0	0	0.00	0	0.0	0.00	0.0	0.000	0.067	34.5	41	19.3	37.1	7.49	 .0695	0.00	234	1	100.0	10
22/07/14	6:20 a	28.0	28.0	27.9	66	21.1	4.0	E	2.41	9.8	ESE	27.5	30.1	29.6	28.9	754.3	0.00	0.0	4	0.06	9	0.0	0.00	0.0	0.000	0.067	34.4	41	19.3	37.0	7.49	 .0696	0.00	234	1	100.0	10
22/07/14	6:30 a	28.1	28.1	28.0	65	20.9	4.0	E	2.41	8.9	ESE	27.6	30.1	29.6	29.1	754.4	0.00	0.0	15	0.22	21	0.0	0.00	0.0	0.000	0.068	34.4	41	19.3	37.0	7.49	 .0696	0.00	234	1	100.0	10
22/07/14	6:40 a	28.1	28.1	28.1	65	20.9	2.7	ESE	1.61	7.2	E	28.1	30.1	30.1	29.7	754.4	0.00	0.0	27	0.39	32	0.0	0.00	0.0	0.000	0.068	34.4	41	19.2	36.9	7.49	 .0696	0.00	234	1	100.0	10
22/07/14	6:50 a	28.2	28.2	28.1	65	21.0	2.7	E	1.61	5.4	E	28.2	30.3	30.3	30.1	754.5	0.00	0.0	44	0.63	58	0.0	0.00	0.0	0.000	0.069	34.4	41	19.2	36.9	7.49	 .0696	0.00	234	1	100.0	10
22/07/14	7:00 a	28.3	28.3	28.2	65	21.1	3.6	E	2.15	7.2	E	28.1	30.4	30.2	30.4	754.6	0.00	0.0	69	0.99	79	0.0	0.00	0.0	0.000	0.069	34.4	41	19.2	36.9	7.49	 .0696	0.10	235	1	100.0	10
22/07/14	7:10 a	28.3	28.3	28.3	65	21.1	3.6	E	2.15	8.0	E	28.2	30.5	30.3	31.0	754.6	0.00	0.0	112	1.61	135	0.3	0.02	0.5	0.000	0.069	34.4	41	19.2	36.9	7.49	 .0696	0.00	234	1	100.0	10
22/07/14	7:20 a	28.4	28.4	28.3	64	21.0	3.1	E	1.88	7.2	ESE	28.4	30.6	30.6	31.3	754.7	0.00	0.0	109	1.56	130	0.5	0.04	0.5	0.000	0.070	34.4	41	19.2	36.9	7.49	 .0696	0.00	234	1	100.0	10
22/07/14	7:30 a	28.4	28.5	28.4	65	21.2	3.6	E	2.15	9.4	SE	28.3	30.8	30.6	31.3	754.7	0.00	0.0	112	1.61	125	0.6	0.04	0.6	0.000	0.070	34.4	41	19.2	36.9	7.49	 .0696	0.00	234	1	100.0	10
22/07/14	7:40 a	28.4	28.5	28.4	65	21.2	4.5	E	2.68	8.9	ESE	27.8	30.8	30.1	30.9	754.7	0.00	0.0	125	1.79	165	0.6	0.04	0.7	0.000	0.070	34.4	41	19.2	36.9	7.49	 .0696	0.00	234	1	100.0	10
22/07/14	7:50 a	28.4	28.4	28.4	65	21.2	3.6	ESE	2.15	8.5	ESE	28.2	30.6	30.4	32.1	754.9	0.00	0.0	94	1.35	102	0.6	0.04	0.6	0.000	0.070	34.3	41	19.2	36.8	7.50	 .0697	0.00	234	1	100.0	10
22/07/14	8:00 a	28.3	28.4	28.3	66	21.4	4.0	E	2.41	9.8	ESE	27.9	30.7	30.2	32.1	755.0	0.00	0.0	108	1.55	121	0.7	0.05	0.8	0.000	0.069	34.3	41	19.2	36.8	7.50	 .0697	0.15	235	1	100.0	10
22/07/14	8:10 a	28.4	28.4	28.3	65	21.2	4.9	E	2.95	9.8	E	27.6	30.6	29.8	32.0	755.2	0.00	0.0	136	1.95	155	0.9	0.06	1.0	0.000	0.070	34.3	41	19.2	36.8	7.50	 .0697	0.00	234	1	100.0	10
22/07/14	8:20 a	28.4	28.4	28.4	65	21.2	4.5	E	2.68	8.9	E	27.8	30.8	30.1	32.8	755.2	0.00	0.0	162	2.32	167	1.0	0.07	1.0	0.000	0.070	34.3	41	19.1	36.7	7.50	 .0697	0.00	234	1	100.0	10
22/07/14	8:30 a	28.6	28.6	28.4	65	21.3	4.5	E	2.68	8.9	ENE	27.9	31.0	30.3	32.6	755.2	0.00	0.0	141	2.02	149	0.9	0.06	1.0	0.000	0.071	34.2	41	19.1	36.6	7.51	 .0697	0.00	234	1	100.0	10
22/07/14	8:40 a	28.6	28.7	28.6	65	21.4	3.6	E	2.15	6.7	ESE	28.4	31.2	31.0	33.4	755.3	0.00	0.0	147	2.11	156	1.0	0.07	1.1	0.000	0.071	34.2	41	19.1	36.6	7.51	 .0697	0.00	234	1	100.0	10
22/07/14	8:50 a	28.7	28.7	28.6	65	21.4	3.1	ESE	1.88	7.2	ESE	28.7	31.3	31.3	34.0	755.2	0.00	0.0	167	2.39	183	1.2	0.09	1.3	0.000	0.072	34.2	42	19.5	36.9	7.61	 .0697	0.00	234	1	100.0	10
22/07/14	9:00 a	28.7	28.7	28.6	65	21.5	3.6	E	2.15	9.8	E	28.6	31.4	31.2	34.6	755.2	0.00	0.0	218	3.13	246	1.5	0.11	1.7	0.000	0.072	34.3	42	19.5	37.0	7.60	 .0697	0.20	234	1	100.0	10
22/07/14	9:10 a	28.8	28.8	28.7	65	21.6	4.5	E	2.68	10.3	E	28.2	31.7	31.1	34.4	755.2	0.00	0.0	250	3.58	257	1.8	0.13	1.8	0.000	0.073	34.3	42	19.5	37.0	7.60	 .0697	0.00	235	1	100.0	10
22/07/14	9:20 a	28.9	28.9	28.8	64	21.4	4.5	E	2.68	8.9	E	28.3	31.7	31.1	34.6	755.2	0.00	0.0	263	3.77	297	2.0	0.14	2.3	0.000	0.074	34.3	42	19.5	37.0	7.60	 .0697	0.00	218	1	95.6	10
22/07/14	9:30 a	29.3	29.3	28.9	62	21.3	4.9	E	2.95	10.7	E	28.7	32.1	31.4	35.9	755.0	0.00	0.0	387	5.55	538	2.8	0.20	3.4	0.000	0.076	34.2	42	19.5	36.9	7.61	 .0697	0.00	234	1	100.0	10
22/07/14	9:40 a	29.9	29.9	29.3	59	21.1	4.0	ESE	2.41	9.4	ESE	29.7	32.7	32.4	37.4	755.0	0.00	0.0	417	5.98	471	3.0	0.21	3.1	0.000	0.081	34.3	42	19.5	37.0	7.60	 .0696	0.00	234	1	100.0	10
22/07/14	9:50 a	30.1	30.1	30.0	57	20.7	4.9	E	2.95	10.7	E	29.6	32.7	32.1	35.9	755.0	0.00	0.0	346	4.96	355	2.7	0.19	2.7	0.000	0.082	34.3	42	19.5	37.0	7.60	 .0696	0.00	234	1	100.0	10
22/07/14	10:00 a	30.4	30.4	30.2	56	20.7	4.9	E	2.95	10.7	E	30.0	33.2	32.7	36.4	754.9	0.00	0.0	345	4.95	362	2.7	0.19	2.9	0.000	0.084	34.3	42	19.5	37.0	7.60	 .0696	0.33	235	1	100.0	10
22/07/14	10:10 a	30.6	30.6	30.4	56	20.8	4.9	E	2.95	11.2	ESE	30.2	33.5	33.1	37.0	754.9	0.00	0.0	387	5.55	408	3.1	0.22	3.2	0.000	0.085	34.3	42	19.5	37.0	7.60	 .0696	0.00	234	1	100.0	10
22/07/14	10:20 a	30.6	30.7	30.6	55	20.5	5.4	E	3.22	11.6	ENE	30.1	33.3	32.7	36.6	754.9	0.00	0.0	398	5.71	431	3.2	0.23	3.3	0.000	0.085	34.3	41	19.2	36.8	7.50	 .0696	0.00	234	1	100.0	10
22/07/14	10:30 a	30.7	30.7	30.6	55	20.6	6.3	E	3.76	11.6	E	29.9	33.4	32.7	36.7	754.7	0.00	0.0	461	6.61	508	3.8	0.27	4.1	0.000	0.086	34.3	41	19.1	36.7	7.50	 .0697	0.00	234	1	100.0	10
22/07/14	10:40 a	30.6	30.7	30.5	55	20.5	7.6	E	4.56	13.0	ESE	29.6	33.3	32.3	35.7	754.7	0.00	0.0	435	6.24	497	3.6	0.26	4.0	0.000	0.085	34.2	41	19.1	36.6	7.51	 .0697	0.00	234	1	100.0	10
22/07/14	10:50 a	30.4	30.7	30.4	55	20.3	7.2	E	4.29	12.5	E	29.4	32.9	31.9	35.1	754.6	0.00	0.0	399	5.72	417	3.4	0.24	3.4	0.000	0.084	34.2	41	19.0	36.5	7.51	 .0697	0.00	234	1	100.0	10
22/07/14	11:00 a	30.8	30.8	30.4	53	20.1	6.3	E	3.76	12.1	E	30.2	33.2	32.6	36.0	754.5	0.00	0.0	403	5.78	424	3.6	0.26	3.8	0.000	0.087	34.1	41	19.0	36.4	7.51	 .0697	0.46	234	1	100.0	10
22/07/14	11:10 a	31.1	31.1	30.8	53	20.4	5.8	E	3.49	12.1	ENE	30.6	33.6	33.1	36.2	754.5	0.00	0.0	359	5.15	373	3.3	0.24	3.4	0.000	0.089	34.1	41	19.0	36.4	7.51	 .0697	0.00	234	1	100.0	10
22/07/14	11:20 a	31.4	31.4	31.1	52	20.4	6.3	E	3.76	12.5	ENE	30.9	34.2	33.7	36.7	754.4	0.00	0.0	360	5.16	366	3.4	0.24	3.5	0.000	0.091	34.1	41	18.9	36.3	7.52	 .0697	0.00	235	1	100.0	10
22/07/14	11:30 a	31.6	31.7	31.4	51	20.2	6.7	E	4.02	12.1	ESE	31.1	34.3	33.8	36.9	754.2	0.00	0.0	390	5.59	461	3.9	0.28	4.2	0.000	0.092	34.1	41	19.0	36.4	7.51	 .0697	0.00	234	1	100.0	10
22/07/14	11:40 a	32.6	32.6	31.6	49	20.5	6.3	E	3.76	12.1	E	32.3	35.5	35.3	40.2	754.0	0.00	0.0	862	12.36	988	7.1	0.51	7.7	0.000	0.099	34.1	41	19.0	36.4	7.51	 .0696	0.00	234	1	100.0	10
22/07/14	11:50 a	32.7	32.8	32.6	48	20.3	7.2	E	4.29	13.4	ENE	32.4	35.6	35.3	39.5	754.0	0.00	0.0	928	13.30	951	7.5	0.54	7.7	0.000	0.100	34.2	41	19.1	36.6	7.51	 .0696	0.00	234	1	100.0	10
22/07/14	12:00 p	33.2	33.2	32.8	46	20.0	6.3	E	3.76	12.1	ENE	33.2	36.1	36.1	40.4	753.8	0.00	0.0	934	13.39	946	7.8	0.56	7.9	0.000	0.103	34.3	41	19.1	36.7	7.50	 .0696	0.63	234	1	100.0	10
22/07/14	12:10 p	33.7	33.7	33.3	44	19.7	7.2	E	4.29	12.5	ENE	33.6	36.4	36.3	40.6	753.7	0.00	0.0	1008	14.45	1051	8.2	0.59	8.5	0.000	0.106	34.3	41	19.2	36.8	7.50	 .0695	0.00	234	1	100.0	10
22/07/14	12:20 p	33.7	33.9	33.7	43	19.4	7.6	E	4.56	13.9	E	33.7	36.2	36.2	40.1	753.5	0.00	0.0	983	14.09	1055	7.8	0.56	8.5	0.000	0.107	34.4	41	19.2	36.9	7.49	 .0695	0.00	235	1	100.0	10
22/07/14	12:30 p	33.7	33.9	33.7	43	19.4	5.8	E	3.49	12.1	E	33.7	36.2	36.2	40.4	753.2	0.00	0.0	507	7.27	1111	5.6	0.40	8.4	0.000	0.107	34.4	40	18.9	36.7	7.29	 .0695	0.00	234	1	100.0	10
22/07/14	12:40 p	33.7	33.7	33.6	43	19.4	5.8	E	3.49	11.6	ENE	33.7	36.2	36.2	40.2	753.1	0.00	0.0	483	6.92	577	4.7	0.34	5.7	0.000	0.106	34.5	40	18.9	36.8	7.29	 .0695	0.00	234	1	100.0	10
22/07/14	12:50 p	33.8	33.8	33.7	43	19.5	4.9	E	2.95	11.2	E	33.8	36.3	36.3	40.2	752.9	0.00	0.0	418	5.99	506	4.1	0.29	4.9	0.000	0.107	34.6	40	19.0	37.1	7.28	 .0694	0.00	234	1	100.0	10
22/07/14	1:00 p	34.1	34.1	33.8	41	19.0	6.3	E	3.76	13.4	ESE	34.1	36.4	36.4	40.2	752.8	0.00	0.0	457	6.55	480	4.6	0.33	4.9	0.000	0.110	34.6	40	19.0	37.1	7.28	 .0694	0.69	234	1	100.0	10
22/07/14	1:10 p	34.5	34.5	34.1	41	19.3	7.2	E	4.29	12.5	E	34.5	37.1	37.1	41.9	752.7	0.00	0.0	901	12.92	1009	7.1	0.51	8.5	0.000	0.112	34.7	40	19.1	37.2	7.27	 .0694	0.00	234	1	100.0	10
22/07/14	1:20 p	35.1	35.1	34.6	39	19.1	6.3	E	3.76	12.5	E	35.1	37.7	37.7	42.8	752.6	0.00	0.0	724	10.38	960	6.7	0.48	8.1	0.000	0.117	34.7	40	19.1	37.3	7.27	 .0693	0.00	234	1	100.0	10
22/07/14	1:30 p	35.5	35.5	35.1	38	19.0	5.8	E	3.49	13.4	E	35.5	38.1	38.1	43.2	752.6	0.00	0.0	932	13.36	946	6.9	0.49	7.9	0.000	0.119	34.8	40	19.2	37.3	7.27	 .0693	0.00	235	1	100.0	10
22/07/14	1:40 p	35.3	35.5	35.3	39	19.2	4.5	S	2.68	9.4	ENE	35.3	38.0	38.0	42.1	752.3	0.00	0.0	435	6.24	601	5.1	0.36	7.5	0.000	0.118	34.8	40	19.2	37.4	7.26	 .0693	0.00	234	1	100.0	10
22/07/14	1:50 p	34.9	35.3	34.9	39	18.9	5.8	E	3.49	11.6	ESE	34.9	37.3	37.3	40.3	752.3	0.00	0.0	344	4.93	360	3.4	0.24	3.7	0.000	0.115	34.9	40	19.3	37.6	7.26	 .0693	0.00	234	1	100.0	10
22/07/14	2:00 p	34.6	34.9	34.6	40	19.0	6.3	E	3.76	12.1	E	34.6	36.9	36.9	39.6	752.3	0.00	0.0	310	4.44	338	2.9	0.21	3.1	0.000	0.113	34.9	39	18.9	37.2	7.15	 .0693	0.63	234	1	100.0	10
22/07/14	2:10 p	34.5	34.6	34.4	40	18.9	6.3	E	3.76	12.5	ENE	34.5	36.8	36.8	39.7	752.2	0.00	0.0	350	5.02	364	3.2	0.23	3.3	0.000	0.112	34.9	39	18.9	37.3	7.15	 .0693	0.00	234	1	100.0	10
22/07/14	2:20 p	34.4	34.5	34.4	40	18.9	4.9	E	2.95	11.2	ESE	34.4	36.7	36.7	39.4	752.0	0.00	0.0	292	4.19	313	2.6	0.19	2.8	0.000	0.112	35.0	39	19.0	37.4	7.15	 .0693	0.00	234	1	100.0	10
22/07/14	2:30 p	34.2	34.4	34.2	41	19.1	6.7	E	4.02	12.5	E	34.2	36.6	36.6	38.8	751.9	0.00	0.0	278	3.99	288	2.5	0.18	2.6	0.000	0.110	35.0	39	19.0	37.4	7.15	 .0692	0.00	234	1	100.0	10
22/07/14	2:40 p	34.6	34.6	34.2	39	18.6	4.9	E	2.95	13.9	E	34.6	36.6	36.6	39.3	752.0	0.00	0.0	302	4.33	327	2.7	0.19	2.8	0.000	0.113	35.0	39	19.0	37.4	7.15	 .0692	0.00	235	1	100.0	10
22/07/14	2:50 p	34.6	34.6	34.5	39	18.6	5.4	E	3.22	12.1	ESE	34.6	36.6	36.6	38.6	751.9	0.00	0.0	234	3.35	281	2.0	0.14	2.4	0.000	0.113	35.1	39	19.0	37.6	7.15	 .0692	0.00	234	1	100.0	10
22/07/14	3:00 p	34.6	34.6	34.5	39	18.6	5.8	E	3.49	11.2	ESE	34.6	36.6	36.6	38.0	751.8	0.00	0.0	178	2.55	185	1.5	0.11	1.6	0.000	0.113	35.0	39	19.0	37.4	7.15	 .0692	0.43	234	1	100.0	10
22/07/14	3:10 p	34.5	34.6	34.5	38	18.1	5.8	E	3.49	13.0	ESE	34.5	36.2	36.2	37.8	751.9	0.00	0.0	194	2.78	209	1.7	0.12	1.8	0.000	0.112	35.1	39	19.0	37.6	7.15	 .0692	0.00	234	1	100.0	10
22/07/14	3:20 p	34.5	34.5	34.4	38	18.1	6.7	E	4.02	14.3	ESE	34.5	36.2	36.2	37.9	751.7	0.00	0.0	216	3.10	234	1.8	0.13	1.9	0.000	0.112	35.1	39	19.0	37.6	7.15	 .0692	0.00	234	1	100.0	10
22/07/14	3:30 p	34.3	34.5	34.3	39	18.4	5.8	E	3.49	14.3	ESE	34.3	36.2	36.2	38.4	751.7	0.00	0.0	252	3.61	258	2.1	0.15	2.1	0.000	0.111	35.1	38	18.6	37.2	7.05	 .0692	0.00	234	1	100.0	10
22/07/14	3:40 p	34.1	34.3	34.1	40	18.5	6.7	E	4.02	13.4	E	34.1	36.0	36.0	37.9	751.8	0.00	0.0	233	3.34	251	1.9	0.14	2.0	0.000	0.109	35.1	38	18.6	37.2	7.05	 .0693	0.00	235	1	100.0	10
22/07/14	3:50 p	33.9	34.1	33.9	41	18.8	6.3	E	3.76	12.5	ENE	33.9	36.1	36.1	37.8	751.6	0.00	0.0	204	2.92	209	1.6	0.11	1.6	0.000	0.108	35.1	38	18.6	37.2	7.05	 .0692	0.00	234	1	100.0	10
22/07/14	4:00 p	33.8	33.9	33.8	41	18.7	5.8	E	3.49	11.6	E	33.8	35.9	35.9	37.6	751.6	0.00	0.0	194	2.78	211	1.5	0.11	1.6	0.000	0.108	35.1	38	18.6	37.2	7.05	 .0692	0.41	234	1	100.0	10
22/07/14	4:10 p	33.9	33.9	33.8	41	18.8	4.5	ESE	2.68	10.3	E	33.9	36.0	36.0	37.6	751.6	0.00	0.0	166	2.38	171	1.2	0.09	1.3	0.000	0.108	35.1	38	18.7	37.3	7.05	 .0692	0.00	234	1	100.0	10
22/07/14	4:20 p	33.8	33.9	33.8	42	19.1	4.9	E	2.95	10.7	E	33.8	36.2	36.2	37.6	751.7	0.00	0.0	154	2.21	163	1.1	0.08	1.2	0.000	0.108	35.1	38	18.7	37.3	7.05	 .0692	0.00	234	1	100.0	10
22/07/14	4:30 p	33.8	33.8	33.8	43	19.5	4.5	E	2.68	13.4	E	33.8	36.4	36.4	38.0	751.6	0.00	0.0	154	2.21	155	1.0	0.07	1.1	0.000	0.108	35.1	39	19.1	37.7	7.15	 .0692	0.00	234	1	100.0	10
22/07/14	4:40 p	33.7	33.8	33.7	44	19.7	4.0	E	2.41	12.1	E	33.7	36.4	36.4	38.1	751.5	0.00	0.0	152	2.18	158	1.0	0.07	1.1	0.000	0.106	35.1	39	19.1	37.7	7.15	 .0692	0.00	234	1	100.0	10
22/07/14	4:50 p	33.6	33.7	33.6	44	19.6	3.6	E	2.15	9.4	ESE	33.6	36.2	36.2	38.0	751.8	0.00	0.0	150	2.15	155	1.0	0.07	1.0	0.000	0.106	35.2	39	19.1	37.8	7.14	 .0692	0.00	235	1	100.0	10
22/07/14	5:00 p	33.4	33.6	33.4	43	19.1	4.5	E	2.68	9.4	E	33.4	35.6	35.6	36.9	751.8	0.00	0.0	124	1.78	139	0.8	0.06	0.9	0.000	0.105	35.2	39	19.1	37.8	7.14	 .0692	0.28	234	1	100.0	10
22/07/14	5:10 p	33.5	33.5	33.3	42	18.8	3.6	E	2.15	8.0	ESE	33.5	35.6	35.6	37.1	751.9	0.00	0.0	122	1.75	125	0.7	0.05	0.7	0.000	0.105	35.2	39	19.2	37.9	7.14	 .0692	0.00	234	1	100.0	10
22/07/14	5:20 p	33.6	33.6	33.5	41	18.5	4.9	E	2.95	13.4	ESE	33.6	35.4	35.4	36.7	752.0	0.00	0.0	116	1.66	125	0.7	0.05	0.7	0.000	0.106	35.3	39	19.2	38.0	7.14	 .0692	0.00	234	1	100.0	10
22/07/14	5:30 p	33.5	33.6	33.5	41	18.4	5.4	E	3.22	11.2	E	33.5	35.3	35.3	36.3	752.0	0.00	0.0	98	1.40	100	0.6	0.04	0.6	0.000	0.105	35.3	38	18.8	37.6	7.04	 .0692	0.00	234	1	100.0	10
22/07/14	5:40 p	33.5	33.5	33.4	41	18.4	5.4	E	3.22	11.6	ESE	33.5	35.3	35.3	36.4	752.2	0.00	0.0	95	1.36	100	0.4	0.03	0.5	0.000	0.105	35.3	38	18.8	37.6	7.04	 .0692	0.00	234	1	100.0	10
22/07/14	5:50 p	33.5	33.6	33.5	42	18.8	5.8	E	3.49	11.2	E	33.5	35.6	35.6	36.6	752.2	0.00	0.0	92	1.32	102	0.0	0.00	0.5	0.000	0.105	35.3	38	18.8	37.6	7.04	 .0692	0.00	235	1	100.0	10
22/07/14	6:00 p	33.4	33.5	33.4	42	18.8	4.5	E	2.68	8.9	ENE	33.4	35.4	35.4	36.4	752.4	0.00	0.0	77	1.10	88	0.0	0.00	0.0	0.000	0.105	35.3	38	18.8	37.6	7.04	 .0692	0.25	234	1	100.0	10
22/07/14	6:10 p	33.3	33.4	33.3	43	19.0	4.5	E	2.68	9.8	ESE	33.3	35.4	35.4	36.1	752.5	0.00	0.0	54	0.77	63	0.0	0.00	0.0	0.000	0.104	35.3	38	18.8	37.6	7.04	 .0693	0.00	234	1	100.0	10
22/07/14	6:20 p	33.3	33.3	33.3	43	19.0	4.5	E	2.68	9.8	ENE	33.3	35.4	35.4	35.7	752.8	0.00	0.0	35	0.50	44	0.0	0.00	0.0	0.000	0.104	35.3	38	18.9	37.7	7.04	 .0693	0.00	234	1	100.0	10
22/07/14	6:30 p	33.1	33.3	33.1	44	19.2	5.4	E	3.22	11.6	ENE	33.1	35.3	35.3	35.2	752.9	0.00	0.0	20	0.29	26	0.0	0.00	0.0	0.000	0.102	35.3	38	18.9	37.7	7.04	 .0693	0.00	234	1	100.0	10
22/07/14	6:40 p	32.7	33.1	32.7	44	18.9	4.9	E	2.95	11.2	E	32.7	34.7	34.7	34.3	753.2	0.00	0.0	8	0.11	12	0.0	0.00	0.0	0.000	0.100	35.3	38	18.9	37.7	7.04	 .0693	0.00	234	1	100.0	10
22/07/14	6:50 p	32.4	32.7	32.4	46	19.3	5.8	E	3.49	12.5	ESE	32.2	34.6	34.4	33.7	753.3	0.00	0.0	0	0.00	0	0.0	0.00	0.0	0.000	0.098	35.3	38	18.9	37.7	7.04	 .0693	0.00	234	1	100.0	10
22/07/14	7:00 p	32.2	32.3	32.2	46	19.1	4.5	E	2.68	8.9	ENE	32.2	34.3	34.3	33.5	753.5	0.00	0.0	0	0.00	0	0.0	0.00	0.0	0.000	0.096	35.3	38	18.9	37.7	7.04	 .0693	0.20	235	1	100.0	10
22/07/14	7:10 p	32.2	32.2	32.1	46	19.1	5.4	E	3.22	11.6	ENE	32.0	34.2	34.0	33.3	753.4	0.00	0.0	0	0.00	0	0.0	0.00	0.0	0.000	0.096	35.3	38	18.9	37.7	7.04	 .0693	0.00	234	1	100.0	10
22/07/14	7:20 p	31.9	32.2	31.9	46	18.9	5.8	E	3.49	12.1	E	31.6	33.9	33.6	32.8	753.6	0.00	0.0	0	0.00	0	0.0	0.00	0.0	0.000	0.095	35.3	38	18.8	37.6	7.04	 .0694	0.00	234	1	100.0	10
22/07/14	7:30 p	31.5	31.9	31.5	47	18.8	5.4	E	3.22	12.1	ENE	31.2	33.3	32.9	32.2	753.7	0.00	0.0	0	0.00	0	0.0	0.00	0.0	0.000	0.091	35.3	38	18.8	37.6	7.04	 .0694	0.00	234	1	100.0	10
22/07/14	7:40 p	31.3	31.5	31.2	49	19.3	4.9	E	2.95	10.7	SE	31.0	33.2	32.9	32.1	753.8	0.00	0.0	0	0.00	0	0.0	0.00	0.0	0.000	0.090	35.3	38	18.8	37.6	7.04	 .0694	0.00	234	1	100.0	10
22/07/14	7:50 p	31.1	31.2	31.1	50	19.4	4.9	E	2.95	11.2	E	30.7	32.9	32.6	31.8	753.9	0.00	0.0	0	0.00	0	0.0	0.00	0.0	0.000	0.088	35.2	38	18.8	37.5	7.04	 .0694	0.00	234	1	100.0	10
22/07/14	8:00 p	31.0	31.1	31.0	50	19.4	4.9	E	2.95	10.3	ESE	30.7	32.8	32.5	31.7	754.0	0.00	0.0	0	0.00	0	0.0	0.00	0.0	0.000	0.088	35.2	38	18.8	37.5	7.04	 .0694	0.18	234	1	100.0	10
22/07/14	8:10 p	30.9	31.0	30.9	49	19.0	5.8	E	3.49	10.7	E	30.4	32.6	32.1	31.3	754.2	0.00	0.0	0	0.00	0	0.0	0.00	0.0	0.000	0.088	35.2	38	18.8	37.5	7.04	 .0694	0.00	235	1	100.0	10
22/07/14	8:20 p	30.9	30.9	30.8	49	18.9	4.0	E	2.41	8.9	ESE	30.7	32.6	32.4	31.6	754.3	0.00	0.0	0	0.00	0	0.0	0.00	0.0	0.000	0.087	35.2	38	18.7	37.4	7.04	 .0695	0.00	234	1	100.0	10
22/07/14	8:30 p	30.8	30.9	30.8	50	19.2	3.6	ESE	2.15	8.5	ESE	30.7	32.6	32.5	31.7	754.5	0.00	0.0	0	0.00	0	0.0	0.00	0.0	0.000	0.086	35.2	38	18.7	37.4	7.04	 .0695	0.00	234	1	100.0	10
22/07/14	8:40 p	30.6	30.8	30.6	50	19.0	4.0	E	2.41	9.8	ESE	30.4	32.3	32.1	31.3	754.6	0.00	0.0	0	0.00	0	0.0	0.00	0.0	0.000	0.085	35.2	38	18.8	37.5	7.04	 .0695	0.00	234	1	100.0	10
22/07/14	8:50 p	30.4	30.6	30.4	49	18.5	4.9	E	2.95	11.6	E	30.0	31.9	31.4	30.7	754.5	0.00	0.0	0	0.00	0	0.0	0.00	0.0	0.000	0.084	35.2	38	18.7	37.4	7.04	 .0695	0.00	234	1	100.0	10
22/07/14	9:00 p	30.3	30.4	30.3	49	18.4	4.9	E	2.95	10.7	ESE	29.8	31.7	31.2	30.4	754.7	0.00	0.0	0	0.00	0	0.0	0.00	0.0	0.000	0.083	35.2	38	18.7	37.4	7.04	 .0695	0.15	234	1	100.0	10
22/07/14	9:10 p	30.1	30.3	30.1	50	18.5	5.8	E	3.49	10.7	E	29.3	31.4	30.7	29.9	754.8	0.00	0.0	0	0.00	0	0.0	0.00	0.0	0.000	0.082	35.1	38	18.7	37.3	7.05	 .0695	0.00	235	1	100.0	10
22/07/14	9:20 p	30.0	30.2	30.0	52	19.1	4.5	E	2.68	9.4	E	29.6	31.6	31.1	30.3	754.9	0.00	0.0	0	0.00	0	0.0	0.00	0.0	0.000	0.081	35.1	38	18.7	37.3	7.05	 .0695	0.00	234	1	100.0	10
22/07/14	9:30 p	29.8	30.0	29.8	53	19.2	5.8	E	3.49	12.1	ENE	28.9	31.3	30.5	29.8	754.8	0.00	0.0	0	0.00	0	0.0	0.00	0.0	0.000	0.079	35.1	38	18.6	37.2	7.05	 .0695	0.00	234	1	100.0	10
22/07/14	9:40 p	29.6	29.8	29.6	54	19.3	6.7	E	4.02	11.6	ESE	28.6	31.2	30.2	29.5	754.8	0.00	0.0	0	0.00	0	0.0	0.00	0.0	0.000	0.078	35.0	38	18.6	37.1	7.05	 .0696	0.00	234	1	100.0	10
22/07/14	9:50 p	29.6	29.6	29.6	55	19.6	5.8	E	3.49	11.6	ENE	28.7	31.3	30.4	29.7	754.8	0.00	0.0	0	0.00	0	0.0	0.00	0.0	0.000	0.078	34.9	38	18.5	37.0	7.05	 .0696	0.00	234	1	100.0	10
22/07/14	10:00 p	29.4	29.6	29.4	55	19.5	5.4	E	3.22	10.7	E	28.7	31.1	30.3	29.6	754.7	0.00	0.0	0	0.00	0	0.0	0.00	0.0	0.000	0.077	34.9	38	18.5	36.9	7.05	 .0696	0.18	234	1	100.0	10
22/07/14	10:10 p	29.4	29.4	29.4	55	19.4	5.4	E	3.22	10.3	ESE	28.6	31.0	30.2	29.5	754.7	0.00	0.0	0	0.00	0	0.0	0.00	0.0	0.000	0.077	34.9	38	18.5	36.9	7.05	 .0696	0.00	234	1	100.0	10
22/07/14	10:20 p	29.4	29.4	29.4	55	19.4	4.9	E	2.95	10.3	E	28.7	31.0	30.3	29.6	754.7	0.00	0.0	0	0.00	0	0.0	0.00	0.0	0.000	0.077	34.9	38	18.5	36.9	7.05	 .0696	0.00	235	1	100.0	10
22/07/14	10:30 p	29.4	29.4	29.4	55	19.5	4.5	E	2.68	9.4	E	28.9	31.1	30.6	29.8	754.8	0.00	0.0	0	0.00	0	0.0	0.00	0.0	0.000	0.077	34.8	39	18.8	37.1	7.16	 .0696	0.00	234	1	100.0	10
22/07/14	10:40 p	29.4	29.4	29.4	56	19.7	4.9	E	2.95	9.8	ESE	28.7	31.2	30.5	29.8	754.9	0.00	0.0	0	0.00	0	0.0	0.00	0.0	0.000	0.077	34.8	39	18.8	37.1	7.16	 .0696	0.00	234	1	100.0	10
22/07/14	10:50 p	29.3	29.4	29.3	56	19.6	4.9	E	2.95	10.3	ESE	28.7	31.1	30.4	29.7	755.0	0.00	0.0	0	0.00	0	0.0	0.00	0.0	0.000	0.076	34.8	39	18.8	37.1	7.16	 .0696	0.00	234	1	100.0	10
22/07/14	11:00 p	29.3	29.3	29.3	56	19.6	5.4	E	3.22	11.2	E	28.4	31.0	30.2	29.5	755.0	0.00	0.0	0	0.00	0	0.0	0.00	0.0	0.000	0.076	34.8	39	18.8	37.1	7.16	 .0696	0.15	234	1	100.0	10
22/07/14	11:10 p	29.2	29.3	29.2	57	19.8	4.9	E	2.95	10.3	ESE	28.6	31.1	30.4	29.7	755.0	0.00	0.0	0	0.00	0	0.0	0.00	0.0	0.000	0.076	34.8	39	18.8	37.1	7.16	 .0696	0.00	234	1	100.0	10
22/07/14	11:20 p	29.2	29.2	29.2	58	20.1	4.5	ESE	2.68	10.7	ESE	28.6	31.1	30.6	29.8	755.0	0.00	0.0	0	0.00	0	0.0	0.00	0.0	0.000	0.075	34.8	39	18.8	37.1	7.16	 .0696	0.00	235	1	100.0	10
22/07/14	11:30 p	29.2	29.2	29.2	58	20.1	4.0	E	2.41	12.1	E	28.8	31.1	30.8	30.0	754.9	0.00	0.0	0	0.00	0	0.0	0.00	0.0	0.000	0.075	34.8	39	18.8	37.1	7.16	 .0696	0.00	234	1	100.0	10
22/07/14	11:40 p	29.1	29.2	29.1	59	20.2	4.9	E	2.95	9.8	SSE	28.3	31.1	30.4	29.7	754.8	0.00	0.0	0	0.00	0	0.0	0.00	0.0	0.000	0.074	34.8	39	18.8	37.1	7.16	 .0696	0.00	234	1	100.0	10
22/07/14	11:50 p	28.9	29.1	28.9	59	20.1	3.6	E	2.15	8.0	SE	28.8	30.9	30.7	29.9	754.7	0.00	0.0	0	0.00	0	0.0	0.00	0.0	0.000	0.074	34.8	39	18.8	37.1	7.16	 .0696	0.00	234	1	100.0	10
23/07/14	12:00 a	28.9	28.9	28.9	60	20.4	4.0	E	2.41	9.4	ESE	28.6	31.1	30.7	29.9	754.6	0.00	0.0	0	0.00	0	0.0	0.00	0.0	0.000	0.074	34.8	39	18.8	37.1	7.16	 .0696	0.13	234	1	100.0	10
