		Temp	Hi	Low	Out	Dew	Wind	Wind	Wind	Hi	Hi	Wind	Heat	THW	THSW			Rain	Solar	Solar	Hi Solar	UV 	UV 	Hi 	Heat	Cool	In 	In	In 	In 	In 	In Air		Wind	Wind	ISS 	Arc.
Date	Time	Out	Temp	Temp	Hum	Pt.	Speed	Dir	Run	Speed	Dir	Chill	Index	Index	Index	Bar  	Rain	Rate	Rad.	Energy	Rad. 	Index	Dose	UV 	D-D 	D-D 	Temp	Hum	Dew	Heat	EMC	Density	ET 	Samp	Tx 	Recept	Int.
04/08/15	2:43 p	35.2	35.2	35.2	45	21.5	1.3	S	0.08	2.7	ESE	35.2	39.9	39.9	46.6	753.5	0.00	0.0	745	1.07	745	6.4	0.05	6.4	0.000	0.012	35.8	41	20.5	39.7	7.45	 .0691	0.00	24	1	100.0	1
04/08/15	2:44 p	35.3	35.3	35.2	45	21.6	2.2	SSE	0.13	4.0	SSE	35.3	40.1	40.1	46.9	753.4	0.00	0.0	751	1.08	751	6.4	0.05	6.4	0.000	0.012	35.8	41	20.5	39.7	7.45	 .0691	0.00	23	1	100.0	1
04/08/15	2:45 p	35.4	35.4	35.3	44	21.3	2.2	ESE	0.13	4.9	ENE	35.4	40.0	40.0	46.7	753.4	0.00	0.0	738	1.06	738	6.3	0.05	6.3	0.000	0.012	35.8	41	20.5	39.7	7.45	 .0691	0.00	23	1	100.0	1
04/08/15	2:46 p	35.4	35.4	35.4	44	21.3	3.1	SSE	0.19	6.7	ESE	35.4	40.0	40.0	46.5	753.4	0.00	0.0	726	1.04	726	6.2	0.04	6.2	0.000	0.012	35.7	41	20.4	39.6	7.45	 .0691	0.00	24	1	100.0	1
04/08/15	2:47 p	35.5	35.5	35.5	44	21.4	2.7	ESE	0.16	4.5	ESE	35.5	40.2	40.2	46.8	753.4	0.00	0.0	719	1.03	721	6.2	0.04	6.2	0.000	0.012	35.7	41	20.4	39.6	7.45	 .0691	0.00	23	1	100.0	1
04/08/15	2:48 p	35.6	35.6	35.5	44	21.4	4.5	ESE	0.27	8.9	ESE	35.6	40.3	40.3	46.1	753.4	0.00	0.0	717	1.03	717	6.1	0.04	6.1	0.000	0.012	35.7	41	20.4	39.4	7.45	 .0691	0.00	24	1	100.0	1
04/08/15	2:49 p	35.5	35.6	35.5	44	21.4	3.1	E	0.19	5.8	E	35.5	40.2	40.2	46.6	753.4	0.00	0.0	714	1.02	714	6.0	0.04	6.0	0.000	0.012	35.7	41	20.4	39.4	7.45	 .0691	0.00	23	1	100.0	1
04/08/15	2:50 p	35.5	35.5	35.5	44	21.4	3.6	SE	0.21	7.2	E	35.5	40.2	40.2	46.4	753.4	0.00	0.0	707	1.01	707	5.9	0.04	5.9	0.000	0.012	35.7	41	20.4	39.4	7.45	 .0691	0.00	23	1	100.0	1
04/08/15	2:51 p	35.4	35.5	35.4	43	21.0	4.9	E	0.30	9.4	E	35.4	39.7	39.7	45.2	753.5	0.00	0.0	687	0.98	687	5.8	0.04	5.8	0.000	0.012	35.7	41	20.4	39.4	7.45	 .0691	0.00	24	1	100.0	1
04/08/15	2:52 p	35.4	35.4	35.4	43	20.9	3.6	SSE	0.21	6.3	NE	35.4	39.6	39.6	45.7	753.4	0.00	0.0	686	0.98	686	5.7	0.04	5.7	0.000	0.012	35.7	41	20.4	39.4	7.45	 .0691	0.00	23	1	100.0	1
04/08/15	2:53 p	35.3	35.4	35.3	43	20.9	4.5	E	0.27	7.2	ESE	35.3	39.4	39.4	41.4	753.4	0.00	0.0	213	0.31	213	3.9	0.03	3.9	0.000	0.012	35.7	41	20.4	39.4	7.45	 .0691	0.00	24	1	100.0	1
04/08/15	2:54 p	35.2	35.3	35.2	44	21.1	4.5	E	0.27	7.2	ESE	35.2	39.6	39.6	41.6	753.4	0.00	0.0	213	0.31	213	4.8	0.03	5.7	0.000	0.012	35.6	41	20.3	39.3	7.45	 .0691	0.00	23	1	100.0	1
04/08/15	2:55 p	35.2	35.2	35.2	44	21.1	5.4	E	0.32	8.0	E	35.2	39.4	39.4	41.3	753.4	0.00	0.0	213	0.31	213	4.2	0.03	4.2	0.000	0.012	35.6	41	20.3	39.3	7.45	 .0691	0.00	23	1	100.0	1
04/08/15	2:56 p	35.1	35.1	35.1	44	21.0	3.6	ESE	0.21	4.9	ENE	35.1	39.2	39.2	41.3	753.4	0.00	0.0	213	0.31	213	5.6	0.04	5.6	0.000	0.012	35.6	42	20.7	39.7	7.55	 .0691	0.00	24	1	100.0	1
04/08/15	2:57 p	35.1	35.1	35.1	45	21.3	2.2	S	0.13	3.6	E	35.1	39.5	39.5	46.3	753.4	0.00	0.0	777	1.11	777	6.0	0.04	6.0	0.000	0.012	35.6	41	20.3	39.3	7.45	 .0691	0.00	23	1	100.0	1
04/08/15	2:58 p	35.1	35.1	35.1	44	21.0	4.0	ESE	0.24	6.7	ESE	35.1	39.3	39.3	45.4	753.3	0.00	0.0	777	1.11	777	4.6	0.03	4.6	0.000	0.012	35.6	41	20.3	39.3	7.45	 .0691	0.00	24	1	100.0	1
04/08/15	2:59 p	35.1	35.1	35.1	44	21.0	4.0	E	0.24	5.4	E	35.1	39.3	39.3	45.4	753.3	0.00	0.0	779	1.12	779	6.0	0.04	6.0	0.000	0.012	35.6	41	20.3	39.2	7.45	 .0691	0.00	23	1	100.0	1
04/08/15	3:00 p	35.2	35.2	35.1	44	21.1	4.9	E	0.30	7.2	E	35.2	39.4	39.4	45.1	753.3	0.00	0.0	780	1.12	780	6.1	0.04	6.1	0.000	0.012	35.6	41	20.3	39.2	7.45	 .0691	0.69	24	1	100.0	1
04/08/15	3:01 p	35.2	35.2	35.2	43	20.7	4.5	E	0.27	6.3	ESE	35.2	39.1	39.1	45.0	753.3	0.00	0.0	780	1.12	780	3.9	0.03	3.9	0.000	0.012	35.6	41	20.3	39.2	7.45	 .0691	0.00	23	1	100.0	1
04/08/15	3:02 p	35.2	35.2	35.2	43	20.7	5.4	E	0.32	8.9	ENE	35.2	39.1	39.1	41.3	753.3	0.00	0.0	244	0.35	244	3.8	0.03	3.8	0.000	0.012	35.6	41	20.3	39.2	7.45	 .0691	0.00	23	1	100.0	1
04/08/15	3:03 p	35.1	35.2	35.1	43	20.7	4.9	E	0.30	7.2	ENE	35.1	39.0	39.0	41.3	753.3	0.00	0.0	244	0.35	244	5.7	0.04	5.7	0.000	0.012	35.6	41	20.3	39.2	7.45	 .0691	0.00	24	1	100.0	1
04/08/15	3:04 p	35.1	35.1	35.1	43	20.7	5.8	E	0.35	8.5	ENE	35.1	39.0	39.0	44.3	753.3	0.00	0.0	796	1.14	796	5.9	0.04	5.9	0.000	0.012	35.6	41	20.3	39.2	7.45	 .0691	0.00	23	1	100.0	1
04/08/15	3:05 p	35.1	35.1	35.1	43	20.6	3.6	E	0.21	5.4	ENE	35.1	38.9	38.9	45.2	753.3	0.00	0.0	798	1.14	798	5.8	0.04	5.8	0.000	0.012	35.6	41	20.3	39.2	7.45	 .0691	0.00	24	1	100.0	1
04/08/15	3:06 p	35.1	35.1	35.1	44	21.0	2.2	SE	0.13	3.6	SE	35.1	39.2	39.2	42.6	753.2	0.00	0.0	302	0.43	302	4.3	0.03	4.4	0.000	0.012	35.6	41	20.3	39.3	7.45	 .0691	0.00	23	1	100.0	1
04/08/15	3:07 p	35.1	35.1	35.1	44	21.0	3.6	E	0.21	5.4	E	35.1	39.3	39.3	43.1	753.2	0.00	0.0	359	0.51	359	4.0	0.03	4.0	0.000	0.012	35.6	41	20.3	39.3	7.45	 .0691	0.00	23	1	100.0	1
04/08/15	3:08 p	35.2	35.2	35.2	43	20.7	4.0	S	0.24	8.9	ESE	35.2	39.1	39.1	42.7	753.2	0.00	0.0	359	0.51	359	4.9	0.04	4.9	0.000	0.012	35.6	41	20.3	39.3	7.45	 .0691	0.00	24	1	100.0	1
04/08/15	3:09 p	35.2	35.2	35.2	43	20.8	3.6	ESE	0.21	5.8	SE	35.2	39.2	39.2	42.9	753.2	0.00	0.0	359	0.51	359	4.1	0.03	4.1	0.000	0.012	35.6	41	20.3	39.3	7.45	 .0691	0.00	23	1	100.0	1
04/08/15	3:10 p	35.3	35.3	35.2	43	20.8	3.1	ESE	0.19	6.7	ESE	35.3	39.3	39.3	45.8	753.2	0.00	0.0	726	1.04	758	4.8	0.03	4.8	0.000	0.012	35.6	41	20.3	39.2	7.45	 .0691	0.00	24	1	100.0	1
04/08/15	3:11 p	35.3	35.3	35.3	43	20.9	4.0	ESE	0.24	6.3	ENE	35.3	39.4	39.4	45.4	753.2	0.00	0.0	802	1.15	802	5.6	0.04	5.6	0.000	0.012	35.6	41	20.3	39.3	7.45	 .0691	0.00	23	1	100.0	1
04/08/15	3:12 p	35.3	35.3	35.3	43	20.9	2.7	SSE	0.16	3.6	SSE	35.3	39.4	39.4	46.1	753.2	0.00	0.0	791	1.13	791	5.8	0.04	5.8	0.000	0.012	35.6	41	20.3	39.3	7.45	 .0691	0.00	24	1	100.0	1
04/08/15	3:13 p	35.4	35.4	35.4	42	20.6	2.2	SSE	0.13	3.6	SSE	35.4	39.3	39.3	46.0	753.1	0.00	0.0	789	1.13	789	5.8	0.04	5.8	0.000	0.012	35.6	41	20.3	39.3	7.45	 .0691	0.00	23	1	100.0	1
04/08/15	3:14 p	35.4	35.4	35.4	43	21.0	2.2	S	0.13	3.6	E	35.4	39.7	39.7	46.3	753.1	0.00	0.0	765	1.10	765	5.6	0.04	5.6	0.000	0.012	35.6	41	20.3	39.3	7.45	 .0691	0.00	23	1	100.0	1
04/08/15	3:15 p	35.5	35.5	35.4	42	20.6	2.2	ESE	0.13	4.0	ESE	35.5	39.4	39.4	46.1	753.1	0.00	0.0	754	1.08	754	5.5	0.04	5.5	0.000	0.012	35.6	41	20.3	39.3	7.45	 .0691	0.00	24	1	100.0	1
04/08/15	3:16 p	35.6	35.6	35.6	42	20.7	1.3	SSE	0.08	2.7	SSE	35.6	39.6	39.6	46.2	753.1	0.00	0.0	733	1.05	733	5.3	0.04	5.3	0.000	0.012	35.6	41	20.3	39.3	7.45	 .0691	0.00	23	1	100.0	1
04/08/15	3:17 p	35.7	35.7	35.6	42	20.8	1.8	E	0.11	4.9	E	35.7	39.8	39.8	46.4	753.1	0.00	0.0	733	1.05	733	4.9	0.04	5.2	0.000	0.012	35.6	41	20.3	39.3	7.45	 .0691	0.00	24	1	100.0	1
04/08/15	3:18 p	35.7	35.7	35.7	42	20.8	4.9	E	0.30	6.3	NE	35.7	39.9	39.9	45.5	753.1	0.00	0.0	733	1.05	733	5.2	0.04	5.2	0.000	0.012	35.6	41	20.3	39.3	7.45	 .0691	0.00	23	1	100.0	1
04/08/15	3:19 p	35.7	35.7	35.7	41	20.4	4.0	E	0.24	5.8	ENE	35.7	39.6	39.6	45.2	753.1	0.00	0.0	642	0.92	642	4.8	0.03	4.8	0.000	0.012	35.6	41	20.3	39.3	7.45	 .0691	0.00	23	1	100.0	1
04/08/15	3:20 p	35.7	35.7	35.7	41	20.4	5.8	E	0.35	8.9	E	35.7	39.4	39.4	44.7	753.1	0.00	0.0	733	1.05	733	5.2	0.04	5.2	0.000	0.012	35.6	41	20.3	39.3	7.45	 .0691	0.00	24	1	100.0	1
04/08/15	3:21 p	35.7	35.7	35.7	41	20.4	5.4	E	0.32	7.2	E	35.7	39.4	39.4	44.8	753.1	0.00	0.0	731	1.05	731	5.1	0.04	5.1	0.000	0.012	35.6	40	19.9	39.0	7.25	 .0691	0.00	23	1	100.0	1
04/08/15	3:22 p	35.6	35.7	35.6	41	20.3	3.1	ESE	0.19	5.8	ENE	35.6	39.3	39.3	45.7	753.1	0.00	0.0	719	1.03	724	5.0	0.04	5.0	0.000	0.012	35.7	40	20.0	39.1	7.25	 .0691	0.00	24	1	100.0	1
04/08/15	3:23 p	35.7	35.7	35.6	41	20.4	3.1	E	0.19	4.9	ESE	35.7	39.4	39.4	45.8	753.1	0.00	0.0	703	1.01	703	4.9	0.04	4.9	0.000	0.012	35.7	40	20.0	39.1	7.25	 .0691	0.00	23	1	100.0	1
04/08/15	3:24 p	35.7	35.7	35.7	40	20.0	3.6	E	0.21	5.4	E	35.7	39.1	39.1	45.2	753.1	0.00	0.0	700	1.00	700	4.8	0.03	4.8	0.000	0.012	35.7	40	20.0	39.1	7.25	 .0691	0.00	24	1	100.0	1
04/08/15	3:25 p	35.7	35.7	35.7	41	20.4	3.1	ENE	0.19	4.9	ENE	35.7	39.4	39.4	45.8	753.0	0.00	0.0	700	1.00	700	4.7	0.03	4.7	0.000	0.012	35.7	40	20.0	39.1	7.25	 .0691	0.00	23	1	100.0	1
04/08/15	3:26 p	35.7	35.7	35.7	41	20.4	3.1	E	0.19	4.5	E	35.7	39.4	39.4	45.8	753.0	0.00	0.0	684	0.98	684	3.6	0.03	3.6	0.000	0.012	35.7	40	20.0	39.1	7.25	 .0691	0.00	23	1	100.0	1
04/08/15	3:27 p	35.6	35.7	35.6	45	21.8	7.2	NE	0.43	13.0	E	35.6	40.6	40.6	45.3	752.9	0.00	0.0	684	0.98	684	3.2	0.02	3.2	0.000	0.012	35.7	40	20.0	39.1	7.25	 .0691	0.00	24	1	100.0	1
04/08/15	3:28 p	35.1	35.5	35.1	47	22.1	7.6	NNE	0.46	10.3	NNE	35.1	40.1	40.1	42.2	752.9	0.00	0.0	262	0.38	262	2.9	0.02	2.9	0.000	0.012	35.7	41	20.4	39.4	7.45	 .0690	0.00	23	1	100.0	1
04/08/15	3:29 p	34.3	34.9	34.3	48	21.7	6.3	N	0.38	13.0	NE	34.3	38.8	38.8	41.0	753.0	0.00	0.0	250	0.36	250	2.7	0.02	2.8	0.000	0.011	35.7	41	20.4	39.4	7.45	 .0691	0.00	24	1	100.0	1
04/08/15	3:30 p	33.9	34.3	33.9	50	22.0	4.5	NNE	0.27	5.8	NNE	33.9	38.4	38.4	40.9	753.0	0.00	0.0	244	0.35	244	2.6	0.02	2.6	0.000	0.011	35.7	41	20.4	39.4	7.45	 .0691	0.00	23	1	100.0	1
04/08/15	3:31 p	33.5	33.8	33.5	51	22.0	4.9	NNW	0.30	6.3	NNW	33.5	38.0	38.0	40.6	753.0	0.00	0.0	262	0.38	262	2.7	0.02	2.7	0.000	0.011	35.7	41	20.4	39.4	7.45	 .0691	0.00	23	1	100.0	1
04/08/15	3:32 p	33.3	33.4	33.3	53	22.4	4.0	N	0.24	5.8	NW	33.3	38.2	38.2	40.9	753.0	0.00	0.0	265	0.38	265	2.6	0.02	2.6	0.000	0.010	35.6	42	20.7	39.7	7.55	 .0690	0.00	24	1	100.0	1
04/08/15	3:33 p	33.1	33.2	33.1	53	22.2	5.4	NW	0.32	6.3	NNW	33.1	37.8	37.8	40.6	752.9	0.00	0.0	297	0.43	297	2.7	0.02	2.7	0.000	0.010	35.6	42	20.7	39.6	7.55	 .0690	0.00	23	1	100.0	1
04/08/15	3:34 p	32.9	33.1	32.9	53	22.1	3.6	NNW	0.21	5.4	NW	32.9	37.4	37.4	40.4	752.9	0.00	0.0	283	0.41	287	2.6	0.02	2.6	0.000	0.010	35.6	42	20.7	39.6	7.55	 .0690	0.00	24	1	100.0	1
04/08/15	3:35 p	32.8	32.9	32.8	54	22.3	3.6	NE	0.21	4.5	ENE	32.8	37.4	37.4	40.5	752.9	0.00	0.0	279	0.40	279	2.5	0.02	2.5	0.000	0.010	35.5	42	20.6	39.4	7.55	 .0691	0.00	23	1	100.0	1
04/08/15	3:36 p	32.7	32.8	32.7	54	22.2	4.5	NNE	0.27	5.4	NNE	32.7	37.2	37.2	39.9	752.9	0.00	0.0	272	0.39	272	2.5	0.02	2.5	0.000	0.010	35.5	42	20.6	39.4	7.55	 .0691	0.00	24	1	100.0	1
04/08/15	3:37 p	32.7	32.7	32.7	55	22.4	3.6	NE	0.21	4.5	NE	32.7	37.3	37.3	40.2	752.9	0.00	0.0	264	0.38	264	2.4	0.02	2.4	0.000	0.010	35.4	42	20.6	39.3	7.55	 .0691	0.00	23	1	100.0	1
04/08/15	3:38 p	32.6	32.6	32.6	55	22.3	4.5	WNW	0.27	7.2	WNW	32.6	37.1	37.1	39.7	752.9	0.00	0.0	253	0.36	253	2.4	0.02	2.4	0.000	0.010	35.4	42	20.5	39.2	7.55	 .0691	0.00	23	1	100.0	1
04/08/15	3:39 p	32.5	32.6	32.5	55	22.3	4.5	WNW	0.27	5.8	WNW	32.5	37.0	37.0	39.6	752.9	0.00	0.0	251	0.36	251	2.4	0.02	2.4	0.000	0.010	35.4	43	20.9	39.6	7.75	 .0691	0.00	24	1	100.0	1
04/08/15	3:40 p	32.4	32.4	32.4	55	22.2	4.0	N	0.24	4.9	NW	32.4	36.7	36.7	39.3	752.9	0.00	0.0	251	0.36	251	2.4	0.02	2.4	0.000	0.010	35.3	43	20.9	39.4	7.75	 .0691	0.00	23	1	100.0	1
04/08/15	3:41 p	32.3	32.4	32.3	55	22.1	4.5	NW	0.27	5.8	NW	32.3	36.6	36.6	39.1	753.0	0.00	0.0	248	0.36	248	2.4	0.02	2.4	0.000	0.010	35.3	43	20.9	39.4	7.75	 .0691	0.00	24	1	100.0	1
04/08/15	3:42 p	32.3	32.3	32.3	56	22.4	3.6	NW	0.21	5.4	WNW	32.3	36.7	36.7	39.5	752.9	0.00	0.0	251	0.36	251	2.4	0.02	2.4	0.000	0.010	35.3	43	20.8	39.3	7.75	 .0691	0.00	23	1	100.0	1
04/08/15	3:43 p	32.3	32.3	32.3	56	22.4	4.5	N	0.27	6.3	N	32.3	36.7	36.7	39.2	752.9	0.00	0.0	239	0.34	239	2.3	0.02	2.3	0.000	0.010	35.3	43	20.8	39.3	7.75	 .0691	0.00	23	1	100.0	1
04/08/15	3:44 p	32.2	32.3	32.2	56	22.3	3.6	NE	0.21	4.9	N	32.2	36.6	36.6	39.1	752.9	0.00	0.0	223	0.32	223	2.2	0.02	2.2	0.000	0.010	35.2	43	20.8	39.2	7.75	 .0691	0.00	24	1	100.0	1
04/08/15	3:45 p	32.3	32.3	32.2	56	22.4	4.9	N	0.30	6.3	N	32.2	36.7	36.7	38.7	752.9	0.00	0.0	213	0.31	213	2.2	0.02	2.2	0.000	0.010	35.2	43	20.8	39.2	7.75	 .0691	0.00	23	1	100.0	1
04/08/15	3:46 p	32.3	32.3	32.3	56	22.4	5.8	NNE	0.35	6.7	N	32.1	36.7	36.5	38.5	752.9	0.00	0.0	214	0.31	214	2.1	0.01	2.1	0.000	0.010	35.2	43	20.7	39.1	7.75	 .0691	0.00	24	1	100.0	1
04/08/15	3:47 p	32.3	32.3	32.3	57	22.7	5.4	N	0.32	6.7	N	32.1	37.0	36.8	38.9	752.9	0.00	0.0	214	0.31	214	2.9	0.02	3.3	0.000	0.010	35.2	43	20.7	39.1	7.75	 .0691	0.00	23	1	100.0	1
04/08/15	3:48 p	32.2	32.2	32.2	56	22.3	6.3	N	0.38	8.5	N	31.9	36.6	36.3	38.7	752.9	0.00	0.0	264	0.38	264	2.4	0.02	2.4	0.000	0.010	35.2	43	20.7	39.1	7.75	 .0691	0.00	23	1	100.0	1
04/08/15	3:49 p	32.2	32.2	32.2	55	22.0	6.3	NNE	0.38	7.2	N	31.8	36.2	35.9	38.2	752.8	0.00	0.0	251	0.36	251	2.4	0.02	2.4	0.000	0.010	35.1	43	20.7	39.0	7.75	 .0691	0.00	24	1	100.0	1
04/08/15	3:50 p	32.1	32.2	32.1	56	22.2	5.4	NNE	0.32	6.7	NNE	31.9	36.4	36.2	38.3	752.9	0.00	0.0	220	0.32	220	2.3	0.02	2.3	0.000	0.010	35.1	43	20.7	39.0	7.75	 .0691	0.00	23	1	100.0	1
04/08/15	3:51 p	32.1	32.1	32.1	56	22.2	4.9	NNE	0.30	6.3	N	31.9	36.3	36.2	37.9	752.8	0.00	0.0	179	0.26	193	2.2	0.02	2.2	0.000	0.010	35.1	43	20.6	38.9	7.75	 .0692	0.00	24	1	100.0	1
04/08/15	3:52 p	32.1	32.1	32.1	56	22.2	3.6	NNW	0.21	5.8	NNW	32.1	36.3	36.3	37.8	752.8	0.00	0.0	155	0.22	155	2.0	0.01	2.0	0.000	0.010	35.0	43	20.6	38.7	7.75	 .0692	0.00	23	1	100.0	1
04/08/15	3:53 p	32.1	32.1	32.1	56	22.2	4.0	NNE	0.24	5.4	NE	32.1	36.3	36.3	37.9	752.8	0.00	0.0	163	0.23	163	2.0	0.01	2.0	0.000	0.010	35.0	43	20.6	38.7	7.75	 .0692	0.00	24	1	100.0	1
04/08/15	3:54 p	32.1	32.1	32.1	56	22.2	4.0	N	0.24	4.9	N	32.1	36.4	36.4	38.3	752.8	0.00	0.0	185	0.27	185	2.1	0.01	2.1	0.000	0.010	34.9	43	20.5	38.6	7.75	 .0692	0.00	23	1	100.0	1
04/08/15	3:55 p	32.1	32.1	32.1	55	21.9	4.5	NNE	0.27	5.8	NNE	32.1	36.1	36.1	38.3	752.8	0.00	0.0	216	0.31	216	2.2	0.02	2.2	0.000	0.010	34.9	43	20.5	38.5	7.76	 .0692	0.00	23	1	100.0	1
04/08/15	3:56 p	32.1	32.1	32.1	55	21.9	4.5	NNE	0.27	5.8	N	32.1	36.1	36.1	38.7	752.8	0.00	0.0	246	0.35	246	2.4	0.02	2.4	0.000	0.010	34.9	43	20.5	38.5	7.76	 .0692	0.00	24	1	100.0	1
04/08/15	3:57 p	32.1	32.1	32.1	54	21.6	4.9	N	0.30	5.8	N	32.0	35.9	35.8	37.8	752.7	0.00	0.0	206	0.30	221	2.3	0.02	2.3	0.000	0.010	34.8	43	20.4	38.4	7.76	 .0692	0.00	23	1	100.0	1
04/08/15	3:58 p	32.1	32.1	32.1	55	21.9	3.6	NNE	0.21	4.9	NE	32.1	36.1	36.1	37.8	752.7	0.00	0.0	165	0.24	165	2.2	0.02	2.2	0.000	0.010	34.8	43	20.4	38.4	7.76	 .0692	0.00	24	1	100.0	1
04/08/15	3:59 p	32.2	32.2	32.2	55	22.0	4.9	N	0.30	5.8	N	32.1	36.2	36.2	37.6	752.7	0.00	0.0	151	0.22	151	2.0	0.01	2.0	0.000	0.010	34.8	43	20.4	38.3	7.77	 .0692	0.00	23	1	100.0	1
04/08/15	4:00 p	32.2	32.2	32.2	55	22.0	4.0	N	0.24	4.9	N	32.2	36.2	36.2	37.7	752.7	0.00	0.0	144	0.21	144	1.9	0.01	1.9	0.000	0.010	34.8	43	20.4	38.3	7.77	 .0692	0.43	24	1	100.0	1
04/08/15	4:01 p	32.2	32.2	32.2	55	22.0	3.6	NNW	0.21	4.5	NW	32.2	36.2	36.2	37.6	752.7	0.00	0.0	135	0.19	135	1.9	0.01	1.9	0.000	0.010	34.8	43	20.4	38.3	7.77	 .0692	0.00	23	1	100.0	1
04/08/15	4:02 p	32.2	32.2	32.2	56	22.3	3.6	N	0.21	5.4	N	32.2	36.5	36.5	37.8	752.7	0.00	0.0	127	0.18	127	1.8	0.01	1.8	0.000	0.010	34.7	43	20.3	38.2	7.77	 .0692	0.00	23	1	100.0	1
04/08/15	4:03 p	32.2	32.2	32.2	55	22.0	4.0	NNE	0.24	4.9	NNE	32.2	36.2	36.2	37.3	752.7	0.00	0.0	120	0.17	121	1.7	0.01	1.7	0.000	0.010	34.7	43	20.3	38.2	7.77	 .0692	0.00	24	1	100.0	1
04/08/15	4:04 p	32.2	32.2	32.2	55	22.0	4.0	N	0.24	4.9	N	32.2	36.2	36.2	37.3	752.7	0.00	0.0	121	0.17	121	1.6	0.01	1.6	0.000	0.010	34.7	44	20.6	38.4	7.96	 .0692	0.00	23	1	100.0	1
04/08/15	4:05 p	32.2	32.2	32.2	55	22.0	3.1	NNW	0.19	4.0	NNW	32.2	36.2	36.2	37.6	752.8	0.00	0.0	132	0.19	132	1.6	0.01	1.6	0.000	0.010	34.7	43	20.3	38.1	7.77	 .0693	0.00	24	1	100.0	1
04/08/15	4:06 p	32.2	32.2	32.2	56	22.3	2.7	NW	0.16	3.6	N	32.2	36.5	36.5	38.2	752.8	0.00	0.0	148	0.21	148	1.7	0.01	1.7	0.000	0.010	34.7	44	20.6	38.4	7.96	 .0692	0.00	23	1	100.0	1
04/08/15	4:07 p	32.2	32.2	32.2	56	22.3	2.7	N	0.16	3.1	NNW	32.2	36.5	36.5	38.4	752.8	0.00	0.0	163	0.23	163	1.8	0.01	1.8	0.000	0.010	34.7	44	20.6	38.4	7.96	 .0692	0.00	23	1	100.0	1
04/08/15	4:08 p	32.2	32.2	32.2	56	22.3	3.6	N	0.21	4.0	NNW	32.2	36.5	36.5	38.4	752.8	0.00	0.0	174	0.25	174	1.8	0.01	1.8	0.000	0.010	34.6	44	20.6	38.3	7.96	 .0692	0.00	24	1	100.0	1
04/08/15	4:09 p	32.2	32.2	32.2	56	22.3	2.7	NE	0.16	4.0	NE	32.2	36.6	36.6	38.9	752.7	0.00	0.0	194	0.28	195	1.9	0.01	1.9	0.000	0.010	34.6	44	20.6	38.3	7.96	 .0692	0.00	23	1	100.0	1
04/08/15	4:10 p	32.3	32.3	32.2	56	22.4	3.1	NW	0.19	4.5	NE	32.3	36.7	36.7	39.0	752.8	0.00	0.0	192	0.28	192	2.3	0.02	2.6	0.000	0.010	34.6	44	20.6	38.3	7.96	 .0692	0.00	24	1	100.0	1
04/08/15	4:11 p	32.3	32.3	32.3	55	22.1	4.0	NW	0.24	4.9	NNE	32.3	36.6	36.6	42.2	752.8	0.00	0.0	547	0.78	547	3.0	0.02	3.0	0.000	0.010	34.6	44	20.6	38.3	7.96	 .0692	0.00	23	1	100.0	1
04/08/15	4:12 p	32.4	32.4	32.3	55	22.2	4.5	N	0.27	4.9	N	32.4	36.7	36.7	42.0	752.8	0.00	0.0	536	0.77	536	3.0	0.02	3.0	0.000	0.010	34.6	44	20.6	38.3	7.96	 .0692	0.00	23	1	100.0	1
04/08/15	4:13 p	32.5	32.5	32.4	55	22.3	3.6	NNE	0.21	4.9	N	32.5	37.0	37.0	42.6	752.8	0.00	0.0	515	0.74	515	3.0	0.02	3.0	0.000	0.010	34.6	44	20.6	38.3	7.96	 .0692	0.00	24	1	100.0	1
04/08/15	4:14 p	32.6	32.6	32.5	56	22.6	3.6	NNW	0.21	4.5	N	32.6	37.4	37.4	42.9	752.7	0.00	0.0	510	0.73	510	3.0	0.02	3.0	0.000	0.010	34.6	44	20.6	38.3	7.96	 .0692	0.00	23	1	100.0	1
04/08/15	4:15 p	32.6	32.6	32.6	55	22.4	3.6	NW	0.21	5.4	WNW	32.6	37.2	37.2	42.8	752.7	0.00	0.0	509	0.73	513	3.0	0.02	3.0	0.000	0.010	34.6	44	20.6	38.3	7.96	 .0692	0.00	24	1	100.0	1
04/08/15	4:16 p	32.7	32.7	32.7	56	22.8	3.6	N	0.21	4.5	NNE	32.7	37.8	37.8	43.4	752.8	0.00	0.0	513	0.74	513	3.0	0.02	3.0	0.000	0.010	34.6	44	20.6	38.3	7.96	 .0692	0.00	23	1	100.0	1
04/08/15	4:17 p	32.7	32.8	32.7	56	22.8	4.0	NW	0.24	5.4	N	32.7	37.8	37.8	43.2	752.7	0.00	0.0	513	0.74	513	2.2	0.02	2.2	0.000	0.010	34.6	44	20.6	38.3	7.96	 .0692	0.00	24	1	100.0	1
04/08/15	4:18 p	32.7	32.8	32.7	56	22.8	4.5	NNW	0.27	5.8	NNW	32.7	37.8	37.8	40.0	752.8	0.00	0.0	202	0.29	202	2.2	0.02	2.2	0.000	0.010	34.6	44	20.6	38.3	7.96	 .0692	0.00	23	1	100.0	1
04/08/15	4:19 p	32.7	32.7	32.7	56	22.7	4.0	NNW	0.24	5.4	NNW	32.7	37.7	37.7	39.8	752.8	0.00	0.0	188	0.27	188	2.1	0.01	2.1	0.000	0.010	34.6	44	20.6	38.3	7.96	 .0693	0.00	23	1	100.0	1
04/08/15	4:20 p	32.6	32.7	32.6	57	23.0	3.6	WNW	0.21	4.5	WNW	32.6	37.8	37.8	39.9	752.8	0.00	0.0	183	0.26	183	2.0	0.01	2.0	0.000	0.010	34.6	44	20.6	38.3	7.96	 .0693	0.00	24	1	100.0	1
04/08/15	4:21 p	32.6	32.6	32.6	56	22.6	3.6	NW	0.21	4.5	NW	32.6	37.4	37.4	39.6	752.9	0.00	0.0	183	0.26	183	2.3	0.02	2.3	0.000	0.010	34.6	45	20.9	38.6	8.15	 .0692	0.00	23	1	100.0	1
04/08/15	4:22 p	32.5	32.6	32.5	56	22.6	3.6	NW	0.21	5.4	WNW	32.5	37.3	37.3	39.1	752.9	0.00	0.0	160	0.23	160	2.0	0.01	2.0	0.000	0.010	34.6	45	20.9	38.6	8.15	 .0692	0.00	24	1	100.0	1
04/08/15	4:23 p	32.5	32.5	32.5	57	22.9	2.7	NNW	0.16	3.6	NW	32.5	37.6	37.6	39.5	752.9	0.00	0.0	160	0.23	160	2.1	0.01	2.1	0.000	0.010	34.7	45	21.0	38.7	8.15	 .0692	0.00	23	1	100.0	1
04/08/15	4:24 p	32.5	32.5	32.5	57	22.9	2.7	N	0.16	3.6	NNE	32.5	37.6	37.6	39.6	752.8	0.00	0.0	160	0.23	160	2.4	0.02	2.4	0.000	0.010	34.6	44	20.6	38.3	7.96	 .0693	0.00	23	1	100.0	1
04/08/15	4:25 p	32.5	32.5	32.5	57	22.9	2.2	NW	0.13	3.6	NW	32.5	37.6	37.6	39.6	752.8	0.00	0.0	160	0.23	160	2.2	0.02	2.2	0.000	0.010	34.7	45	21.0	38.7	8.15	 .0692	0.00	24	1	100.0	1
04/08/15	4:26 p	32.6	32.6	32.5	57	22.9	2.2	NNE	0.13	3.6	N	32.6	37.7	37.7	39.7	752.8	0.00	0.0	160	0.23	160	2.5	0.02	2.5	0.000	0.010	34.7	45	21.0	38.7	8.15	 .0692	0.00	23	1	100.0	1
04/08/15	4:27 p	32.6	32.6	32.6	56	22.7	2.2	N	0.13	3.1	N	32.6	37.5	37.5	40.1	752.8	0.00	0.0	202	0.29	202	2.0	0.01	2.0	0.000	0.010	34.7	45	21.0	38.7	8.15	 .0692	0.00	24	1	100.0	1
04/08/15	4:28 p	32.7	32.7	32.6	57	23.0	2.7	NE	0.16	4.0	NE	32.7	37.9	37.9	40.6	752.8	0.00	0.0	202	0.29	202	2.2	0.02	2.3	0.000	0.010	34.7	45	21.0	38.7	8.15	 .0692	0.00	23	1	100.0	1
04/08/15	4:29 p	32.7	32.7	32.7	56	22.8	3.1	NNE	0.19	3.6	NNE	32.7	37.8	37.8	42.8	752.8	0.00	0.0	408	0.58	408	1.9	0.01	1.9	0.000	0.010	34.7	45	21.0	38.7	8.15	 .0692	0.00	24	1	100.0	1
04/08/15	4:30 p	32.8	32.8	32.8	55	22.5	2.7	NE	0.16	3.1	NNE	32.8	37.6	37.6	42.8	752.8	0.00	0.0	413	0.59	413	2.4	0.02	2.4	0.000	0.010	34.7	45	21.0	38.7	8.15	 .0692	0.00	23	1	100.0	1
04/08/15	4:31 p	32.8	32.8	32.8	54	22.3	3.6	NNE	0.21	4.9	NNE	32.8	37.4	37.4	42.3	752.8	0.00	0.0	413	0.59	413	1.9	0.01	1.9	0.000	0.010	34.7	45	21.0	38.7	8.15	 .0692	0.00	23	1	100.0	1
04/08/15	4:32 p	32.9	32.9	32.8	54	22.4	3.6	NNE	0.21	4.5	N	32.9	37.6	37.6	40.1	752.8	0.00	0.0	209	0.30	209	2.0	0.01	2.0	0.000	0.010	34.7	45	21.0	38.7	8.15	 .0692	0.00	24	1	100.0	1
04/08/15	4:33 p	32.9	32.9	32.9	54	22.4	3.1	NNE	0.19	4.0	NNE	32.9	37.7	37.7	42.7	752.8	0.00	0.0	397	0.57	397	2.2	0.02	2.2	0.000	0.010	34.7	44	20.6	38.4	7.96	 .0692	0.00	23	1	100.0	1
04/08/15	4:34 p	32.9	32.9	32.9	53	22.1	4.0	NNE	0.24	4.9	N	32.9	37.4	37.4	41.8	752.8	0.00	0.0	385	0.55	385	2.4	0.02	2.4	0.000	0.010	34.7	44	20.7	38.5	7.96	 .0692	0.00	24	1	100.0	1
04/08/15	4:35 p	32.9	32.9	32.9	54	22.4	4.0	NNE	0.24	4.9	NE	32.9	37.7	37.7	42.1	752.8	0.00	0.0	374	0.54	374	2.3	0.02	2.3	0.000	0.010	34.7	44	20.7	38.5	7.96	 .0692	0.00	23	1	100.0	1
04/08/15	4:36 p	32.9	32.9	32.9	54	22.4	4.0	NNE	0.24	5.4	NNE	32.9	37.7	37.7	42.1	752.8	0.00	0.0	367	0.53	367	2.2	0.02	2.2	0.000	0.010	34.7	44	20.7	38.5	7.96	 .0692	0.00	23	1	100.0	1
04/08/15	4:37 p	32.9	32.9	32.9	54	22.4	3.1	NE	0.19	4.0	NE	32.9	37.7	37.7	42.4	752.8	0.00	0.0	367	0.53	367	1.8	0.01	1.8	0.000	0.010	34.7	44	20.7	38.5	7.96	 .0692	0.00	24	1	100.0	1
04/08/15	4:38 p	33.0	33.0	32.9	54	22.5	3.6	N	0.21	4.9	NNE	33.0	37.8	37.8	39.3	752.7	0.00	0.0	125	0.18	128	1.7	0.01	1.7	0.000	0.010	34.7	44	20.7	38.5	7.96	 .0692	0.00	23	1	100.0	1
04/08/15	4:39 p	33.0	33.0	33.0	53	22.1	4.0	NNE	0.24	4.9	NNE	33.0	37.6	37.6	38.7	752.8	0.00	0.0	114	0.16	114	1.6	0.01	1.6	0.000	0.010	34.7	44	20.7	38.5	7.96	 .0692	0.00	24	1	100.0	1
04/08/15	4:40 p	33.0	33.0	33.0	52	21.8	4.5	NNE	0.27	5.4	N	33.0	37.2	37.2	38.4	752.8	0.00	0.0	116	0.17	116	1.6	0.01	1.6	0.000	0.010	34.7	44	20.7	38.5	7.96	 .0692	0.00	23	1	100.0	1
04/08/15	4:41 p	33.0	33.0	32.9	52	21.8	4.0	N	0.24	4.5	NNW	33.0	37.2	37.2	38.7	752.8	0.00	0.0	134	0.19	134	1.6	0.01	1.6	0.000	0.010	34.7	44	20.7	38.5	7.96	 .0692	0.00	24	1	100.0	1
04/08/15	4:42 p	32.9	32.9	32.9	53	22.1	4.0	N	0.24	4.9	N	32.9	37.4	37.4	38.9	752.8	0.00	0.0	134	0.19	134	1.9	0.01	1.9	0.000	0.010	34.7	44	20.7	38.5	7.96	 .0692	0.00	23	1	100.0	1
04/08/15	4:43 p	33.0	33.0	32.9	52	21.8	3.6	N	0.21	4.9	N	33.0	37.2	37.2	41.6	752.8	0.00	0.0	346	0.50	346	1.9	0.01	1.9	0.000	0.010	34.7	44	20.7	38.5	7.96	 .0692	0.00	23	1	100.0	1
04/08/15	4:44 p	33.0	33.0	33.0	53	22.1	3.6	NE	0.21	4.5	ENE	33.0	37.6	37.6	42.6	752.8	0.00	0.0	405	0.58	408	2.2	0.02	2.2	0.000	0.010	34.7	44	20.7	38.5	7.96	 .0692	0.00	24	1	100.0	1
04/08/15	4:45 p	33.1	33.1	33.0	53	22.2	4.0	N	0.24	4.5	N	33.1	37.7	37.7	42.5	752.8	0.00	0.0	403	0.58	403	2.2	0.02	2.2	0.000	0.010	34.7	44	20.7	38.5	7.96	 .0692	0.00	23	1	100.0	1
04/08/15	4:46 p	33.1	33.1	33.1	53	22.2	3.6	N	0.21	4.5	NNW	33.1	37.7	37.7	42.5	752.8	0.00	0.0	387	0.55	387	2.2	0.02	2.2	0.000	0.010	34.7	44	20.7	38.5	7.96	 .0692	0.00	24	1	100.0	1
04/08/15	4:47 p	33.1	33.1	33.1	54	22.5	2.7	N	0.16	4.0	NNW	33.1	37.9	37.9	42.8	752.8	0.00	0.0	360	0.52	360	2.1	0.01	2.1	0.000	0.010	34.7	44	20.7	38.5	7.96	 .0692	0.00	23	1	100.0	1
04/08/15	4:48 p	33.1	33.1	33.1	54	22.6	2.7	NNE	0.16	4.0	N	33.1	38.1	38.1	43.1	752.8	0.00	0.0	364	0.52	364	2.0	0.01	2.0	0.000	0.010	34.7	44	20.7	38.5	7.96	 .0692	0.00	23	1	100.0	1
04/08/15	4:49 p	33.1	33.1	33.1	54	22.6	3.1	N	0.19	4.0	N	33.1	38.1	38.1	42.9	752.7	0.00	0.0	364	0.52	364	1.7	0.01	1.7	0.000	0.010	34.7	44	20.7	38.5	7.96	 .0692	0.00	24	1	100.0	1
04/08/15	4:50 p	33.1	33.2	33.1	53	22.2	3.1	N	0.19	4.0	NNE	33.1	37.8	37.8	42.7	752.8	0.00	0.0	364	0.52	364	1.9	0.01	1.9	0.000	0.010	34.7	44	20.7	38.5	7.96	 .0692	0.00	23	1	100.0	1
04/08/15	4:51 p	33.1	33.1	33.1	53	22.2	3.1	N	0.19	4.0	NNE	33.1	37.8	37.8	39.6	752.8	0.00	0.0	139	0.20	139	1.6	0.01	1.6	0.000	0.010	34.7	44	20.7	38.5	7.96	 .0692	0.00	24	1	100.0	1
04/08/15	4:52 p	33.1	33.1	33.1	54	22.6	2.7	N	0.16	3.1	NW	33.1	38.1	38.1	39.9	752.8	0.00	0.0	137	0.20	137	1.5	0.01	1.5	0.000	0.010	34.8	44	20.7	38.6	7.96	 .0692	0.00	23	1	100.0	1
04/08/15	4:53 p	33.1	33.1	33.1	54	22.6	2.7	NNW	0.16	3.1	NNW	33.1	38.1	38.1	40.0	752.8	0.00	0.0	142	0.20	142	1.5	0.01	1.5	0.000	0.010	34.8	44	20.7	38.6	7.96	 .0692	0.00	23	1	100.0	1
04/08/15	4:54 p	33.2	33.2	33.1	52	22.0	4.0	NE	0.24	5.4	NE	33.2	37.6	37.6	39.4	752.8	0.00	0.0	146	0.21	146	1.5	0.01	1.5	0.000	0.010	34.8	44	20.7	38.6	7.96	 .0692	0.00	24	1	100.0	1
04/08/15	4:55 p	33.2	33.2	33.2	52	22.0	4.0	NE	0.24	4.9	NE	33.2	37.6	37.6	39.5	752.8	0.00	0.0	151	0.22	151	1.5	0.01	1.5	0.000	0.010	34.8	44	20.7	38.6	7.96	 .0692	0.00	23	1	100.0	1
04/08/15	4:56 p	33.2	33.2	33.2	52	22.0	4.0	NE	0.24	4.9	NE	33.2	37.6	37.6	39.6	752.8	0.00	0.0	158	0.23	160	1.5	0.01	1.5	0.000	0.010	34.8	44	20.7	38.6	7.96	 .0692	0.00	24	1	100.0	1
04/08/15	4:57 p	33.2	33.2	33.2	52	22.0	4.0	NNE	0.24	4.5	NE	33.2	37.6	37.6	39.7	752.8	0.00	0.0	165	0.24	165	1.5	0.01	1.5	0.000	0.010	34.8	44	20.7	38.6	7.96	 .0692	0.00	23	1	100.0	1
04/08/15	4:58 p	33.2	33.2	33.2	52	22.0	3.6	NNW	0.21	4.5	NNW	33.2	37.6	37.6	39.8	752.8	0.00	0.0	165	0.24	165	1.5	0.01	1.5	0.000	0.010	34.8	44	20.7	38.6	7.96	 .0692	0.00	24	1	100.0	1
04/08/15	4:59 p	33.2	33.2	33.2	52	22.0	3.1	N	0.19	4.5	NNW	33.2	37.7	37.7	40.9	752.8	0.00	0.0	230	0.33	230	1.5	0.01	1.5	0.000	0.010	34.8	44	20.7	38.6	7.96	 .0692	0.00	23	1	100.0	1
04/08/15	5:00 p	33.2	33.2	33.2	52	22.0	4.0	N	0.24	5.8	N	33.2	37.7	37.7	39.9	752.9	0.00	0.0	172	0.25	172	1.5	0.01	1.5	0.000	0.010	34.8	44	20.7	38.6	7.96	 .0692	0.28	23	1	100.0	1
04/08/15	5:01 p	33.3	33.3	33.2	52	22.1	3.6	N	0.21	4.5	NNW	33.3	37.8	37.8	40.1	752.9	0.00	0.0	171	0.25	171	1.5	0.01	1.5	0.000	0.010	34.8	44	20.8	38.7	7.96	 .0692	0.00	24	1	100.0	1
04/08/15	5:02 p	33.3	33.3	33.2	52	22.1	4.0	N	0.24	5.8	N	33.3	37.8	37.8	41.2	752.9	0.00	0.0	255	0.37	287	1.5	0.01	1.5	0.000	0.010	34.8	44	20.8	38.7	7.96	 .0692	0.00	23	1	100.0	1
04/08/15	5:03 p	33.3	33.3	33.3	52	22.1	4.0	NNE	0.24	4.5	NNE	33.3	37.8	37.8	41.6	752.9	0.00	0.0	287	0.41	287	1.5	0.01	1.5	0.000	0.010	34.8	44	20.8	38.7	7.96	 .0692	0.00	24	1	100.0	1
04/08/15	5:04 p	33.3	33.3	33.2	52	22.1	3.1	NNE	0.19	3.6	N	33.3	37.8	37.8	40.0	752.9	0.00	0.0	156	0.22	156	1.4	0.01	1.4	0.000	0.010	34.8	44	20.8	38.7	7.96	 .0692	0.00	23	1	100.0	1
04/08/15	5:05 p	33.2	33.3	33.2	52	22.0	3.6	NE	0.21	4.5	NE	33.2	37.7	37.7	39.8	753.0	0.00	0.0	155	0.22	155	1.3	0.01	1.3	0.000	0.010	34.8	44	20.8	38.7	7.96	 .0692	0.00	24	1	100.0	1
04/08/15	5:06 p	33.3	33.3	33.3	53	22.4	3.6	NNE	0.21	4.0	NE	33.3	38.2	38.2	40.2	753.0	0.00	0.0	148	0.21	148	1.3	0.01	1.3	0.000	0.010	34.9	44	20.8	38.8	7.95	 .0692	0.00	23	1	100.0	1
04/08/15	5:07 p	33.3	33.3	33.3	53	22.4	3.1	NNE	0.19	4.0	NE	33.3	38.2	38.2	40.2	753.0	0.00	0.0	141	0.20	141	1.3	0.01	1.3	0.000	0.010	34.9	44	20.8	38.8	7.95	 .0692	0.00	23	1	100.0	1
04/08/15	5:08 p	33.3	33.3	33.3	54	22.7	4.0	N	0.24	4.5	NE	33.3	38.5	38.5	40.1	753.1	0.00	0.0	128	0.18	132	1.2	0.01	1.2	0.000	0.010	34.9	44	20.8	38.8	7.95	 .0692	0.00	24	1	100.0	1
04/08/15	5:09 p	33.2	33.3	33.2	54	22.7	3.6	N	0.21	4.0	N	33.2	38.3	38.3	39.9	753.1	0.00	0.0	116	0.17	116	1.2	0.01	1.2	0.000	0.010	34.9	44	20.9	38.9	7.95	 .0692	0.00	23	1	100.0	1
04/08/15	5:10 p	33.2	33.2	33.2	54	22.6	3.6	NNE	0.21	4.5	NNE	33.2	38.2	38.2	39.6	753.1	0.00	0.0	107	0.15	107	1.1	0.01	1.1	0.000	0.010	35.0	44	20.9	39.1	7.95	 .0692	0.00	24	1	100.0	1
04/08/15	5:11 p	33.2	33.2	33.2	54	22.6	3.6	NNE	0.21	4.5	NNE	33.2	38.2	38.2	39.5	753.1	0.00	0.0	100	0.14	100	1.0	0.01	1.0	0.000	0.010	35.0	44	20.9	39.1	7.95	 .0692	0.00	23	1	100.0	1
04/08/15	5:12 p	33.1	33.2	33.1	54	22.6	3.1	NNE	0.19	4.5	NNW	33.1	38.1	38.1	39.3	753.1	0.00	0.0	95	0.14	95	1.0	0.01	1.0	0.000	0.010	35.1	44	21.0	39.2	7.95	 .0691	0.00	23	1	100.0	1
04/08/15	5:13 p	33.1	33.1	33.1	54	22.6	3.6	NNE	0.21	4.0	NNW	33.1	38.1	38.1	39.2	753.1	0.00	0.0	93	0.13	93	1.0	0.01	1.0	0.000	0.010	35.1	44	21.0	39.2	7.95	 .0691	0.00	24	1	100.0	1
04/08/15	5:14 p	33.1	33.1	33.1	54	22.5	3.1	N	0.19	3.6	N	33.1	37.9	37.9	39.2	753.1	0.00	0.0	93	0.13	93	1.0	0.01	1.0	0.000	0.010	35.1	44	21.0	39.3	7.95	 .0691	0.00	23	1	100.0	1
04/08/15	5:15 p	33.1	33.1	33.1	54	22.5	3.1	NE	0.19	4.0	NE	33.1	37.9	37.9	39.1	753.1	0.00	0.0	91	0.13	91	0.9	0.01	0.9	0.000	0.010	35.1	44	21.0	39.3	7.95	 .0691	0.00	24	1	100.0	1
04/08/15	5:16 p	33.1	33.1	33.1	54	22.5	3.6	NNE	0.21	4.5	N	33.1	37.9	37.9	39.1	753.1	0.00	0.0	90	0.13	90	0.9	0.01	0.9	0.000	0.010	35.2	44	21.1	39.4	7.94	 .0691	0.00	23	1	100.0	1
04/08/15	5:17 p	33.0	33.1	33.0	54	22.5	3.1	NNE	0.19	3.6	NNE	33.0	37.8	37.8	38.9	753.1	0.00	0.0	83	0.12	83	0.9	0.01	0.9	0.000	0.010	35.2	44	21.1	39.4	7.94	 .0691	0.00	23	1	100.0	1
04/08/15	5:18 p	33.0	33.0	33.0	54	22.5	2.7	NNE	0.16	3.1	NNE	33.0	37.8	37.8	38.7	753.1	0.00	0.0	76	0.11	76	0.8	0.01	0.8	0.000	0.010	35.2	44	21.1	39.6	7.94	 .0691	0.00	24	1	100.0	1
04/08/15	5:19 p	33.0	33.0	33.0	54	22.5	2.2	NE	0.13	3.1	NNE	33.0	37.8	37.8	38.6	753.1	0.00	0.0	67	0.10	69	0.8	0.01	0.8	0.000	0.010	35.2	44	21.1	39.6	7.94	 .0691	0.00	23	1	100.0	1
04/08/15	5:20 p	33.0	33.0	32.9	54	22.5	2.2	NE	0.13	3.1	N	33.0	37.8	37.8	38.5	753.1	0.00	0.0	63	0.09	63	0.8	0.01	0.8	0.000	0.010	35.3	44	21.2	39.7	7.94	 .0691	0.00	24	1	100.0	1
04/08/15	5:21 p	33.0	33.0	32.9	54	22.5	1.8	NW	0.11	2.7	N	33.0	37.8	37.8	38.5	753.1	0.00	0.0	63	0.09	63	0.7	0.00	0.7	0.000	0.010	35.3	43	20.8	39.3	7.75	 .0691	0.00	23	1	100.0	1
04/08/15	5:22 p	32.9	32.9	32.9	54	22.4	2.7	NE	0.16	4.0	NE	32.9	37.7	37.7	38.4	753.1	0.00	0.0	63	0.09	63	0.7	0.00	0.7	0.000	0.010	35.3	43	20.8	39.3	7.75	 .0691	0.00	24	1	100.0	1
04/08/15	5:23 p	32.9	33.0	32.9	54	22.4	3.1	NE	0.19	4.0	NE	32.9	37.7	37.7	38.4	753.1	0.00	0.0	65	0.09	65	0.7	0.00	0.7	0.000	0.010	35.3	43	20.9	39.4	7.75	 .0691	0.00	23	1	100.0	1
04/08/15	5:24 p	33.0	33.0	32.9	53	22.1	3.1	NNE	0.19	3.6	NNE	33.0	37.6	37.6	38.3	753.1	0.00	0.0	70	0.10	70	0.7	0.00	0.7	0.000	0.010	35.3	43	20.9	39.4	7.75	 .0691	0.00	23	1	100.0	1
04/08/15	5:25 p	32.9	33.0	32.9	53	22.1	3.1	NE	0.19	3.6	NE	32.9	37.4	37.4	38.2	753.1	0.00	0.0	70	0.10	70	0.7	0.00	0.7	0.000	0.010	35.4	43	20.9	39.6	7.75	 .0691	0.00	24	1	100.0	1
04/08/15	5:26 p	32.9	32.9	32.9	53	22.1	1.8	NE	0.11	2.7	NE	32.9	37.4	37.4	38.1	753.1	0.00	0.0	65	0.09	65	0.7	0.00	0.7	0.000	0.010	35.4	43	20.9	39.6	7.75	 .0691	0.00	23	1	100.0	1
04/08/15	5:27 p	32.9	32.9	32.9	54	22.4	2.7	NE	0.16	3.6	NE	32.9	37.7	37.7	38.4	753.0	0.00	0.0	63	0.09	63	0.6	0.00	0.6	0.000	0.010	35.4	43	20.9	39.6	7.75	 .0691	0.00	24	1	100.0	1
04/08/15	5:28 p	32.9	32.9	32.9	54	22.4	2.2	NE	0.13	3.1	N	32.9	37.7	37.7	38.4	753.0	0.00	0.0	62	0.09	62	0.6	0.00	0.6	0.000	0.010	35.4	43	20.9	39.6	7.75	 .0691	0.00	23	1	100.0	1
04/08/15	5:29 p	32.9	32.9	32.9	54	22.4	2.2	NE	0.13	2.7	NE	32.9	37.7	37.7	38.4	753.0	0.00	0.0	60	0.09	60	0.6	0.00	0.6	0.000	0.010	35.4	43	20.9	39.6	7.75	 .0691	0.00	23	1	100.0	1
04/08/15	5:30 p	32.9	32.9	32.9	54	22.4	2.7	NNE	0.16	3.6	N	32.9	37.7	37.7	38.3	753.0	0.00	0.0	56	0.08	56	0.6	0.00	0.6	0.000	0.010	35.4	43	21.0	39.7	7.75	 .0690	0.00	24	1	100.0	1
04/08/15	5:31 p	32.9	33.0	32.9	54	22.4	3.1	NNE	0.19	4.0	NNE	32.9	37.7	37.7	38.2	753.0	0.00	0.0	49	0.07	51	0.0	0.00	0.0	0.000	0.010	35.4	43	21.0	39.7	7.75	 .0690	0.00	23	1	100.0	1
04/08/15	5:32 p	32.9	32.9	32.9	54	22.4	3.1	NE	0.19	3.1	NE	32.9	37.7	37.7	38.1	753.0	0.00	0.0	46	0.07	46	0.0	0.00	0.0	0.000	0.010	35.5	43	21.0	39.8	7.75	 .0690	0.00	24	1	100.0	1
04/08/15	5:33 p	32.9	32.9	32.9	54	22.4	2.7	NNE	0.16	3.6	NE	32.9	37.7	37.7	38.1	753.0	0.00	0.0	44	0.06	44	0.0	0.00	0.0	0.000	0.010	35.5	43	21.0	39.8	7.75	 .0690	0.00	23	1	100.0	1
04/08/15	5:34 p	32.9	32.9	32.9	54	22.4	3.6	NNE	0.21	4.0	NNE	32.9	37.7	37.7	38.1	753.0	0.00	0.0	42	0.06	42	0.0	0.00	0.0	0.000	0.010	35.5	43	21.0	39.8	7.75	 .0690	0.00	24	1	100.0	1
04/08/15	5:35 p	32.9	32.9	32.9	54	22.4	4.0	NNE	0.24	4.9	N	32.9	37.7	37.7	38.0	753.0	0.00	0.0	42	0.06	42	0.0	0.00	0.0	0.000	0.010	35.5	43	21.0	39.8	7.75	 .0690	0.00	23	1	100.0	1
04/08/15	5:36 p	32.9	32.9	32.9	54	22.4	3.6	NNE	0.21	4.5	NNE	32.9	37.6	37.6	37.9	753.1	0.00	0.0	44	0.06	44	0.0	0.00	0.0	0.000	0.010	35.5	43	21.0	39.8	7.75	 .0690	0.00	23	1	100.0	1
04/08/15	5:37 p	32.9	32.9	32.9	55	22.7	3.6	N	0.21	4.9	NE	32.9	37.9	37.9	38.3	753.1	0.00	0.0	47	0.07	47	0.0	0.00	0.0	0.000	0.010	35.6	43	21.1	39.9	7.75	 .0690	0.00	24	1	100.0	1
04/08/15	5:38 p	32.8	32.9	32.8	55	22.6	4.0	NE	0.24	4.9	NE	32.8	37.7	37.7	38.1	753.1	0.00	0.0	47	0.07	47	0.0	0.00	0.0	0.000	0.010	35.6	43	21.1	39.9	7.75	 .0690	0.00	23	1	100.0	1
04/08/15	5:39 p	32.8	32.8	32.8	55	22.6	7.2	ENE	0.43	9.4	NE	32.6	37.7	37.4	37.8	753.1	0.00	0.0	49	0.07	49	0.0	0.00	0.0	0.000	0.010	35.6	43	21.1	39.9	7.75	 .0690	0.00	24	1	100.0	1
04/08/15	5:40 p	32.7	32.8	32.7	56	22.8	7.6	ENE	0.46	10.3	ENE	32.4	37.8	37.4	37.8	753.1	0.00	0.0	49	0.07	49	0.0	0.00	0.0	0.000	0.010	35.6	43	21.1	39.9	7.75	 .0690	0.00	23	1	100.0	1
04/08/15	5:41 p	32.3	32.7	32.3	57	22.7	7.6	ENE	0.46	9.4	ENE	31.9	37.1	36.7	37.0	753.1	0.00	0.0	49	0.07	49	0.0	0.00	0.0	0.000	0.010	35.6	43	21.1	39.9	7.75	 .0690	0.00	23	1	100.0	1
04/08/15	5:42 p	31.9	32.3	31.9	58	22.6	5.8	NE	0.35	8.0	ENE	31.6	36.5	36.2	36.5	753.0	0.00	0.0	47	0.07	47	0.0	0.00	0.0	0.000	0.009	35.6	43	21.1	39.9	7.75	 .0690	0.00	24	1	100.0	1
04/08/15	5:43 p	31.7	31.9	31.7	59	22.7	5.8	ENE	0.35	7.2	NE	31.3	36.1	35.7	36.0	753.1	0.00	0.0	46	0.07	46	0.0	0.00	0.0	0.000	0.009	35.6	43	21.1	39.9	7.75	 .0690	0.00	23	1	100.0	1
04/08/15	5:44 p	31.4	31.6	31.4	60	22.7	5.8	NE	0.35	7.2	E	31.0	35.7	35.3	35.6	753.1	0.00	0.0	47	0.07	47	0.0	0.00	0.0	0.000	0.009	35.6	43	21.1	39.9	7.75	 .0690	0.00	24	1	100.0	1
04/08/15	5:45 p	31.3	31.4	31.3	60	22.6	6.3	NE	0.38	8.0	NE	30.7	35.3	34.8	35.1	753.2	0.00	0.0	47	0.07	47	0.0	0.00	0.0	0.000	0.009	35.6	43	21.1	39.9	7.75	 .0690	0.00	23	1	100.0	1
04/08/15	5:46 p	31.1	31.2	31.1	61	22.7	7.6	ENE	0.46	9.8	ENE	30.3	35.2	34.3	34.7	753.2	0.00	0.0	47	0.07	47	0.0	0.00	0.0	0.000	0.009	35.6	43	21.1	39.9	7.75	 .0690	0.00	23	1	100.0	1
04/08/15	5:47 p	30.9	31.1	30.9	62	22.8	6.7	NE	0.40	8.9	NE	30.2	35.1	34.4	34.8	753.2	0.00	0.0	47	0.07	47	0.0	0.00	0.0	0.000	0.009	35.5	43	21.0	39.8	7.75	 .0690	0.00	24	1	100.0	1
04/08/15	5:48 p	30.6	30.8	30.6	63	22.8	5.8	NE	0.35	8.0	ENE	29.9	34.9	34.3	34.7	753.3	0.00	0.0	49	0.07	49	0.0	0.00	0.0	0.000	0.009	35.5	44	21.4	40.2	7.93	 .0690	0.00	23	1	100.0	1
04/08/15	5:49 p	30.3	30.6	30.3	64	22.8	7.2	N	0.43	9.8	NE	29.3	34.6	33.6	34.1	753.2	0.00	0.0	53	0.08	53	0.0	0.00	0.0	0.000	0.008	35.4	44	21.3	40.0	7.93	 .0690	0.00	24	1	100.0	1
04/08/15	5:50 p	30.1	30.3	30.1	65	22.8	5.8	NE	0.35	8.5	NE	29.3	34.2	33.4	33.8	753.2	0.00	0.0	42	0.06	42	0.0	0.00	0.0	0.000	0.008	35.4	44	21.3	40.0	7.93	 .0690	0.00	23	1	100.0	1
04/08/15	5:51 p	29.8	30.0	29.8	66	22.8	6.3	NNE	0.38	8.5	NNE	28.9	33.9	33.0	33.3	753.3	0.00	0.0	39	0.06	39	0.0	0.00	0.0	0.000	0.008	35.4	44	21.3	40.0	7.93	 .0690	0.00	24	1	100.0	1
04/08/15	5:52 p	29.7	29.8	29.7	67	22.9	5.8	ENE	0.35	7.2	E	28.8	33.8	32.9	33.2	753.3	0.00	0.0	37	0.05	37	0.0	0.00	0.0	0.000	0.008	35.4	44	21.3	39.9	7.94	 .0691	0.00	23	1	100.0	1
04/08/15	5:53 p	29.6	29.7	29.6	68	23.0	8.0	ENE	0.48	10.7	NE	28.2	33.7	32.4	32.6	753.4	0.00	0.0	37	0.05	37	0.0	0.00	0.0	0.000	0.008	35.4	44	21.3	39.9	7.94	 .0691	0.00	23	1	100.0	1
04/08/15	5:54 p	29.3	29.5	29.3	68	22.8	6.3	NE	0.38	9.8	ENE	28.3	33.2	32.2	32.5	753.3	0.00	0.0	37	0.05	37	0.0	0.00	0.0	0.000	0.008	35.3	44	21.2	39.8	7.94	 .0691	0.00	24	1	100.0	1
04/08/15	5:55 p	29.2	29.3	29.2	69	22.9	6.7	ENE	0.40	8.0	NE	28.0	33.1	31.9	32.2	753.3	0.00	0.0	37	0.05	37	0.0	0.00	0.0	0.000	0.008	35.3	44	21.2	39.7	7.94	 .0691	0.00	23	1	100.0	1
04/08/15	5:56 p	29.1	29.1	29.1	69	22.8	4.9	ENE	0.30	6.7	ENE	28.3	32.9	32.2	32.4	753.4	0.00	0.0	37	0.05	37	0.0	0.00	0.0	0.000	0.007	35.3	44	21.2	39.7	7.94	 .0691	0.00	24	1	100.0	1
04/08/15	5:57 p	28.9	29.0	28.9	70	22.9	4.9	ENE	0.30	6.7	ENE	28.2	32.8	32.1	32.4	753.4	0.00	0.0	37	0.05	37	0.0	0.00	0.0	0.000	0.007	35.2	44	21.1	39.4	7.94	 .0691	0.00	23	1	100.0	1
04/08/15	5:58 p	28.9	28.9	28.9	70	22.9	3.6	NE	0.21	4.5	ENE	28.8	32.8	32.7	33.0	753.4	0.00	0.0	37	0.05	37	0.0	0.00	0.0	0.000	0.007	35.2	44	21.1	39.4	7.94	 .0691	0.00	24	1	100.0	1
04/08/15	5:59 p	28.9	28.9	28.9	70	22.9	5.8	E	0.35	7.2	ENE	27.9	32.7	31.7	32.0	753.4	0.00	0.0	37	0.05	37	0.0	0.00	0.0	0.000	0.007	35.1	44	21.0	39.3	7.95	 .0691	0.00	23	1	100.0	1
04/08/15	6:00 p	28.8	28.9	28.8	70	22.8	4.9	ENE	0.30	6.7	E	28.1	32.6	31.9	32.2	753.4	0.00	0.0	37	0.05	37	0.0	0.00	0.0	0.000	0.007	35.1	44	21.0	39.2	7.95	 .0692	0.18	23	1	100.0	1
04/08/15	6:01 p	28.8	28.8	28.8	70	22.8	5.4	ENE	0.32	6.7	E	27.9	32.4	31.6	31.8	753.4	0.00	0.0	37	0.05	37	0.0	0.00	0.0	0.000	0.007	35.1	44	21.0	39.2	7.95	 .0692	0.00	24	1	100.0	1
04/08/15	6:02 p	28.7	28.8	28.7	70	22.7	4.9	ENE	0.30	6.7	E	27.9	32.3	31.5	31.8	753.5	0.00	0.0	39	0.06	39	0.0	0.00	0.0	0.000	0.007	35.0	44	20.9	39.1	7.95	 .0692	0.00	23	1	100.0	1
04/08/15	6:03 p	28.7	28.7	28.7	71	22.9	5.4	ENE	0.32	6.7	ENE	27.7	32.4	31.4	31.8	753.5	0.00	0.0	40	0.06	40	0.0	0.00	0.0	0.000	0.007	35.0	44	20.9	39.1	7.95	 .0692	0.00	24	1	100.0	1
04/08/15	6:04 p	28.7	28.7	28.7	71	22.9	4.9	ENE	0.30	6.3	ENE	27.9	32.4	31.6	32.1	753.5	0.00	0.0	42	0.06	42	0.0	0.00	0.0	0.000	0.007	35.0	45	21.3	39.4	8.15	 .0692	0.00	23	1	100.0	1
04/08/15	6:05 p	28.6	28.7	28.6	71	22.8	5.4	NE	0.32	7.2	ENE	27.7	32.2	31.3	31.7	753.5	0.00	0.0	44	0.06	44	0.0	0.00	0.0	0.000	0.007	34.9	45	21.2	39.3	8.15	 .0692	0.00	23	1	100.0	1
04/08/15	6:06 p	28.6	28.6	28.6	71	22.8	5.4	ENE	0.32	6.7	ENE	27.7	32.2	31.3	31.8	753.6	0.00	0.0	47	0.07	47	0.0	0.00	0.0	0.000	0.007	34.9	45	21.2	39.3	8.15	 .0692	0.00	24	1	100.0	1
04/08/15	6:07 p	28.6	28.6	28.6	71	22.8	4.9	ENE	0.30	6.3	ENE	27.8	32.2	31.4	32.0	753.6	0.00	0.0	49	0.07	49	0.0	0.00	0.0	0.000	0.007	34.9	45	21.2	39.2	8.15	 .0692	0.00	23	1	100.0	1
04/08/15	6:08 p	28.7	28.7	28.6	71	22.9	3.1	NNE	0.19	5.4	N	28.7	32.4	32.4	33.1	753.6	0.00	0.0	49	0.07	49	0.0	0.00	0.0	0.000	0.007	34.9	45	21.2	39.2	8.15	 .0692	0.00	24	1	100.0	1
04/08/15	6:09 p	28.7	28.7	28.7	71	22.9	4.0	ENE	0.24	5.8	NE	28.3	32.4	32.0	32.6	753.6	0.00	0.0	49	0.07	49	0.0	0.00	0.0	0.000	0.007	34.8	45	21.1	39.1	8.15	 .0692	0.00	23	1	100.0	1
04/08/15	6:10 p	28.7	28.7	28.7	70	22.7	5.4	NE	0.32	7.2	NE	27.8	32.3	31.3	31.8	753.6	0.00	0.0	47	0.07	47	0.0	0.00	0.0	0.000	0.007	34.8	45	21.1	39.1	8.15	 .0692	0.00	23	1	100.0	1
04/08/15	6:11 p	28.8	28.8	28.7	69	22.5	4.9	NNE	0.30	6.7	NNE	28.1	32.3	31.6	32.0	753.6	0.00	0.0	44	0.06	44	0.0	0.00	0.0	0.000	0.007	34.8	45	21.1	38.9	8.15	 .0692	0.00	24	1	100.0	1
04/08/15	6:12 p	28.8	28.8	28.8	69	22.6	5.4	ENE	0.32	6.7	ENE	27.9	32.4	31.5	31.9	753.6	0.00	0.0	41	0.06	42	0.0	0.00	0.0	0.000	0.007	34.8	45	21.1	38.9	8.15	 .0692	0.00	23	1	100.0	1
04/08/15	6:13 p	28.9	28.9	28.8	69	22.6	5.8	ENE	0.35	8.0	ENE	27.9	32.6	31.6	31.9	753.7	0.00	0.0	42	0.06	42	0.0	0.00	0.0	0.000	0.007	34.8	45	21.1	38.9	8.15	 .0692	0.00	24	1	100.0	1
04/08/15	6:14 p	28.9	28.9	28.9	69	22.6	6.3	ENE	0.38	8.9	E	27.8	32.6	31.4	31.8	753.7	0.00	0.0	42	0.06	42	0.0	0.00	0.0	0.000	0.007	34.7	45	21.0	38.8	8.15	 .0693	0.00	23	1	100.0	1
04/08/15	6:15 p	28.9	28.9	28.9	69	22.7	5.4	NE	0.32	6.3	ESE	28.1	32.7	31.8	32.2	753.7	0.00	0.0	42	0.06	42	0.0	0.00	0.0	0.000	0.007	34.7	45	21.0	38.8	8.15	 .0693	0.00	24	1	100.0	1
04/08/15	6:16 p	28.9	28.9	28.9	68	22.4	5.4	NNE	0.32	6.7	NNE	28.1	32.4	31.6	31.9	753.7	0.00	0.0	40	0.06	40	0.0	0.00	0.0	0.000	0.007	34.7	45	21.0	38.7	8.15	 .0693	0.00	23	1	100.0	1
04/08/15	6:17 p	28.9	28.9	28.9	68	22.4	4.9	NE	0.30	6.7	NE	28.2	32.4	31.7	32.2	753.7	0.00	0.0	40	0.06	40	0.0	0.00	0.0	0.000	0.007	34.7	45	21.0	38.7	8.15	 .0693	0.00	23	1	100.0	1
04/08/15	6:18 p	28.9	28.9	28.9	68	22.4	6.7	NE	0.40	8.9	ENE	27.7	32.3	31.1	31.5	753.7	0.00	0.0	40	0.06	40	0.0	0.00	0.0	0.000	0.007	34.6	45	20.9	38.6	8.15	 .0693	0.00	24	1	100.0	1
04/08/15	6:19 p	28.8	28.9	28.8	69	22.6	4.9	NE	0.30	6.3	NE	28.1	32.4	31.7	32.1	753.7	0.00	0.0	39	0.06	39	0.0	0.00	0.0	0.000	0.007	34.6	45	20.9	38.6	8.15	 .0693	0.00	23	1	100.0	1
04/08/15	6:20 p	28.8	28.8	28.8	69	22.5	6.3	NE	0.38	8.5	NE	27.7	32.3	31.2	31.5	753.7	0.00	0.0	39	0.06	39	0.0	0.00	0.0	0.000	0.007	34.6	45	20.9	38.6	8.15	 .0693	0.00	24	1	100.0	1
04/08/15	6:21 p	28.8	28.8	28.8	70	22.8	4.9	NE	0.30	6.7	NE	28.1	32.4	31.7	32.1	753.7	0.00	0.0	37	0.05	37	0.0	0.00	0.0	0.000	0.007	34.6	45	20.9	38.4	8.15	 .0693	0.00	23	1	100.0	1
04/08/15	6:22 p	28.7	28.8	28.7	70	22.7	4.5	ENE	0.27	5.8	NE	28.1	32.3	31.7	31.9	753.8	0.00	0.0	33	0.05	33	0.0	0.00	0.0	0.000	0.007	34.6	45	20.9	38.4	8.15	 .0693	0.00	24	1	100.0	1
04/08/15	6:23 p	28.7	28.7	28.7	70	22.7	4.5	NE	0.27	6.7	NE	28.1	32.3	31.7	31.9	753.8	0.00	0.0	32	0.05	32	0.0	0.00	0.0	0.000	0.007	34.5	45	20.8	38.3	8.15	 .0693	0.00	23	1	100.0	1
04/08/15	6:24 p	28.7	28.7	28.7	70	22.7	5.4	NE	0.32	6.7	ENE	27.7	32.2	31.2	31.3	753.8	0.00	0.0	27	0.04	28	0.0	0.00	0.0	0.000	0.007	34.5	45	20.8	38.3	8.15	 .0693	0.00	23	1	100.0	1
04/08/15	6:25 p	28.6	28.7	28.6	71	22.8	4.0	NNE	0.24	5.8	NNE	28.2	32.2	31.8	31.9	753.8	0.00	0.0	23	0.03	23	0.0	0.00	0.0	0.000	0.007	34.4	45	20.8	38.2	8.15	 .0694	0.00	24	1	100.0	1
04/08/15	6:26 p	28.6	28.6	28.6	71	22.8	4.9	ENE	0.30	6.3	ENE	27.8	32.2	31.4	31.5	753.8	0.00	0.0	21	0.03	21	0.0	0.00	0.0	0.000	0.007	34.4	45	20.7	38.1	8.15	 .0694	0.00	23	1	100.0	1
04/08/15	6:27 p	28.6	28.6	28.6	71	22.8	6.3	ENE	0.38	9.8	ENE	27.4	32.1	30.9	30.9	753.9	0.00	0.0	19	0.03	19	0.0	0.00	0.0	0.000	0.007	34.4	45	20.7	38.1	8.15	 .0694	0.00	24	1	100.0	1
04/08/15	6:28 p	28.6	28.6	28.6	71	22.8	6.7	NE	0.40	8.0	ENE	27.3	32.1	30.8	30.7	753.9	0.00	0.0	16	0.02	16	0.0	0.00	0.0	0.000	0.007	34.3	45	20.7	38.0	8.15	 .0694	0.00	23	1	100.0	1
04/08/15	6:29 p	28.5	28.6	28.5	71	22.7	4.9	NE	0.30	7.2	ENE	27.7	31.9	31.2	31.0	753.9	0.00	0.0	14	0.02	14	0.0	0.00	0.0	0.000	0.007	34.3	45	20.7	38.0	8.15	 .0694	0.00	23	1	100.0	1
04/08/15	6:30 p	28.4	28.5	28.4	72	22.9	5.4	ENE	0.32	6.3	ENE	27.4	32.0	31.0	30.9	754.0	0.00	0.0	13	0.02	14	0.0	0.00	0.0	0.000	0.007	34.3	45	20.7	38.0	8.15	 .0694	0.00	24	1	100.0	1
04/08/15	6:31 p	28.4	28.4	28.4	72	22.9	4.0	NE	0.24	5.8	NE	28.0	32.0	31.6	31.3	754.0	0.00	0.0	11	0.02	11	0.0	0.00	0.0	0.000	0.007	34.3	45	20.6	37.9	8.15	 .0694	0.00	23	1	100.0	1
04/08/15	6:32 p	28.4	28.4	28.4	72	22.9	3.1	N	0.19	4.9	N	28.4	32.0	32.0	31.7	754.1	0.00	0.0	9	0.01	9	0.0	0.00	0.0	0.000	0.007	34.3	45	20.6	37.9	8.15	 .0694	0.00	24	1	100.0	1
04/08/15	6:33 p	28.4	28.4	28.4	72	22.9	4.5	NE	0.27	6.3	NE	27.8	32.0	31.3	31.1	754.2	0.00	0.0	9	0.01	9	0.0	0.00	0.0	0.000	0.007	34.2	45	20.6	37.8	8.15	 .0695	0.00	23	1	100.0	1
04/08/15	6:34 p	28.4	28.4	28.4	72	22.9	4.9	NNE	0.30	6.7	ENE	27.6	32.0	31.2	30.9	754.2	0.00	0.0	7	0.01	7	0.0	0.00	0.0	0.000	0.007	34.2	46	20.9	38.1	8.28	 .0694	0.00	23	1	100.0	1
04/08/15	6:35 p	28.4	28.4	28.4	72	22.9	4.0	NE	0.24	6.3	NE	27.9	31.8	31.4	31.1	754.2	0.00	0.0	6	0.01	7	0.0	0.00	0.0	0.000	0.007	34.2	46	20.9	37.9	8.28	 .0695	0.00	24	1	100.0	1
04/08/15	6:36 p	28.4	28.4	28.4	72	22.9	4.0	NE	0.24	5.4	NE	27.9	31.8	31.4	31.1	754.3	0.00	0.0	5	0.01	5	0.0	0.00	0.0	0.000	0.007	34.2	46	20.9	37.9	8.28	 .0695	0.00	23	1	100.0	1
04/08/15	6:37 p	28.4	28.4	28.4	72	22.9	3.1	NE	0.19	4.0	ENE	28.4	31.8	31.8	31.3	754.3	0.00	0.0	0	0.00	0	0.0	0.00	0.0	0.000	0.007	34.2	46	20.9	37.9	8.28	 .0695	0.00	24	1	100.0	1
04/08/15	6:38 p	28.4	28.4	28.4	72	22.9	4.0	NNE	0.24	5.8	NE	28.0	32.0	31.6	31.1	754.3	0.00	0.0	0	0.00	0	0.0	0.00	0.0	0.000	0.007	34.1	46	20.8	37.8	8.28	 .0695	0.00	23	1	100.0	1
04/08/15	6:39 p	28.4	28.4	28.4	72	22.9	4.0	NNE	0.24	5.4	NE	27.9	31.8	31.4	30.9	754.3	0.00	0.0	0	0.00	0	0.0	0.00	0.0	0.000	0.007	34.1	46	20.8	37.8	8.28	 .0695	0.00	24	1	100.0	1
04/08/15	6:40 p	28.4	28.4	28.4	73	23.1	4.5	NNE	0.27	5.4	NNE	27.7	32.1	31.4	30.9	754.3	0.00	0.0	0	0.00	0	0.0	0.00	0.0	0.000	0.007	34.1	46	20.8	37.8	8.28	 .0695	0.00	23	1	100.0	1
04/08/15	6:41 p	28.4	28.4	28.4	73	23.1	5.4	N	0.32	6.3	NNW	27.4	32.1	31.1	30.6	754.3	0.00	0.0	0	0.00	0	0.0	0.00	0.0	0.000	0.007	34.1	46	20.8	37.8	8.28	 .0695	0.00	23	1	100.0	1
04/08/15	6:42 p	28.3	28.3	28.3	74	23.2	5.8	NNE	0.35	8.0	N	27.2	31.9	30.8	30.4	754.3	0.00	0.0	0	0.00	0	0.0	0.00	0.0	0.000	0.007	34.1	46	20.8	37.8	8.28	 .0695	0.00	24	1	100.0	1
04/08/15	6:43 p	28.2	28.3	28.2	74	23.1	5.4	NE	0.32	6.3	NNW	27.2	31.7	30.7	30.2	754.4	0.00	0.0	0	0.00	0	0.0	0.00	0.0	0.000	0.007	34.1	46	20.8	37.8	8.28	 .0695	0.00	23	1	100.0	1
04/08/15	6:44 p	28.1	28.2	28.1	74	23.0	5.4	NNE	0.32	6.7	NNE	27.1	31.4	30.4	29.9	754.4	0.00	0.0	0	0.00	0	0.0	0.00	0.0	0.000	0.007	34.1	46	20.8	37.7	8.28	 .0695	0.00	24	1	100.0	1
04/08/15	6:45 p	27.9	28.1	27.9	75	23.1	5.4	NNE	0.32	5.8	NE	26.9	31.3	30.2	29.8	754.4	0.00	0.0	0	0.00	0	0.0	0.00	0.0	0.000	0.007	34.1	46	20.8	37.7	8.28	 .0695	0.00	23	1	100.0	1
04/08/15	6:46 p	27.9	27.9	27.9	76	23.3	4.0	NNE	0.24	5.8	NNE	27.4	31.3	30.8	30.3	754.5	0.00	0.0	0	0.00	0	0.0	0.00	0.0	0.000	0.007	34.1	46	20.8	37.7	8.28	 .0695	0.00	23	1	100.0	1
04/08/15	6:47 p	27.9	27.9	27.9	76	23.3	4.0	ENE	0.24	4.9	ENE	27.4	31.3	30.8	30.2	754.5	0.00	0.0	0	0.00	0	0.0	0.00	0.0	0.000	0.007	34.1	46	20.8	37.7	8.28	 .0695	0.00	24	1	100.0	1
04/08/15	6:48 p	27.9	27.9	27.9	76	23.3	5.8	NE	0.35	7.2	NE	26.7	31.3	30.1	29.5	754.5	0.00	0.0	0	0.00	0	0.0	0.00	0.0	0.000	0.007	34.1	46	20.8	37.7	8.28	 .0695	0.00	23	1	100.0	1
04/08/15	6:49 p	27.8	27.8	27.8	76	23.2	4.5	N	0.27	6.3	NNE	27.1	31.1	30.3	29.7	754.5	0.00	0.0	0	0.00	0	0.0	0.00	0.0	0.000	0.007	34.1	46	20.8	37.7	8.28	 .0695	0.00	24	1	100.0	1
04/08/15	6:50 p	27.8	27.8	27.8	76	23.2	3.1	NNE	0.19	4.9	NNE	27.8	31.1	31.1	30.4	754.5	0.00	0.0	0	0.00	0	0.0	0.00	0.0	0.000	0.007	34.1	46	20.8	37.7	8.28	 .0695	0.00	23	1	100.0	1
04/08/15	6:51 p	27.8	27.8	27.8	76	23.2	4.9	NNE	0.30	6.7	NNE	26.9	31.1	30.2	29.6	754.5	0.00	0.0	0	0.00	0	0.0	0.00	0.0	0.000	0.007	34.1	46	20.8	37.7	8.28	 .0695	0.00	23	1	100.0	1
04/08/15	6:52 p	27.8	27.8	27.8	77	23.4	4.9	NNE	0.30	5.4	NE	26.8	31.2	30.2	29.7	754.4	0.00	0.0	0	0.00	0	0.0	0.00	0.0	0.000	0.007	34.1	46	20.8	37.7	8.28	 .0695	0.00	24	1	100.0	1
04/08/15	6:53 p	27.8	27.8	27.8	77	23.4	3.6	NNE	0.21	5.8	NNE	27.6	31.2	31.0	30.4	754.4	0.00	0.0	0	0.00	0	0.0	0.00	0.0	0.000	0.007	34.1	46	20.8	37.7	8.28	 .0695	0.00	23	1	100.0	1
04/08/15	6:54 p	27.7	27.8	27.7	77	23.3	3.1	N	0.19	4.5	N	27.7	31.0	31.0	30.3	754.4	0.00	0.0	0	0.00	0	0.0	0.00	0.0	0.000	0.007	34.0	47	21.1	37.9	8.45	 .0695	0.00	24	1	100.0	1
04/08/15	6:55 p	27.7	27.7	27.7	77	23.3	3.1	N	0.19	4.0	N	27.7	31.0	31.0	30.3	754.4	0.00	0.0	0	0.00	0	0.0	0.00	0.0	0.000	0.007	34.1	47	21.1	38.0	8.45	 .0695	0.00	23	1	100.0	1
04/08/15	6:56 p	27.7	27.7	27.7	78	23.5	3.6	NNE	0.21	4.9	N	27.5	31.1	30.9	30.3	754.4	0.00	0.0	0	0.00	0	0.0	0.00	0.0	0.000	0.006	34.1	47	21.1	38.0	8.45	 .0695	0.00	24	1	100.0	1
04/08/15	6:57 p	27.7	27.7	27.7	77	23.3	4.5	NNE	0.27	5.4	NNE	26.9	30.9	30.1	29.5	754.4	0.00	0.0	0	0.00	0	0.0	0.00	0.0	0.000	0.006	34.1	47	21.1	38.0	8.45	 .0695	0.00	23	1	100.0	1
04/08/15	6:58 p	27.6	27.6	27.6	78	23.4	4.0	NE	0.24	4.9	N	27.1	30.9	30.4	29.8	754.4	0.00	0.0	0	0.00	0	0.0	0.00	0.0	0.000	0.006	34.1	47	21.1	38.0	8.45	 .0695	0.00	23	1	100.0	1
04/08/15	6:59 p	27.6	27.6	27.6	78	23.4	4.9	N	0.30	5.4	ENE	26.6	30.8	29.8	29.3	754.4	0.00	0.0	0	0.00	0	0.0	0.00	0.0	0.000	0.006	34.0	47	21.1	37.9	8.45	 .0695	0.00	24	1	100.0	1
04/08/15	7:00 p	27.5	27.6	27.5	75	22.7	5.4	NNE	0.32	6.7	NE	26.4	30.2	29.1	28.5	754.4	0.00	0.0	0	0.00	0	0.0	0.00	0.0	0.000	0.006	34.0	47	21.1	37.9	8.45	 .0695	0.10	23	1	100.0	1
04/08/15	7:01 p	27.4	27.4	27.4	75	22.6	5.4	N	0.32	7.2	N	26.3	30.1	29.0	28.4	754.4	0.00	0.0	0	0.00	0	0.0	0.00	0.0	0.000	0.006	34.0	47	21.1	37.9	8.45	 .0695	0.00	24	1	100.0	1
04/08/15	7:02 p	27.4	27.4	27.4	75	22.6	4.5	N	0.27	5.8	ENE	26.6	30.0	29.2	28.6	754.4	0.00	0.0	0	0.00	0	0.0	0.00	0.0	0.000	0.006	34.0	47	21.1	37.9	8.45	 .0695	0.00	23	1	100.0	1
04/08/15	7:03 p	27.4	27.4	27.4	75	22.6	4.5	NNE	0.27	5.4	NNE	26.6	30.0	29.2	28.6	754.4	0.00	0.0	0	0.00	0	0.0	0.00	0.0	0.000	0.006	34.0	47	21.1	37.9	8.45	 .0695	0.00	23	1	100.0	1
04/08/15	7:04 p	27.3	27.4	27.3	75	22.5	4.0	NNE	0.24	4.9	NNE	26.8	29.9	29.3	28.7	754.4	0.00	0.0	0	0.00	0	0.0	0.00	0.0	0.000	0.006	34.0	46	20.7	37.6	8.29	 .0695	0.00	24	1	100.0	1
04/08/15	7:05 p	27.3	27.3	27.3	75	22.5	3.1	NNE	0.19	4.5	NNE	27.3	29.9	29.9	29.2	754.4	0.00	0.0	0	0.00	0	0.0	0.00	0.0	0.000	0.006	34.0	46	20.7	37.6	8.29	 .0695	0.00	23	1	100.0	1
04/08/15	7:06 p	27.3	27.3	27.3	75	22.5	4.0	NNW	0.24	5.4	NNW	26.8	29.9	29.3	28.7	754.4	0.00	0.0	0	0.00	0	0.0	0.00	0.0	0.000	0.006	33.9	46	20.7	37.5	8.29	 .0695	0.00	24	1	100.0	1
04/08/15	7:07 p	27.3	27.3	27.3	76	22.7	3.6	NNE	0.21	4.9	NNE	27.1	29.9	29.7	29.0	754.4	0.00	0.0	0	0.00	0	0.0	0.00	0.0	0.000	0.006	33.9	46	20.7	37.5	8.29	 .0695	0.00	23	1	100.0	1
04/08/15	7:08 p	27.3	27.3	27.3	76	22.7	3.6	NNW	0.21	4.9	NNW	27.1	29.9	29.7	29.0	754.4	0.00	0.0	0	0.00	0	0.0	0.00	0.0	0.000	0.006	33.9	46	20.7	37.5	8.29	 .0695	0.00	24	1	100.0	1
04/08/15	7:09 p	27.3	27.3	27.3	76	22.7	3.6	N	0.21	4.9	NW	27.1	29.9	29.7	29.0	754.5	0.00	0.0	0	0.00	0	0.0	0.00	0.0	0.000	0.006	33.9	46	20.7	37.5	8.29	 .0695	0.00	23	1	100.0	1
04/08/15	7:10 p	27.2	27.3	27.2	76	22.6	3.6	N	0.21	4.5	NNW	27.0	29.8	29.6	28.9	754.5	0.00	0.0	0	0.00	0	0.0	0.00	0.0	0.000	0.006	33.9	46	20.7	37.5	8.29	 .0695	0.00	23	1	100.0	1
04/08/15	7:11 p	27.2	27.2	27.2	76	22.6	4.0	NNW	0.24	4.9	NE	26.7	29.8	29.2	28.6	754.5	0.00	0.0	0	0.00	0	0.0	0.00	0.0	0.000	0.006	33.9	46	20.7	37.5	8.29	 .0695	0.00	24	1	100.0	1
04/08/15	7:12 p	27.2	27.2	27.2	76	22.6	3.6	NNW	0.21	4.0	NW	26.9	29.7	29.4	28.8	754.5	0.00	0.0	0	0.00	0	0.0	0.00	0.0	0.000	0.006	33.9	46	20.7	37.5	8.29	 .0695	0.00	23	1	100.0	1
04/08/15	7:13 p	27.2	27.2	27.2	77	22.8	3.6	NNW	0.21	4.9	NNW	26.9	29.8	29.6	29.0	754.5	0.00	0.0	0	0.00	0	0.0	0.00	0.0	0.000	0.006	33.9	46	20.7	37.5	8.29	 .0695	0.00	24	1	100.0	1
04/08/15	7:14 p	27.2	27.2	27.2	77	22.8	2.7	NNW	0.16	3.6	NNE	27.2	29.8	29.8	29.2	754.5	0.00	0.0	0	0.00	0	0.0	0.00	0.0	0.000	0.006	33.9	46	20.6	37.4	8.29	 .0696	0.00	23	1	100.0	1
04/08/15	7:15 p	27.1	27.1	27.1	77	22.7	3.1	NNW	0.19	3.6	NNW	27.1	29.7	29.7	29.0	754.4	0.00	0.0	0	0.00	0	0.0	0.00	0.0	0.000	0.006	33.9	46	20.6	37.4	8.29	 .0696	0.00	23	1	100.0	1
04/08/15	7:16 p	27.1	27.1	27.1	77	22.7	3.6	N	0.21	4.9	N	26.9	29.7	29.5	28.8	754.4	0.00	0.0	0	0.00	0	0.0	0.00	0.0	0.000	0.006	33.9	46	20.6	37.4	8.29	 .0696	0.00	24	1	100.0	1
04/08/15	7:17 p	27.1	27.1	27.1	77	22.7	3.6	NNE	0.21	4.0	NNW	26.9	29.7	29.5	28.8	754.4	0.00	0.0	0	0.00	0	0.0	0.00	0.0	0.000	0.006	33.9	47	21.0	37.7	8.45	 .0695	0.00	23	1	100.0	1
04/08/15	7:18 p	27.1	27.1	27.1	77	22.7	3.6	N	0.21	4.5	N	26.8	29.6	29.4	28.7	754.4	0.00	0.0	0	0.00	0	0.0	0.00	0.0	0.000	0.006	33.9	47	21.0	37.7	8.45	 .0695	0.00	24	1	100.0	1
04/08/15	7:19 p	27.1	27.1	27.1	77	22.7	3.1	N	0.19	4.0	N	27.1	29.6	29.6	28.9	754.5	0.00	0.0	0	0.00	0	0.0	0.00	0.0	0.000	0.006	33.9	47	21.0	37.7	8.45	 .0695	0.00	23	1	100.0	1
04/08/15	7:20 p	27.0	27.1	27.0	77	22.6	3.6	NNW	0.21	4.5	NNW	26.8	29.5	29.3	28.6	754.5	0.00	0.0	0	0.00	0	0.0	0.00	0.0	0.000	0.006	33.8	47	20.9	37.6	8.45	 .0695	0.00	24	1	100.0	1
04/08/15	7:21 p	27.0	27.0	27.0	77	22.6	3.6	NNW	0.21	4.5	NNW	26.8	29.5	29.3	28.6	754.5	0.00	0.0	0	0.00	0	0.0	0.00	0.0	0.000	0.006	33.8	47	20.9	37.6	8.45	 .0695	0.00	23	1	100.0	1
04/08/15	7:22 p	27.0	27.0	27.0	77	22.6	4.5	N	0.27	5.8	NNE	26.2	29.5	28.7	28.1	754.5	0.00	0.0	0	0.00	0	0.0	0.00	0.0	0.000	0.006	33.8	47	20.9	37.6	8.45	 .0696	0.00	23	1	100.0	1
04/08/15	7:23 p	27.0	27.0	26.9	77	22.6	3.1	N	0.19	4.0	NW	27.0	29.5	29.5	28.8	754.6	0.00	0.0	0	0.00	0	0.0	0.00	0.0	0.000	0.006	33.8	47	20.9	37.6	8.45	 .0696	0.00	24	1	100.0	1
04/08/15	7:24 p	26.9	27.0	26.9	78	22.8	3.6	NNE	0.21	4.5	NE	26.7	29.5	29.3	28.7	754.6	0.00	0.0	0	0.00	0	0.0	0.00	0.0	0.000	0.006	33.8	47	20.9	37.6	8.45	 .0696	0.00	23	1	100.0	1
04/08/15	7:25 p	26.9	27.0	26.9	78	22.8	3.1	NNE	0.19	4.0	NE	26.9	29.5	29.5	28.8	754.6	0.00	0.0	0	0.00	0	0.0	0.00	0.0	0.000	0.006	33.8	47	20.9	37.6	8.45	 .0696	0.00	24	1	100.0	1
04/08/15	7:26 p	26.9	27.0	26.9	78	22.8	3.1	N	0.19	4.5	NNW	26.9	29.5	29.5	28.8	754.6	0.00	0.0	0	0.00	0	0.0	0.00	0.0	0.000	0.006	33.8	47	20.9	37.6	8.45	 .0696	0.00	23	1	100.0	1
04/08/15	7:27 p	26.9	26.9	26.9	78	22.8	4.0	NNE	0.24	4.9	NW	26.4	29.5	28.9	28.3	754.6	0.00	0.0	0	0.00	0	0.0	0.00	0.0	0.000	0.006	33.8	47	20.9	37.6	8.45	 .0696	0.00	23	1	100.0	1
04/08/15	7:28 p	26.9	26.9	26.9	78	22.8	4.5	N	0.27	4.9	NE	26.1	29.5	28.7	28.1	754.6	0.00	0.0	0	0.00	0	0.0	0.00	0.0	0.000	0.006	33.8	47	20.9	37.6	8.45	 .0696	0.00	24	1	100.0	1
04/08/15	7:29 p	26.9	26.9	26.9	78	22.8	4.5	N	0.27	5.4	NNE	26.1	29.5	28.7	28.1	754.7	0.00	0.0	0	0.00	0	0.0	0.00	0.0	0.000	0.006	33.8	47	20.9	37.6	8.45	 .0696	0.00	23	1	100.0	1
04/08/15	7:30 p	26.9	26.9	26.9	78	22.7	4.9	NNE	0.30	6.3	N	25.8	29.4	28.3	27.7	754.7	0.00	0.0	0	0.00	0	0.0	0.00	0.0	0.000	0.006	33.8	47	20.9	37.6	8.45	 .0696	0.00	24	1	100.0	1
04/08/15	7:31 p	26.8	26.9	26.8	79	22.9	4.0	N	0.24	4.5	N	26.2	29.4	28.8	28.2	754.7	0.00	0.0	0	0.00	0	0.0	0.00	0.0	0.000	0.006	33.8	47	20.9	37.4	8.45	 .0696	0.00	23	1	100.0	1
04/08/15	7:32 p	26.8	26.8	26.8	79	22.9	3.1	NNE	0.19	4.0	NE	26.8	29.4	29.4	28.7	754.7	0.00	0.0	0	0.00	0	0.0	0.00	0.0	0.000	0.006	33.8	47	20.9	37.6	8.45	 .0696	0.00	24	1	100.0	1
04/08/15	7:33 p	26.8	26.8	26.8	79	22.8	3.1	N	0.19	3.6	NNE	26.8	29.3	29.3	28.6	754.7	0.00	0.0	0	0.00	0	0.0	0.00	0.0	0.000	0.006	33.8	47	20.9	37.4	8.45	 .0696	0.00	23	1	100.0	1
04/08/15	7:34 p	26.8	26.8	26.8	79	22.8	3.1	NE	0.19	4.5	NE	26.8	29.3	29.3	28.6	754.7	0.00	0.0	0	0.00	0	0.0	0.00	0.0	0.000	0.006	33.8	47	20.9	37.4	8.45	 .0696	0.00	23	1	100.0	1
04/08/15	7:35 p	26.8	26.8	26.8	78	22.6	4.0	N	0.24	5.8	N	26.2	29.2	28.6	27.9	754.7	0.00	0.0	0	0.00	0	0.0	0.00	0.0	0.000	0.006	33.8	47	20.9	37.4	8.45	 .0696	0.00	24	1	100.0	1
04/08/15	7:36 p	26.7	26.8	26.7	78	22.6	4.5	N	0.27	5.4	N	25.8	29.1	28.2	27.6	754.7	0.00	0.0	0	0.00	0	0.0	0.00	0.0	0.000	0.006	33.8	47	20.9	37.4	8.45	 .0696	0.00	23	1	100.0	1
04/08/15	7:37 p	26.7	26.7	26.7	79	22.8	3.6	N	0.21	4.9	NNW	26.5	29.2	28.9	28.3	754.7	0.00	0.0	0	0.00	0	0.0	0.00	0.0	0.000	0.006	33.8	47	20.9	37.4	8.45	 .0696	0.00	24	1	100.0	1
04/08/15	7:38 p	26.7	26.7	26.7	79	22.7	2.7	N	0.16	3.6	N	26.7	29.1	29.1	28.3	754.7	0.00	0.0	0	0.00	0	0.0	0.00	0.0	0.000	0.006	33.8	47	20.9	37.4	8.45	 .0696	0.00	23	1	100.0	1
04/08/15	7:39 p	26.7	26.7	26.7	79	22.7	3.6	NE	0.21	4.9	ENE	26.4	29.1	28.8	28.2	754.8	0.00	0.0	0	0.00	0	0.0	0.00	0.0	0.000	0.006	33.8	47	20.9	37.4	8.45	 .0696	0.00	23	1	100.0	1
04/08/15	7:40 p	26.7	26.7	26.7	79	22.7	4.0	E	0.24	5.4	E	26.1	29.1	28.4	27.8	754.8	0.00	0.0	0	0.00	0	0.0	0.00	0.0	0.000	0.006	33.8	47	20.9	37.4	8.45	 .0696	0.00	24	1	100.0	1
04/08/15	7:41 p	26.7	26.7	26.7	79	22.7	3.1	ENE	0.19	4.0	E	26.7	29.1	29.1	28.3	754.8	0.00	0.0	0	0.00	0	0.0	0.00	0.0	0.000	0.006	33.7	47	20.8	37.3	8.45	 .0696	0.00	23	1	100.0	1
04/08/15	7:42 p	26.7	26.7	26.7	79	22.7	3.1	N	0.19	4.0	ENE	26.7	29.1	29.1	28.3	754.8	0.00	0.0	0	0.00	0	0.0	0.00	0.0	0.000	0.006	33.7	47	20.8	37.3	8.45	 .0696	0.00	24	1	100.0	1
04/08/15	7:43 p	26.7	26.7	26.7	78	22.5	4.0	NE	0.24	4.5	NE	26.1	28.9	28.3	27.7	754.8	0.00	0.0	0	0.00	0	0.0	0.00	0.0	0.000	0.006	33.7	47	20.8	37.3	8.45	 .0696	0.00	23	1	100.0	1
04/08/15	7:44 p	26.7	26.7	26.7	78	22.5	3.6	NNE	0.21	4.5	NE	26.4	28.9	28.7	28.1	754.8	0.00	0.0	0	0.00	0	0.0	0.00	0.0	0.000	0.006	33.7	47	20.8	37.3	8.45	 .0696	0.00	23	1	100.0	1
04/08/15	7:45 p	26.6	26.7	26.6	78	22.5	3.6	NE	0.21	4.9	NE	26.4	28.9	28.7	28.0	754.8	0.00	0.0	0	0.00	0	0.0	0.00	0.0	0.000	0.006	33.7	47	20.8	37.3	8.45	 .0696	0.00	24	1	100.0	1
04/08/15	7:46 p	26.6	26.7	26.6	78	22.5	4.5	NE	0.27	5.8	NNE	25.7	28.9	28.0	27.4	754.8	0.00	0.0	0	0.00	0	0.0	0.00	0.0	0.000	0.006	33.7	47	20.8	37.3	8.45	 .0696	0.00	23	1	100.0	1
04/08/15	7:47 p	26.6	26.6	26.6	78	22.4	3.6	NE	0.21	4.9	NE	26.3	28.8	28.6	27.9	754.8	0.00	0.0	0	0.00	0	0.0	0.00	0.0	0.000	0.006	33.7	47	20.8	37.3	8.45	 .0696	0.00	24	1	100.0	1
04/08/15	7:48 p	26.6	26.6	26.6	79	22.6	3.1	NNE	0.19	4.0	N	26.6	28.9	28.9	28.2	754.9	0.00	0.0	0	0.00	0	0.0	0.00	0.0	0.000	0.006	33.7	47	20.8	37.3	8.45	 .0696	0.00	23	1	100.0	1
04/08/15	7:49 p	26.6	26.6	26.6	79	22.6	3.1	N	0.19	4.5	NNE	26.6	28.9	28.9	28.2	754.9	0.00	0.0	0	0.00	0	0.0	0.00	0.0	0.000	0.006	33.7	47	20.8	37.3	8.45	 .0696	0.00	24	1	100.0	1
04/08/15	7:50 p	26.6	26.6	26.5	79	22.6	4.0	N	0.24	4.5	N	25.9	28.9	28.3	27.6	754.9	0.00	0.0	0	0.00	0	0.0	0.00	0.0	0.000	0.006	33.7	47	20.8	37.3	8.45	 .0696	0.00	23	1	100.0	1
04/08/15	7:51 p	26.5	26.5	26.5	79	22.6	3.6	NE	0.21	4.5	NE	26.3	28.8	28.6	27.9	754.9	0.00	0.0	0	0.00	0	0.0	0.00	0.0	0.000	0.006	33.7	47	20.8	37.3	8.45	 .0696	0.00	23	1	100.0	1
04/08/15	7:52 p	26.5	26.5	26.5	79	22.6	3.1	N	0.19	4.0	N	26.5	28.8	28.8	28.1	754.9	0.00	0.0	0	0.00	0	0.0	0.00	0.0	0.000	0.006	33.7	47	20.8	37.3	8.45	 .0696	0.00	24	1	100.0	1
04/08/15	7:53 p	26.5	26.5	26.5	79	22.6	4.0	NNE	0.24	5.8	NNE	25.9	28.8	28.2	27.5	754.9	0.00	0.0	0	0.00	0	0.0	0.00	0.0	0.000	0.006	33.7	47	20.8	37.3	8.45	 .0696	0.00	23	1	100.0	1
04/08/15	7:54 p	26.4	26.5	26.4	79	22.5	3.6	NNE	0.21	4.0	NE	26.2	28.7	28.4	27.8	754.9	0.00	0.0	0	0.00	0	0.0	0.00	0.0	0.000	0.006	33.7	47	20.8	37.3	8.45	 .0696	0.00	24	1	100.0	1
04/08/15	7:55 p	26.4	26.4	26.4	79	22.5	4.0	NE	0.24	4.9	NE	25.8	28.7	28.1	27.4	754.9	0.00	0.0	0	0.00	0	0.0	0.00	0.0	0.000	0.006	33.7	47	20.8	37.2	8.45	 .0696	0.00	23	1	100.0	1
04/08/15	7:56 p	26.4	26.4	26.4	79	22.5	3.6	NE	0.21	4.9	N	26.2	28.7	28.4	27.8	754.9	0.00	0.0	0	0.00	0	0.0	0.00	0.0	0.000	0.006	33.7	47	20.8	37.2	8.45	 .0696	0.00	23	1	100.0	1
04/08/15	7:57 p	26.4	26.4	26.4	80	22.7	3.6	N	0.21	4.5	NNE	26.2	28.7	28.5	27.8	754.9	0.00	0.0	0	0.00	0	0.0	0.00	0.0	0.000	0.006	33.7	47	20.8	37.2	8.45	 .0696	0.00	24	1	100.0	1
04/08/15	7:58 p	26.4	26.4	26.4	80	22.7	3.1	N	0.19	4.5	NE	26.4	28.7	28.7	28.0	754.9	0.00	0.0	0	0.00	0	0.0	0.00	0.0	0.000	0.006	33.7	47	20.8	37.2	8.45	 .0696	0.00	23	1	100.0	1
04/08/15	7:59 p	26.4	26.4	26.3	80	22.7	4.0	NE	0.24	4.9	ENE	25.8	28.7	28.1	27.4	754.9	0.00	0.0	0	0.00	0	0.0	0.00	0.0	0.000	0.006	33.7	47	20.8	37.2	8.45	 .0696	0.00	24	1	100.0	1
04/08/15	8:00 p	26.3	26.3	26.3	80	22.6	3.6	N	0.21	4.0	NNE	26.1	28.6	28.4	27.7	754.9	0.00	0.0	0	0.00	0	0.0	0.00	0.0	0.000	0.006	33.7	47	20.8	37.2	8.45	 .0696	0.05	23	1	100.0	1
04/08/15	8:01 p	26.3	26.3	26.3	80	22.6	3.1	NNE	0.19	3.6	NNW	26.3	28.6	28.6	27.9	754.9	0.00	0.0	0	0.00	0	0.0	0.00	0.0	0.000	0.006	33.7	47	20.8	37.2	8.45	 .0696	0.00	24	1	100.0	1
04/08/15	8:02 p	26.3	26.3	26.3	80	22.6	2.7	NNE	0.16	4.0	E	26.3	28.6	28.6	27.9	754.9	0.00	0.0	0	0.00	0	0.0	0.00	0.0	0.000	0.006	33.6	47	20.7	37.1	8.45	 .0697	0.00	23	1	100.0	1
04/08/15	8:03 p	26.3	26.3	26.3	80	22.6	3.6	NE	0.21	4.5	NE	26.1	28.6	28.4	27.7	754.9	0.00	0.0	0	0.00	0	0.0	0.00	0.0	0.000	0.006	33.6	47	20.7	37.1	8.45	 .0697	0.00	23	1	100.0	1
04/08/15	8:04 p	26.3	26.3	26.3	80	22.6	4.0	NE	0.24	4.5	ENE	25.7	28.6	28.0	27.3	754.9	0.00	0.0	0	0.00	0	0.0	0.00	0.0	0.000	0.006	33.6	47	20.7	37.1	8.45	 .0697	0.00	24	1	100.0	1
04/08/15	8:05 p	26.3	26.3	26.3	80	22.6	3.6	NNE	0.21	4.5	NNE	26.1	28.5	28.3	27.6	754.8	0.00	0.0	0	0.00	0	0.0	0.00	0.0	0.000	0.006	33.6	47	20.7	37.1	8.45	 .0697	0.00	23	1	100.0	1
04/08/15	8:06 p	26.3	26.3	26.3	80	22.6	3.6	N	0.21	4.0	NNE	26.1	28.5	28.3	27.6	754.8	0.00	0.0	0	0.00	0	0.0	0.00	0.0	0.000	0.006	33.6	47	20.7	37.1	8.45	 .0696	0.00	24	1	100.0	1
04/08/15	8:07 p	26.3	26.3	26.3	80	22.6	2.7	ENE	0.16	3.1	ENE	26.3	28.5	28.5	27.8	754.8	0.00	0.0	0	0.00	0	0.0	0.00	0.0	0.000	0.006	33.6	47	20.7	37.1	8.45	 .0697	0.00	23	1	100.0	1
04/08/15	8:08 p	26.3	26.3	26.3	80	22.6	2.7	NNE	0.16	3.1	NNE	26.3	28.5	28.5	27.8	754.8	0.00	0.0	0	0.00	0	0.0	0.00	0.0	0.000	0.006	33.6	47	20.7	37.1	8.45	 .0697	0.00	23	1	100.0	1
04/08/15	8:09 p	26.3	26.3	26.3	80	22.6	4.0	NE	0.24	4.9	NNE	25.7	28.6	28.0	27.3	754.8	0.00	0.0	0	0.00	0	0.0	0.00	0.0	0.000	0.006	33.6	47	20.7	37.0	8.45	 .0697	0.00	24	1	100.0	1
04/08/15	8:10 p	26.3	26.3	26.3	80	22.6	3.6	NE	0.21	4.5	NE	26.1	28.5	28.3	27.6	754.8	0.00	0.0	0	0.00	0	0.0	0.00	0.0	0.000	0.006	33.6	47	20.7	37.0	8.45	 .0697	0.00	23	1	100.0	1
04/08/15	8:11 p	26.3	26.3	26.3	80	22.6	3.1	ENE	0.19	4.0	ENE	26.3	28.5	28.5	27.8	754.8	0.00	0.0	0	0.00	0	0.0	0.00	0.0	0.000	0.006	33.6	47	20.7	37.0	8.45	 .0697	0.00	24	1	100.0	1
04/08/15	8:12 p	26.3	26.3	26.3	80	22.6	3.6	NNE	0.21	4.0	ENE	26.1	28.5	28.3	27.6	754.8	0.00	0.0	0	0.00	0	0.0	0.00	0.0	0.000	0.006	33.6	47	20.7	37.0	8.45	 .0697	0.00	23	1	100.0	1
04/08/15	8:13 p	26.3	26.3	26.3	81	22.8	3.1	NNE	0.19	3.6	NNE	26.3	28.6	28.6	27.9	754.8	0.00	0.0	0	0.00	0	0.0	0.00	0.0	0.000	0.006	33.6	47	20.7	37.0	8.45	 .0697	0.00	24	1	100.0	1
04/08/15	8:14 p	26.3	26.3	26.3	81	22.8	3.1	NNE	0.19	3.6	N	26.3	28.6	28.6	27.9	754.8	0.00	0.0	0	0.00	0	0.0	0.00	0.0	0.000	0.006	33.6	47	20.7	37.0	8.45	 .0697	0.00	23	1	100.0	1
04/08/15	8:15 p	26.3	26.3	26.3	81	22.8	3.6	NNE	0.21	4.0	NNE	26.1	28.6	28.4	27.7	754.9	0.00	0.0	0	0.00	0	0.0	0.00	0.0	0.000	0.006	33.6	47	20.7	37.0	8.45	 .0697	0.00	23	1	100.0	1
04/08/15	8:16 p	26.3	26.3	26.3	81	22.8	3.1	NNE	0.19	4.0	NNE	26.3	28.6	28.6	27.9	754.9	0.00	0.0	0	0.00	0	0.0	0.00	0.0	0.000	0.006	33.6	47	20.7	37.0	8.45	 .0697	0.00	24	1	100.0	1
04/08/15	8:17 p	26.3	26.3	26.3	81	22.8	4.0	NE	0.24	4.5	ENE	25.7	28.6	28.0	27.3	754.9	0.00	0.0	0	0.00	0	0.0	0.00	0.0	0.000	0.006	33.6	47	20.7	37.0	8.45	 .0697	0.00	23	1	100.0	1
04/08/15	8:18 p	26.3	26.3	26.3	81	22.8	3.1	NE	0.19	3.6	NE	26.3	28.6	28.6	27.9	754.9	0.00	0.0	0	0.00	0	0.0	0.00	0.0	0.000	0.006	33.5	47	20.6	36.9	8.45	 .0697	0.00	24	1	100.0	1
04/08/15	8:19 p	26.3	26.3	26.3	81	22.8	3.1	N	0.19	4.0	N	26.3	28.6	28.6	27.9	754.9	0.00	0.0	0	0.00	0	0.0	0.00	0.0	0.000	0.006	33.5	47	20.6	36.9	8.45	 .0697	0.00	23	1	100.0	1
04/08/15	8:20 p	26.3	26.3	26.3	81	22.8	2.7	NE	0.16	3.1	NE	26.3	28.6	28.6	27.9	754.9	0.00	0.0	0	0.00	0	0.0	0.00	0.0	0.000	0.006	33.5	47	20.6	36.9	8.45	 .0697	0.00	23	1	100.0	1
04/08/15	8:21 p	26.3	26.3	26.3	81	22.8	2.2	NE	0.13	2.2	NE	26.3	28.6	28.6	27.9	754.9	0.00	0.0	0	0.00	0	0.0	0.00	0.0	0.000	0.006	33.5	47	20.6	36.9	8.45	 .0697	0.00	24	1	100.0	1
04/08/15	8:22 p	26.3	26.3	26.3	81	22.8	2.2	ENE	0.13	2.7	ENE	26.3	28.7	28.7	28.1	755.0	0.00	0.0	0	0.00	0	0.0	0.00	0.0	0.000	0.006	33.5	47	20.6	36.9	8.45	 .0697	0.00	23	1	100.0	1
04/08/15	8:23 p	26.3	26.3	26.3	81	22.8	2.2	ENE	0.13	2.7	ENE	26.3	28.7	28.7	28.1	755.0	0.00	0.0	0	0.00	0	0.0	0.00	0.0	0.000	0.006	33.5	47	20.6	36.9	8.45	 .0697	0.00	24	1	100.0	1
04/08/15	8:24 p	26.3	26.3	26.3	81	22.8	2.7	NNE	0.16	3.1	NE	26.3	28.7	28.7	28.1	755.0	0.00	0.0	0	0.00	0	0.0	0.00	0.0	0.000	0.006	33.5	47	20.6	36.9	8.45	 .0697	0.00	23	1	100.0	1
04/08/15	8:25 p	26.3	26.3	26.3	81	22.8	2.7	NE	0.16	3.1	NE	26.3	28.7	28.7	28.1	755.0	0.00	0.0	0	0.00	0	0.0	0.00	0.0	0.000	0.006	33.5	47	20.6	36.9	8.45	 .0697	0.00	24	1	100.0	1
04/08/15	8:26 p	26.3	26.3	26.3	81	22.8	2.2	NNE	0.13	3.1	N	26.3	28.7	28.7	28.1	754.9	0.00	0.0	0	0.00	0	0.0	0.00	0.0	0.000	0.006	33.5	47	20.6	36.9	8.45	 .0697	0.00	23	1	100.0	1
04/08/15	8:27 p	26.4	26.4	26.3	81	22.9	2.7	NNE	0.16	3.1	NE	26.4	28.8	28.8	28.2	754.9	0.00	0.0	0	0.00	0	0.0	0.00	0.0	0.000	0.006	33.5	48	21.0	37.1	8.60	 .0697	0.00	23	1	100.0	1
04/08/15	8:28 p	26.3	26.3	26.3	80	22.6	2.2	ENE	0.13	3.6	E	26.3	28.6	28.6	27.9	754.9	0.00	0.0	0	0.00	0	0.0	0.00	0.0	0.000	0.006	33.5	48	21.0	37.1	8.60	 .0697	0.00	24	1	100.0	1
04/08/15	8:29 p	26.3	26.3	26.3	80	22.6	2.7	ENE	0.16	3.1	ENE	26.3	28.6	28.6	27.9	755.0	0.00	0.0	0	0.00	0	0.0	0.00	0.0	0.000	0.006	33.5	48	21.0	37.1	8.60	 .0697	0.00	23	1	100.0	1
04/08/15	8:30 p	26.3	26.4	26.3	80	22.6	2.2	NE	0.13	2.7	NE	26.3	28.6	28.6	27.9	755.0	0.00	0.0	0	0.00	0	0.0	0.00	0.0	0.000	0.006	33.5	48	21.0	37.1	8.60	 .0697	0.00	24	1	100.0	1
04/08/15	8:31 p	26.4	26.4	26.3	80	22.7	2.2	NE	0.13	3.1	NE	26.4	28.7	28.7	28.0	755.0	0.00	0.0	0	0.00	0	0.0	0.00	0.0	0.000	0.006	33.4	48	20.9	37.0	8.61	 .0697	0.00	23	1	100.0	1
04/08/15	8:32 p	26.4	26.4	26.4	80	22.7	1.8	NE	0.11	2.2	NE	26.4	28.7	28.7	28.0	755.0	0.00	0.0	0	0.00	0	0.0	0.00	0.0	0.000	0.006	33.5	48	21.0	37.1	8.60	 .0697	0.00	23	1	100.0	1
04/08/15	8:33 p	26.4	26.4	26.4	81	22.9	1.8	NE	0.11	2.7	E	26.4	28.8	28.8	28.2	755.0	0.00	0.0	0	0.00	0	0.0	0.00	0.0	0.000	0.006	33.5	48	21.0	37.1	8.60	 .0697	0.00	24	1	100.0	1
04/08/15	8:34 p	26.4	26.4	26.4	80	22.7	2.7	ENE	0.16	3.1	ENE	26.4	28.7	28.7	28.0	755.1	0.00	0.0	0	0.00	0	0.0	0.00	0.0	0.000	0.006	33.4	48	20.9	37.0	8.61	 .0697	0.00	23	1	100.0	1
04/08/15	8:35 p	26.4	26.4	26.4	80	22.7	2.2	ENE	0.13	2.7	ENE	26.4	28.8	28.8	28.1	755.0	0.00	0.0	0	0.00	0	0.0	0.00	0.0	0.000	0.006	33.5	48	21.0	37.1	8.60	 .0697	0.00	24	1	100.0	1
04/08/15	8:36 p	26.4	26.4	26.4	80	22.7	2.2	ENE	0.13	2.7	ENE	26.4	28.8	28.8	28.1	755.1	0.00	0.0	0	0.00	0	0.0	0.00	0.0	0.000	0.006	33.4	48	20.9	37.0	8.61	 .0697	0.00	23	1	100.0	1
04/08/15	8:37 p	26.4	26.4	26.4	80	22.7	2.2	NE	0.13	2.7	NE	26.4	28.8	28.8	28.1	755.1	0.00	0.0	0	0.00	0	0.0	0.00	0.0	0.000	0.006	33.5	48	21.0	37.1	8.60	 .0697	0.00	24	1	100.0	1
04/08/15	8:38 p	26.4	26.4	26.4	80	22.7	2.7	NE	0.16	3.1	NE	26.4	28.7	28.7	28.0	755.1	0.00	0.0	0	0.00	0	0.0	0.00	0.0	0.000	0.006	33.5	48	21.0	37.1	8.60	 .0697	0.00	23	1	100.0	1
04/08/15	8:39 p	26.4	26.4	26.4	81	22.9	2.7	NE	0.16	3.6	NE	26.4	28.8	28.8	28.2	755.1	0.00	0.0	0	0.00	0	0.0	0.00	0.0	0.000	0.006	33.5	48	21.0	37.1	8.60	 .0697	0.00	23	1	100.0	1
04/08/15	8:40 p	26.4	26.4	26.4	81	22.9	2.2	NNE	0.13	2.7	NNE	26.4	28.8	28.8	28.2	755.1	0.00	0.0	0	0.00	0	0.0	0.00	0.0	0.000	0.006	33.5	48	21.0	37.1	8.60	 .0697	0.00	24	1	100.0	1
04/08/15	8:41 p	26.4	26.4	26.4	81	22.9	2.7	N	0.16	3.1	N	26.4	28.8	28.8	28.2	755.1	0.00	0.0	0	0.00	0	0.0	0.00	0.0	0.000	0.006	33.5	48	21.0	37.1	8.60	 .0697	0.00	23	1	100.0	1
04/08/15	8:42 p	26.4	26.4	26.4	81	22.9	2.7	N	0.16	3.1	NNE	26.4	28.8	28.8	28.2	755.2	0.00	0.0	0	0.00	0	0.0	0.00	0.0	0.000	0.006	33.5	48	21.0	37.1	8.60	 .0697	0.00	24	1	100.0	1
04/08/15	8:43 p	26.4	26.4	26.4	81	22.9	2.2	NE	0.13	2.7	NE	26.4	28.8	28.8	28.2	755.2	0.00	0.0	0	0.00	0	0.0	0.00	0.0	0.000	0.006	33.5	48	21.0	37.1	8.60	 .0697	0.00	23	1	100.0	1
04/08/15	8:44 p	26.4	26.4	26.4	81	22.9	2.2	NE	0.13	2.7	NE	26.4	28.8	28.8	28.2	755.2	0.00	0.0	0	0.00	0	0.0	0.00	0.0	0.000	0.006	33.5	48	21.0	37.1	8.60	 .0697	0.00	23	1	100.0	1
04/08/15	8:45 p	26.4	26.4	26.4	81	22.9	1.8	NE	0.11	2.2	NNE	26.4	28.8	28.8	28.2	755.3	0.00	0.0	0	0.00	0	0.0	0.00	0.0	0.000	0.006	33.5	48	21.0	37.1	8.60	 .0697	0.00	24	1	100.0	1
04/08/15	8:46 p	26.4	26.4	26.3	81	22.9	1.8	NE	0.11	2.2	NE	26.4	28.8	28.8	28.2	755.3	0.00	0.0	0	0.00	0	0.0	0.00	0.0	0.000	0.006	33.5	48	21.0	37.1	8.60	 .0697	0.00	23	1	100.0	1
04/08/15	8:47 p	26.3	26.4	26.3	81	22.8	0.9	NE	0.05	1.8	NE	26.3	28.7	28.7	28.1	755.3	0.00	0.0	0	0.00	0	0.0	0.00	0.0	0.000	0.006	33.5	48	21.0	37.1	8.60	 .0697	0.00	24	1	100.0	1
04/08/15	8:48 p	26.4	26.4	26.3	81	22.9	1.8	NE	0.11	2.2	NE	26.4	28.8	28.8	28.2	755.3	0.00	0.0	0	0.00	0	0.0	0.00	0.0	0.000	0.006	33.5	48	21.0	37.1	8.60	 .0697	0.00	23	1	100.0	1
04/08/15	8:49 p	26.4	26.4	26.3	81	22.9	1.8	NE	0.11	2.7	NE	26.4	28.8	28.8	28.2	755.3	0.00	0.0	0	0.00	0	0.0	0.00	0.0	0.000	0.006	33.5	48	21.0	37.1	8.60	 .0697	0.00	23	1	100.0	1
04/08/15	8:50 p	26.3	26.4	26.3	81	22.8	2.7	NE	0.16	3.1	NE	26.3	28.7	28.7	28.1	755.3	0.00	0.0	0	0.00	0	0.0	0.00	0.0	0.000	0.006	33.5	48	21.0	37.1	8.60	 .0697	0.00	24	1	100.0	1
04/08/15	8:51 p	26.3	26.4	26.3	81	22.8	2.7	NE	0.16	2.7	NE	26.3	28.7	28.7	28.1	755.3	0.00	0.0	0	0.00	0	0.0	0.00	0.0	0.000	0.006	33.5	48	21.0	37.1	8.60	 .0697	0.00	23	1	100.0	1
04/08/15	8:52 p	26.3	26.3	26.3	81	22.8	2.2	ENE	0.13	2.7	NE	26.3	28.7	28.7	28.1	755.3	0.00	0.0	0	0.00	0	0.0	0.00	0.0	0.000	0.006	33.5	48	21.0	37.1	8.60	 .0697	0.00	24	1	100.0	1
04/08/15	8:53 p	26.3	26.3	26.3	81	22.8	2.7	NE	0.16	3.1	NE	26.3	28.7	28.7	28.1	755.3	0.00	0.0	0	0.00	0	0.0	0.00	0.0	0.000	0.006	33.5	48	21.0	37.1	8.60	 .0697	0.00	23	1	100.0	1
04/08/15	8:54 p	26.3	26.3	26.3	81	22.8	2.2	NE	0.13	3.1	NE	26.3	28.7	28.7	28.1	755.3	0.00	0.0	0	0.00	0	0.0	0.00	0.0	0.000	0.006	33.5	48	21.0	37.1	8.60	 .0697	0.00	24	1	100.0	1
04/08/15	8:55 p	26.3	26.3	26.3	81	22.8	2.2	NE	0.13	3.1	NE	26.3	28.7	28.7	28.1	755.3	0.00	0.0	0	0.00	0	0.0	0.00	0.0	0.000	0.006	33.5	48	21.0	37.1	8.60	 .0697	0.00	23	1	100.0	1
04/08/15	8:56 p	26.3	26.3	26.3	81	22.8	2.2	NE	0.13	2.7	NE	26.3	28.7	28.7	28.1	755.3	0.00	0.0	0	0.00	0	0.0	0.00	0.0	0.000	0.006	33.5	48	21.0	37.1	8.60	 .0697	0.00	23	1	100.0	1
04/08/15	8:57 p	26.3	26.3	26.3	81	22.8	2.2	NE	0.13	2.7	NE	26.3	28.7	28.7	28.1	755.3	0.00	0.0	0	0.00	0	0.0	0.00	0.0	0.000	0.006	33.5	48	21.0	37.1	8.60	 .0697	0.00	24	1	100.0	1
04/08/15	8:58 p	26.3	26.3	26.3	81	22.8	2.2	NE	0.13	2.7	NE	26.3	28.7	28.7	28.1	755.3	0.00	0.0	0	0.00	0	0.0	0.00	0.0	0.000	0.006	33.5	48	21.0	37.1	8.60	 .0697	0.00	23	1	100.0	1
04/08/15	8:59 p	26.3	26.3	26.3	81	22.8	1.8	NE	0.11	2.7	NE	26.3	28.7	28.7	28.1	755.3	0.00	0.0	0	0.00	0	0.0	0.00	0.0	0.000	0.006	33.5	48	21.0	37.1	8.60	 .0697	0.00	24	1	100.0	1
04/08/15	9:00 p	26.3	26.3	26.3	81	22.8	1.8	NE	0.11	2.2	NE	26.3	28.7	28.7	28.1	755.3	0.00	0.0	0	0.00	0	0.0	0.00	0.0	0.000	0.006	33.5	48	21.0	37.1	8.60	 .0697	0.05	23	1	100.0	1
04/08/15	9:01 p	26.3	26.3	26.3	81	22.8	2.2	ENE	0.13	2.2	NE	26.3	28.7	28.7	28.1	755.4	0.00	0.0	0	0.00	0	0.0	0.00	0.0	0.000	0.006	33.5	48	21.0	37.1	8.60	 .0697	0.00	23	1	100.0	1
04/08/15	9:02 p	26.4	26.4	26.3	81	22.9	2.2	ENE	0.13	2.2	ENE	26.4	28.8	28.8	28.2	755.3	0.00	0.0	0	0.00	0	0.0	0.00	0.0	0.000	0.006	33.5	48	21.0	37.1	8.60	 .0697	0.00	24	1	100.0	1
04/08/15	9:03 p	26.4	26.4	26.4	81	22.9	2.2	ENE	0.13	2.7	ENE	26.4	28.8	28.8	28.2	755.4	0.00	0.0	0	0.00	0	0.0	0.00	0.0	0.000	0.006	33.5	48	21.0	37.1	8.60	 .0697	0.00	23	1	100.0	1
04/08/15	9:04 p	26.4	26.4	26.4	81	22.9	2.2	ENE	0.13	2.7	ENE	26.4	28.8	28.8	28.2	755.4	0.00	0.0	0	0.00	0	0.0	0.00	0.0	0.000	0.006	33.5	48	21.0	37.1	8.60	 .0697	0.00	24	1	100.0	1
04/08/15	9:05 p	26.4	26.4	26.4	81	22.9	2.2	ENE	0.13	2.7	ENE	26.4	28.9	28.9	28.2	755.4	0.00	0.0	0	0.00	0	0.0	0.00	0.0	0.000	0.006	33.5	48	21.0	37.1	8.60	 .0697	0.00	23	1	100.0	1
04/08/15	9:06 p	26.4	26.4	26.4	81	22.9	2.7	ENE	0.16	2.7	ENE	26.4	28.9	28.9	28.2	755.4	0.00	0.0	0	0.00	0	0.0	0.00	0.0	0.000	0.006	33.5	48	21.0	37.1	8.60	 .0697	0.00	24	1	100.0	1
04/08/15	9:07 p	26.4	26.4	26.4	81	22.9	2.2	ENE	0.13	2.7	ENE	26.4	28.9	28.9	28.2	755.4	0.00	0.0	0	0.00	0	0.0	0.00	0.0	0.000	0.006	33.5	48	21.0	37.1	8.60	 .0697	0.00	23	1	100.0	1
04/08/15	9:08 p	26.4	26.4	26.4	81	22.9	2.7	ENE	0.16	3.1	ENE	26.4	28.9	28.9	28.2	755.5	0.00	0.0	0	0.00	0	0.0	0.00	0.0	0.000	0.006	33.5	48	21.0	37.1	8.60	 .0697	0.00	23	1	100.0	1
04/08/15	9:09 p	26.4	26.4	26.4	81	22.9	2.7	ENE	0.16	3.1	ENE	26.4	28.9	28.9	28.2	755.5	0.00	0.0	0	0.00	0	0.0	0.00	0.0	0.000	0.006	33.5	48	21.0	37.1	8.60	 .0697	0.00	24	1	100.0	1
04/08/15	9:10 p	26.4	26.5	26.4	81	22.9	3.1	E	0.19	3.6	E	26.4	28.9	28.9	28.2	755.4	0.00	0.0	0	0.00	0	0.0	0.00	0.0	0.000	0.006	33.5	48	21.0	37.1	8.60	 .0697	0.00	23	1	100.0	1
04/08/15	9:11 p	26.5	26.5	26.5	80	22.8	3.1	ENE	0.19	4.0	ENE	26.5	28.9	28.9	28.2	755.4	0.00	0.0	0	0.00	0	0.0	0.00	0.0	0.000	0.006	33.5	48	21.0	37.1	8.60	 .0697	0.00	24	1	100.0	1
04/08/15	9:12 p	26.5	26.5	26.5	80	22.8	3.1	ENE	0.19	4.0	NE	26.5	28.9	28.9	28.2	755.5	0.00	0.0	0	0.00	0	0.0	0.00	0.0	0.000	0.006	33.5	48	21.0	37.1	8.60	 .0697	0.00	23	1	100.0	1
04/08/15	9:13 p	26.6	26.6	26.5	80	22.8	3.1	E	0.19	4.0	ENE	26.6	29.0	29.0	28.3	755.5	0.00	0.0	0	0.00	0	0.0	0.00	0.0	0.000	0.006	33.5	48	21.0	37.1	8.60	 .0697	0.00	23	1	100.0	1
04/08/15	9:14 p	26.6	26.6	26.6	80	22.8	3.6	E	0.21	4.0	E	26.3	29.0	28.8	28.2	755.5	0.00	0.0	0	0.00	0	0.0	0.00	0.0	0.000	0.006	33.5	48	21.0	37.1	8.60	 .0697	0.00	24	1	100.0	1
04/08/15	9:15 p	26.6	26.6	26.6	80	22.9	3.1	ENE	0.19	4.0	ENE	26.6	29.1	29.1	28.4	755.5	0.00	0.0	0	0.00	0	0.0	0.00	0.0	0.000	0.006	33.5	48	21.0	37.1	8.60	 .0697	0.00	23	1	100.0	1
04/08/15	9:16 p	26.6	26.6	26.6	79	22.7	3.1	ENE	0.19	4.0	ENE	26.6	29.0	29.0	28.3	755.5	0.00	0.0	0	0.00	0	0.0	0.00	0.0	0.000	0.006	33.6	48	21.0	37.2	8.60	 .0697	0.00	24	1	100.0	1
04/08/15	9:17 p	26.6	26.7	26.6	79	22.7	3.1	ENE	0.19	4.0	E	26.6	29.0	29.0	28.3	755.5	0.00	0.0	0	0.00	0	0.0	0.00	0.0	0.000	0.006	33.5	48	21.0	37.1	8.60	 .0697	0.00	23	1	100.0	1
04/08/15	9:18 p	26.7	26.7	26.6	79	22.7	3.1	ENE	0.19	4.0	ENE	26.7	29.1	29.1	28.3	755.5	0.00	0.0	0	0.00	0	0.0	0.00	0.0	0.000	0.006	33.6	48	21.0	37.2	8.60	 .0697	0.00	24	1	100.0	1
04/08/15	9:19 p	26.7	26.7	26.7	79	22.7	2.7	ENE	0.16	3.6	ENE	26.7	29.1	29.1	28.3	755.5	0.00	0.0	0	0.00	0	0.0	0.00	0.0	0.000	0.006	33.6	48	21.0	37.2	8.60	 .0697	0.00	23	1	100.0	1
04/08/15	9:20 p	26.7	26.7	26.7	79	22.7	3.6	ENE	0.21	4.0	ENE	26.4	29.1	28.8	28.2	755.5	0.00	0.0	0	0.00	0	0.0	0.00	0.0	0.000	0.006	33.6	48	21.0	37.2	8.60	 .0697	0.00	23	1	100.0	1
04/08/15	9:21 p	26.7	26.7	26.7	79	22.7	3.6	ENE	0.21	4.5	ENE	26.4	29.1	28.8	28.2	755.5	0.00	0.0	0	0.00	0	0.0	0.00	0.0	0.000	0.006	33.6	48	21.0	37.2	8.60	 .0697	0.00	24	1	100.0	1
04/08/15	9:22 p	26.7	26.7	26.7	79	22.7	4.0	ENE	0.24	4.5	ENE	26.1	29.1	28.4	27.8	755.5	0.00	0.0	0	0.00	0	0.0	0.00	0.0	0.000	0.006	33.6	48	21.0	37.2	8.60	 .0697	0.00	23	1	100.0	1
04/08/15	9:23 p	26.7	26.7	26.7	79	22.7	4.0	ENE	0.24	4.9	ENE	26.1	29.1	28.4	27.8	755.5	0.00	0.0	0	0.00	0	0.0	0.00	0.0	0.000	0.006	33.6	48	21.0	37.2	8.60	 .0697	0.00	24	1	100.0	1
04/08/15	9:24 p	26.7	26.7	26.7	79	22.7	3.6	ENE	0.21	4.0	ENE	26.4	29.1	28.8	28.2	755.5	0.00	0.0	0	0.00	0	0.0	0.00	0.0	0.000	0.006	33.6	48	21.0	37.2	8.60	 .0697	0.00	23	1	100.0	1
04/08/15	9:25 p	26.7	26.7	26.7	79	22.7	3.1	NE	0.19	4.0	NE	26.7	29.1	29.1	28.3	755.5	0.00	0.0	0	0.00	0	0.0	0.00	0.0	0.000	0.006	33.6	48	21.0	37.2	8.60	 .0697	0.00	23	1	100.0	1
04/08/15	9:26 p	26.7	26.7	26.7	79	22.7	3.1	E	0.19	4.0	E	26.7	29.1	29.1	28.3	755.5	0.00	0.0	0	0.00	0	0.0	0.00	0.0	0.000	0.006	33.6	48	21.0	37.2	8.60	 .0697	0.00	24	1	100.0	1
04/08/15	9:27 p	26.7	26.7	26.7	79	22.7	2.7	ENE	0.16	3.6	ENE	26.7	29.1	29.1	28.3	755.5	0.00	0.0	0	0.00	0	0.0	0.00	0.0	0.000	0.006	33.6	48	21.0	37.2	8.60	 .0697	0.00	23	1	100.0	1
04/08/15	9:28 p	26.7	26.7	26.7	79	22.7	3.1	NE	0.19	3.6	ENE	26.7	29.1	29.1	28.3	755.5	0.00	0.0	0	0.00	0	0.0	0.00	0.0	0.000	0.006	33.6	48	21.0	37.2	8.60	 .0697	0.00	24	1	100.0	1
04/08/15	9:29 p	26.7	26.7	26.7	79	22.7	3.1	ENE	0.19	3.6	ENE	26.7	29.1	29.1	28.3	755.5	0.00	0.0	0	0.00	0	0.0	0.00	0.0	0.000	0.006	33.6	48	21.0	37.2	8.60	 .0697	0.00	23	1	100.0	1
04/08/15	9:30 p	26.7	26.7	26.7	79	22.7	3.1	ENE	0.19	3.6	ENE	26.7	29.1	29.1	28.3	755.5	0.00	0.0	0	0.00	0	0.0	0.00	0.0	0.000	0.006	33.6	48	21.0	37.2	8.60	 .0697	0.00	24	1	100.0	1
04/08/15	9:31 p	26.7	26.7	26.7	79	22.7	2.7	ENE	0.16	3.6	ENE	26.7	29.1	29.1	28.3	755.6	0.00	0.0	0	0.00	0	0.0	0.00	0.0	0.000	0.006	33.6	48	21.0	37.2	8.60	 .0697	0.00	23	1	100.0	1
04/08/15	9:32 p	26.7	26.7	26.7	79	22.7	2.7	ENE	0.16	3.6	ENE	26.7	29.1	29.1	28.3	755.6	0.00	0.0	0	0.00	0	0.0	0.00	0.0	0.000	0.006	33.6	48	21.0	37.2	8.60	 .0697	0.00	23	1	100.0	1
04/08/15	9:33 p	26.7	26.7	26.7	79	22.7	3.1	ENE	0.19	3.6	ENE	26.7	29.1	29.1	28.3	755.6	0.00	0.0	0	0.00	0	0.0	0.00	0.0	0.000	0.006	33.6	48	21.0	37.2	8.60	 .0697	0.00	24	1	100.0	1
04/08/15	9:34 p	26.7	26.7	26.7	79	22.7	2.7	ENE	0.16	2.7	ENE	26.7	29.1	29.1	28.3	755.7	0.00	0.0	0	0.00	0	0.0	0.00	0.0	0.000	0.006	33.6	48	21.0	37.2	8.60	 .0697	0.00	23	1	100.0	1
04/08/15	9:35 p	26.6	26.7	26.6	80	22.9	2.7	ENE	0.16	3.1	ENE	26.6	29.1	29.1	28.4	755.7	0.00	0.0	0	0.00	0	0.0	0.00	0.0	0.000	0.006	33.6	48	21.0	37.2	8.60	 .0697	0.00	24	1	100.0	1
04/08/15	9:36 p	26.6	26.6	26.6	80	22.9	2.2	ENE	0.13	2.7	E	26.6	29.1	29.1	28.4	755.7	0.00	0.0	0	0.00	0	0.0	0.00	0.0	0.000	0.006	33.6	48	21.0	37.2	8.60	 .0697	0.00	23	1	100.0	1
04/08/15	9:37 p	26.7	26.7	26.6	80	22.9	1.8	ENE	0.11	3.1	E	26.7	29.2	29.2	28.5	755.7	0.00	0.0	0	0.00	0	0.0	0.00	0.0	0.000	0.006	33.6	48	21.0	37.2	8.60	 .0697	0.00	23	1	100.0	1
04/08/15	9:38 p	26.7	26.7	26.6	80	22.9	2.2	E	0.13	3.1	E	26.7	29.2	29.2	28.5	755.7	0.00	0.0	0	0.00	0	0.0	0.00	0.0	0.000	0.006	33.6	48	21.0	37.2	8.60	 .0697	0.00	24	1	100.0	1
04/08/15	9:39 p	26.7	26.7	26.6	80	22.9	2.2	E	0.13	2.7	E	26.7	29.2	29.2	28.5	755.7	0.00	0.0	0	0.00	0	0.0	0.00	0.0	0.000	0.006	33.6	48	21.0	37.2	8.60	 .0697	0.00	23	1	100.0	1
04/08/15	9:40 p	26.7	26.7	26.7	80	22.9	2.7	E	0.16	3.1	E	26.7	29.2	29.2	28.5	755.8	0.00	0.0	0	0.00	0	0.0	0.00	0.0	0.000	0.006	33.6	48	21.0	37.2	8.60	 .0697	0.00	24	1	100.0	1
04/08/15	9:41 p	26.7	26.7	26.7	80	22.9	2.7	ENE	0.16	3.1	ENE	26.7	29.2	29.2	28.5	755.7	0.00	0.0	0	0.00	0	0.0	0.00	0.0	0.000	0.006	33.6	48	21.0	37.2	8.60	 .0697	0.00	23	1	100.0	1
04/08/15	9:42 p	26.7	26.7	26.7	80	22.9	2.2	ENE	0.13	2.7	ENE	26.7	29.2	29.2	28.5	755.8	0.00	0.0	0	0.00	0	0.0	0.00	0.0	0.000	0.006	33.6	48	21.0	37.2	8.60	 .0697	0.00	23	1	100.0	1
04/08/15	9:43 p	26.7	26.7	26.7	80	22.9	2.2	ENE	0.13	2.7	ENE	26.7	29.2	29.2	28.5	755.7	0.00	0.0	0	0.00	0	0.0	0.00	0.0	0.000	0.006	33.6	48	21.1	37.3	8.60	 .0697	0.00	24	1	100.0	1
04/08/15	9:44 p	26.7	26.7	26.7	80	22.9	2.2	ENE	0.13	2.2	ENE	26.7	29.2	29.2	28.5	755.8	0.00	0.0	0	0.00	0	0.0	0.00	0.0	0.000	0.006	33.6	48	21.0	37.2	8.60	 .0697	0.00	23	1	100.0	1
04/08/15	9:45 p	26.7	26.7	26.6	80	22.9	1.8	ENE	0.11	2.7	ENE	26.7	29.2	29.2	28.5	755.8	0.00	0.0	0	0.00	0	0.0	0.00	0.0	0.000	0.006	33.6	48	21.1	37.3	8.60	 .0697	0.00	24	1	100.0	1
04/08/15	9:46 p	26.6	26.7	26.6	80	22.9	1.3	ENE	0.08	2.7	E	26.6	29.1	29.1	28.4	755.8	0.00	0.0	0	0.00	0	0.0	0.00	0.0	0.000	0.006	33.6	48	21.1	37.3	8.60	 .0697	0.00	23	1	100.0	1
04/08/15	9:47 p	26.7	26.7	26.7	80	22.9	2.2	E	0.13	2.7	E	26.7	29.2	29.2	28.5	755.8	0.00	0.0	0	0.00	0	0.0	0.00	0.0	0.000	0.006	33.6	48	21.1	37.3	8.60	 .0697	0.00	24	1	100.0	1
04/08/15	9:48 p	26.7	26.7	26.7	80	22.9	1.8	E	0.11	2.2	E	26.7	29.2	29.2	28.5	755.9	0.00	0.0	0	0.00	0	0.0	0.00	0.0	0.000	0.006	33.6	48	21.1	37.3	8.60	 .0697	0.00	23	1	100.0	1
04/08/15	9:49 p	26.7	26.7	26.7	80	22.9	2.2	E	0.13	2.7	E	26.7	29.2	29.2	28.5	755.8	0.00	0.0	0	0.00	0	0.0	0.00	0.0	0.000	0.006	33.6	48	21.1	37.3	8.60	 .0697	0.00	23	1	100.0	1
04/08/15	9:50 p	26.7	26.7	26.7	80	22.9	1.3	E	0.08	2.2	E	26.7	29.2	29.2	28.5	755.9	0.00	0.0	0	0.00	0	0.0	0.00	0.0	0.000	0.006	33.6	48	21.1	37.3	8.60	 .0697	0.00	24	1	100.0	1
04/08/15	9:51 p	26.7	26.7	26.7	80	23.0	1.3	E	0.08	2.7	E	26.7	29.3	29.3	28.6	755.8	0.00	0.0	0	0.00	0	0.0	0.00	0.0	0.000	0.006	33.6	48	21.1	37.3	8.60	 .0697	0.00	23	1	100.0	1
04/08/15	9:52 p	26.7	26.7	26.7	80	23.0	0.9	E	0.05	1.8	E	26.7	29.3	29.3	28.6	755.8	0.00	0.0	0	0.00	0	0.0	0.00	0.0	0.000	0.006	33.6	48	21.1	37.3	8.60	 .0697	0.00	24	1	100.0	1
04/08/15	9:53 p	26.7	26.7	26.7	79	22.8	1.3	E	0.08	2.2	E	26.7	29.2	29.2	28.4	755.8	0.00	0.0	0	0.00	0	0.0	0.00	0.0	0.000	0.006	33.6	48	21.1	37.3	8.60	 .0697	0.00	23	1	100.0	1
04/08/15	9:54 p	26.8	26.8	26.7	79	22.8	0.9	E	0.05	2.2	ESE	26.8	29.3	29.3	28.6	755.8	0.00	0.0	0	0.00	0	0.0	0.00	0.0	0.000	0.006	33.6	48	21.1	37.3	8.60	 .0697	0.00	24	1	100.0	1
04/08/15	9:55 p	26.8	26.8	26.8	79	22.8	1.3	ESE	0.08	2.2	ESE	26.8	29.3	29.3	28.6	755.8	0.00	0.0	0	0.00	0	0.0	0.00	0.0	0.000	0.006	33.6	48	21.1	37.3	8.60	 .0697	0.00	23	1	100.0	1
04/08/15	9:56 p	26.8	26.8	26.8	79	22.8	1.3	ESE	0.08	1.8	ESE	26.8	29.3	29.3	28.6	755.8	0.00	0.0	0	0.00	0	0.0	0.00	0.0	0.000	0.006	33.6	48	21.1	37.3	8.60	 .0697	0.00	23	1	100.0	1
04/08/15	9:57 p	26.8	26.8	26.8	79	22.9	1.3	ESE	0.08	1.8	ESE	26.8	29.4	29.4	28.7	755.8	0.00	0.0	0	0.00	0	0.0	0.00	0.0	0.000	0.006	33.7	48	21.1	37.4	8.60	 .0697	0.00	24	1	100.0	1
04/08/15	9:58 p	26.8	26.8	26.8	79	22.9	1.3	ESE	0.08	2.2	ESE	26.8	29.4	29.4	28.7	755.8	0.00	0.0	0	0.00	0	0.0	0.00	0.0	0.000	0.006	33.7	48	21.1	37.4	8.60	 .0697	0.00	23	1	100.0	1
04/08/15	9:59 p	26.8	26.8	26.8	79	22.9	2.2	E	0.13	2.7	E	26.8	29.4	29.4	28.7	755.8	0.00	0.0	0	0.00	0	0.0	0.00	0.0	0.000	0.006	33.7	48	21.1	37.4	8.60	 .0697	0.00	24	1	100.0	1
04/08/15	10:00 p	26.9	26.9	26.8	79	22.9	2.2	E	0.13	3.1	E	26.9	29.5	29.5	28.8	755.9	0.00	0.0	0	0.00	0	0.0	0.00	0.0	0.000	0.006	33.7	48	21.1	37.4	8.60	 .0697	0.05	23	1	100.0	1
04/08/15	10:01 p	26.9	26.9	26.8	79	22.9	1.8	E	0.11	2.7	E	26.9	29.5	29.5	28.8	755.9	0.00	0.0	0	0.00	0	0.0	0.00	0.0	0.000	0.006	33.7	48	21.1	37.4	8.60	 .0697	0.00	23	1	100.0	1
04/08/15	10:02 p	26.8	26.9	26.8	79	22.9	3.1	E	0.19	4.0	E	26.8	29.4	29.4	28.7	755.9	0.00	0.0	0	0.00	0	0.0	0.00	0.0	0.000	0.006	33.7	48	21.1	37.4	8.60	 .0697	0.00	24	1	100.0	1
04/08/15	10:03 p	26.9	26.9	26.9	79	22.9	2.2	E	0.13	3.6	E	26.9	29.5	29.5	28.8	755.8	0.00	0.0	0	0.00	0	0.0	0.00	0.0	0.000	0.006	33.7	48	21.1	37.4	8.60	 .0697	0.00	23	1	100.0	1
04/08/15	10:04 p	26.9	26.9	26.9	79	22.9	3.1	E	0.19	3.6	E	26.9	29.5	29.5	28.8	755.8	0.00	0.0	0	0.00	0	0.0	0.00	0.0	0.000	0.006	33.7	48	21.2	37.6	8.60	 .0697	0.00	24	1	100.0	1
04/08/15	10:05 p	26.9	26.9	26.9	79	22.9	2.2	E	0.13	3.1	E	26.9	29.5	29.5	28.8	755.8	0.00	0.0	0	0.00	0	0.0	0.00	0.0	0.000	0.006	33.7	48	21.2	37.6	8.60	 .0697	0.00	23	1	100.0	1
04/08/15	10:06 p	26.8	26.9	26.8	79	22.9	2.7	E	0.16	3.1	E	26.8	29.4	29.4	28.7	755.8	0.00	0.0	0	0.00	0	0.0	0.00	0.0	0.000	0.006	33.7	48	21.2	37.6	8.60	 .0697	0.00	23	1	100.0	1
04/08/15	10:07 p	26.8	26.9	26.8	79	22.9	2.7	E	0.16	3.6	E	26.8	29.4	29.4	28.7	755.8	0.00	0.0	0	0.00	0	0.0	0.00	0.0	0.000	0.006	33.7	48	21.2	37.6	8.60	 .0697	0.00	24	1	100.0	1
04/08/15	10:08 p	26.8	26.8	26.8	79	22.9	2.7	E	0.16	4.0	E	26.8	29.4	29.4	28.7	755.8	0.00	0.0	0	0.00	0	0.0	0.00	0.0	0.000	0.006	33.7	48	21.2	37.6	8.60	 .0697	0.00	23	1	100.0	1
04/08/15	10:09 p	26.8	26.8	26.8	79	22.9	2.7	E	0.16	3.1	E	26.8	29.4	29.4	28.7	755.8	0.00	0.0	0	0.00	0	0.0	0.00	0.0	0.000	0.006	33.7	48	21.2	37.6	8.60	 .0697	0.00	24	1	100.0	1
04/08/15	10:10 p	26.8	26.8	26.8	79	22.9	2.7	E	0.16	3.1	E	26.8	29.4	29.4	28.7	755.8	0.00	0.0	0	0.00	0	0.0	0.00	0.0	0.000	0.006	33.7	48	21.2	37.6	8.60	 .0697	0.00	23	1	100.0	1
04/08/15	10:11 p	26.8	26.8	26.8	79	22.9	2.7	E	0.16	3.6	E	26.8	29.4	29.4	28.7	755.8	0.00	0.0	0	0.00	0	0.0	0.00	0.0	0.000	0.006	33.7	48	21.2	37.6	8.60	 .0697	0.00	24	1	100.0	1
04/08/15	10:12 p	26.8	26.8	26.8	79	22.9	3.1	ENE	0.19	4.0	E	26.8	29.4	29.4	28.7	755.8	0.00	0.0	0	0.00	0	0.0	0.00	0.0	0.000	0.006	33.7	48	21.2	37.6	8.60	 .0697	0.00	23	1	100.0	1
04/08/15	10:13 p	26.8	26.8	26.8	79	22.8	3.1	E	0.19	4.0	E	26.8	29.3	29.3	28.6	755.9	0.00	0.0	0	0.00	0	0.0	0.00	0.0	0.000	0.006	33.7	48	21.2	37.6	8.60	 .0697	0.00	23	1	100.0	1
04/08/15	10:14 p	26.8	26.8	26.8	79	22.8	2.7	ENE	0.16	3.6	E	26.8	29.3	29.3	28.6	755.9	0.00	0.0	0	0.00	0	0.0	0.00	0.0	0.000	0.006	33.7	48	21.2	37.6	8.60	 .0697	0.00	24	1	100.0	1
04/08/15	10:15 p	26.8	26.8	26.8	79	22.8	3.6	E	0.21	4.5	E	26.6	29.3	29.1	28.4	755.9	0.00	0.0	0	0.00	0	0.0	0.00	0.0	0.000	0.006	33.7	48	21.2	37.6	8.60	 .0697	0.00	23	1	100.0	1
04/08/15	10:16 p	26.8	26.8	26.8	79	22.8	3.1	E	0.19	3.6	E	26.8	29.3	29.3	28.6	755.9	0.00	0.0	0	0.00	0	0.0	0.00	0.0	0.000	0.006	33.7	48	21.2	37.6	8.60	 .0697	0.00	24	1	100.0	1
04/08/15	10:17 p	26.7	26.8	26.7	79	22.8	2.7	E	0.16	3.6	E	26.7	29.2	29.2	28.4	755.9	0.00	0.0	0	0.00	0	0.0	0.00	0.0	0.000	0.006	33.7	48	21.2	37.6	8.60	 .0697	0.00	23	1	100.0	1
04/08/15	10:18 p	26.7	26.7	26.7	80	23.0	2.7	E	0.16	3.1	E	26.7	29.3	29.3	28.6	755.9	0.00	0.0	0	0.00	0	0.0	0.00	0.0	0.000	0.006	33.7	48	21.2	37.6	8.60	 .0697	0.00	23	1	100.0	1
04/08/15	10:19 p	26.7	26.7	26.7	80	23.0	2.7	E	0.16	3.6	E	26.7	29.3	29.3	28.6	755.9	0.00	0.0	0	0.00	0	0.0	0.00	0.0	0.000	0.006	33.7	48	21.2	37.6	8.60	 .0697	0.00	24	1	100.0	1
04/08/15	10:20 p	26.7	26.7	26.7	80	23.0	2.7	E	0.16	3.6	E	26.7	29.3	29.3	28.6	755.8	0.00	0.0	0	0.00	0	0.0	0.00	0.0	0.000	0.006	33.7	48	21.2	37.6	8.60	 .0697	0.00	23	1	100.0	1
04/08/15	10:21 p	26.7	26.7	26.7	80	23.0	2.2	E	0.13	3.1	E	26.7	29.3	29.3	28.6	755.8	0.00	0.0	0	0.00	0	0.0	0.00	0.0	0.000	0.006	33.8	48	21.2	37.7	8.59	 .0697	0.00	24	1	100.0	1
04/08/15	10:22 p	26.7	26.7	26.7	80	23.0	2.7	E	0.16	3.1	E	26.7	29.3	29.3	28.6	755.8	0.00	0.0	0	0.00	0	0.0	0.00	0.0	0.000	0.006	33.7	48	21.2	37.6	8.60	 .0697	0.00	23	1	100.0	1
04/08/15	10:23 p	26.7	26.7	26.7	80	23.0	2.2	E	0.13	3.1	E	26.7	29.3	29.3	28.6	755.8	0.00	0.0	0	0.00	0	0.0	0.00	0.0	0.000	0.006	33.7	48	21.2	37.6	8.60	 .0697	0.00	24	1	100.0	1
04/08/15	10:24 p	26.7	26.7	26.7	80	23.0	2.2	E	0.13	2.7	E	26.7	29.3	29.3	28.6	755.8	0.00	0.0	0	0.00	0	0.0	0.00	0.0	0.000	0.006	33.7	48	21.2	37.6	8.60	 .0697	0.00	23	1	100.0	1
04/08/15	10:25 p	26.7	26.7	26.7	80	23.0	3.1	E	0.19	3.6	E	26.7	29.3	29.3	28.6	755.8	0.00	0.0	0	0.00	0	0.0	0.00	0.0	0.000	0.006	33.8	48	21.2	37.7	8.59	 .0697	0.00	23	1	100.0	1
04/08/15	10:26 p	26.8	26.8	26.7	80	23.0	2.7	E	0.16	3.6	E	26.8	29.4	29.4	28.7	755.8	0.00	0.0	0	0.00	0	0.0	0.00	0.0	0.000	0.006	33.8	48	21.2	37.7	8.59	 .0697	0.00	24	1	100.0	1
04/08/15	10:27 p	26.7	26.8	26.7	80	23.0	2.7	E	0.16	3.1	E	26.7	29.3	29.3	28.6	755.8	0.00	0.0	0	0.00	0	0.0	0.00	0.0	0.000	0.006	33.8	48	21.2	37.7	8.59	 .0697	0.00	23	1	100.0	1
04/08/15	10:28 p	26.8	26.8	26.7	80	23.0	2.7	E	0.16	4.0	E	26.8	29.4	29.4	28.7	755.8	0.00	0.0	0	0.00	0	0.0	0.00	0.0	0.000	0.006	33.8	48	21.2	37.7	8.59	 .0697	0.00	24	1	100.0	1
04/08/15	10:29 p	26.8	26.8	26.8	80	23.0	2.7	E	0.16	3.6	E	26.8	29.4	29.4	28.7	755.8	0.00	0.0	0	0.00	0	0.0	0.00	0.0	0.000	0.006	33.8	48	21.2	37.7	8.59	 .0697	0.00	23	1	100.0	1
04/08/15	10:30 p	26.8	26.8	26.7	80	23.0	2.2	E	0.13	2.7	E	26.8	29.4	29.4	28.7	755.9	0.00	0.0	0	0.00	0	0.0	0.00	0.0	0.000	0.006	33.8	48	21.2	37.7	8.59	 .0697	0.00	23	1	100.0	1
04/08/15	10:31 p	26.8	26.8	26.7	80	23.0	2.2	E	0.13	3.1	E	26.8	29.4	29.4	28.7	755.9	0.00	0.0	0	0.00	0	0.0	0.00	0.0	0.000	0.006	33.7	48	21.2	37.6	8.60	 .0697	0.00	24	1	100.0	1
04/08/15	10:32 p	26.8	26.8	26.8	80	23.0	2.2	E	0.13	2.7	E	26.8	29.4	29.4	28.7	755.9	0.00	0.0	0	0.00	0	0.0	0.00	0.0	0.000	0.006	33.8	48	21.2	37.7	8.59	 .0697	0.00	23	1	100.0	1
04/08/15	10:33 p	26.8	26.8	26.8	80	23.0	2.7	E	0.16	3.1	E	26.8	29.4	29.4	28.7	755.9	0.00	0.0	0	0.00	0	0.0	0.00	0.0	0.000	0.006	33.8	48	21.2	37.7	8.59	 .0697	0.00	24	1	100.0	1
04/08/15	10:34 p	26.8	26.8	26.8	80	23.0	2.2	E	0.13	3.1	E	26.8	29.4	29.4	28.7	756.0	0.00	0.0	0	0.00	0	0.0	0.00	0.0	0.000	0.006	33.8	48	21.2	37.7	8.59	 .0697	0.00	23	1	100.0	1
04/08/15	10:35 p	26.8	26.8	26.8	80	23.0	2.2	E	0.13	2.7	E	26.8	29.4	29.4	28.7	756.0	0.00	0.0	0	0.00	0	0.0	0.00	0.0	0.000	0.006	33.8	48	21.2	37.7	8.59	 .0697	0.00	24	1	100.0	1
04/08/15	10:36 p	26.8	26.8	26.8	80	23.0	2.7	E	0.16	3.1	E	26.8	29.4	29.4	28.7	755.9	0.00	0.0	0	0.00	0	0.0	0.00	0.0	0.000	0.006	33.8	48	21.2	37.7	8.59	 .0697	0.00	23	1	100.0	1
04/08/15	10:37 p	26.8	26.8	26.8	80	23.0	3.1	E	0.19	3.6	E	26.8	29.4	29.4	28.7	755.9	0.00	0.0	0	0.00	0	0.0	0.00	0.0	0.000	0.006	33.8	48	21.2	37.7	8.59	 .0697	0.00	23	1	100.0	1
04/08/15	10:38 p	26.7	26.8	26.7	80	23.0	3.6	E	0.21	4.0	ENE	26.5	29.3	29.1	28.4	755.9	0.00	0.0	0	0.00	0	0.0	0.00	0.0	0.000	0.006	33.8	48	21.2	37.7	8.59	 .0697	0.00	24	1	100.0	1
04/08/15	10:39 p	26.7	26.7	26.7	80	23.0	3.1	E	0.19	3.6	E	26.7	29.3	29.3	28.6	755.9	0.00	0.0	0	0.00	0	0.0	0.00	0.0	0.000	0.006	33.8	48	21.2	37.7	8.59	 .0697	0.00	23	1	100.0	1
04/08/15	10:40 p	26.7	26.7	26.7	80	23.0	2.7	ENE	0.16	3.6	E	26.7	29.3	29.3	28.6	755.9	0.00	0.0	0	0.00	0	0.0	0.00	0.0	0.000	0.006	33.8	48	21.2	37.7	8.59	 .0697	0.00	24	1	100.0	1
04/08/15	10:41 p	26.7	26.7	26.7	80	23.0	2.7	E	0.16	4.0	E	26.7	29.3	29.3	28.6	755.9	0.00	0.0	0	0.00	0	0.0	0.00	0.0	0.000	0.006	33.8	48	21.2	37.7	8.59	 .0697	0.00	23	1	100.0	1
04/08/15	10:42 p	26.7	26.7	26.7	80	22.9	2.7	E	0.16	3.1	E	26.7	29.2	29.2	28.5	755.9	0.00	0.0	0	0.00	0	0.0	0.00	0.0	0.000	0.006	33.8	48	21.2	37.7	8.59	 .0697	0.00	23	1	100.0	1
04/08/15	10:43 p	26.7	26.7	26.7	80	22.9	2.7	E	0.16	3.6	E	26.7	29.2	29.2	28.5	755.9	0.00	0.0	0	0.00	0	0.0	0.00	0.0	0.000	0.006	33.8	48	21.2	37.7	8.59	 .0697	0.00	24	1	100.0	1
04/08/15	10:44 p	26.7	26.7	26.7	80	22.9	3.1	E	0.19	4.0	E	26.7	29.2	29.2	28.5	755.8	0.00	0.0	0	0.00	0	0.0	0.00	0.0	0.000	0.006	33.8	48	21.2	37.7	8.59	 .0697	0.00	23	1	100.0	1
04/08/15	10:45 p	26.7	26.7	26.7	80	23.0	2.7	E	0.16	3.6	E	26.7	29.3	29.3	28.6	755.9	0.00	0.0	0	0.00	0	0.0	0.00	0.0	0.000	0.006	33.8	48	21.2	37.7	8.59	 .0697	0.00	24	1	100.0	1
04/08/15	10:46 p	26.7	26.7	26.7	80	23.0	2.7	E	0.16	3.6	E	26.7	29.3	29.3	28.6	755.9	0.00	0.0	0	0.00	0	0.0	0.00	0.0	0.000	0.006	33.8	48	21.2	37.7	8.59	 .0697	0.00	23	1	100.0	1
04/08/15	10:47 p	26.7	26.7	26.7	80	22.9	2.7	ENE	0.16	3.1	ENE	26.7	29.2	29.2	28.5	755.9	0.00	0.0	0	0.00	0	0.0	0.00	0.0	0.000	0.006	33.8	48	21.2	37.7	8.59	 .0697	0.00	23	1	100.0	1
04/08/15	10:48 p	26.7	26.7	26.7	80	23.0	2.7	E	0.16	3.6	E	26.7	29.3	29.3	28.6	755.8	0.00	0.0	0	0.00	0	0.0	0.00	0.0	0.000	0.006	33.8	48	21.2	37.7	8.59	 .0697	0.00	24	1	100.0	1
04/08/15	10:49 p	26.7	26.7	26.7	80	23.0	2.2	E	0.13	2.7	E	26.7	29.3	29.3	28.6	755.9	0.00	0.0	0	0.00	0	0.0	0.00	0.0	0.000	0.006	33.8	48	21.2	37.7	8.59	 .0697	0.00	23	1	100.0	1
04/08/15	10:50 p	26.7	26.7	26.7	80	23.0	2.7	E	0.16	3.6	E	26.7	29.3	29.3	28.6	755.9	0.00	0.0	0	0.00	0	0.0	0.00	0.0	0.000	0.006	33.8	48	21.2	37.7	8.59	 .0697	0.00	24	1	100.0	1
04/08/15	10:51 p	26.7	26.7	26.7	80	23.0	2.7	E	0.16	3.6	E	26.7	29.3	29.3	28.6	755.8	0.00	0.0	0	0.00	0	0.0	0.00	0.0	0.000	0.006	33.8	48	21.2	37.7	8.59	 .0697	0.00	23	1	100.0	1
04/08/15	10:52 p	26.7	26.7	26.7	81	23.1	2.2	E	0.13	2.7	E	26.7	29.3	29.3	28.6	755.9	0.00	0.0	0	0.00	0	0.0	0.00	0.0	0.000	0.006	33.8	48	21.2	37.7	8.59	 .0697	0.00	24	1	100.0	1
04/08/15	10:53 p	26.7	26.7	26.7	81	23.1	1.8	E	0.11	2.7	E	26.7	29.3	29.3	28.6	755.9	0.00	0.0	0	0.00	0	0.0	0.00	0.0	0.000	0.006	33.8	48	21.2	37.7	8.59	 .0697	0.00	23	1	100.0	1
04/08/15	10:54 p	26.7	26.7	26.7	81	23.1	3.1	ENE	0.19	3.6	ENE	26.7	29.3	29.3	28.6	755.9	0.00	0.0	0	0.00	0	0.0	0.00	0.0	0.000	0.006	33.8	48	21.2	37.7	8.59	 .0697	0.00	23	1	100.0	1
04/08/15	10:55 p	26.7	26.7	26.7	81	23.1	2.7	ENE	0.16	3.1	ENE	26.7	29.3	29.3	28.6	755.9	0.00	0.0	0	0.00	0	0.0	0.00	0.0	0.000	0.006	33.8	48	21.2	37.7	8.59	 .0697	0.00	24	1	100.0	1
04/08/15	10:56 p	26.7	26.7	26.7	81	23.1	3.1	ENE	0.19	4.0	ENE	26.7	29.3	29.3	28.6	755.9	0.00	0.0	0	0.00	0	0.0	0.00	0.0	0.000	0.006	33.8	48	21.2	37.7	8.59	 .0697	0.00	23	1	100.0	1
04/08/15	10:57 p	26.7	26.7	26.7	81	23.1	2.7	E	0.16	3.6	E	26.7	29.3	29.3	28.6	755.8	0.00	0.0	0	0.00	0	0.0	0.00	0.0	0.000	0.006	33.7	48	21.2	37.6	8.60	 .0697	0.00	24	1	100.0	1
04/08/15	10:58 p	26.6	26.6	26.6	81	23.1	3.1	E	0.19	3.6	E	26.6	29.2	29.2	28.5	755.9	0.00	0.0	0	0.00	0	0.0	0.00	0.0	0.000	0.006	33.8	48	21.2	37.7	8.59	 .0697	0.00	23	1	100.0	1
04/08/15	10:59 p	26.6	26.6	26.6	81	23.1	3.1	ENE	0.19	3.6	E	26.6	29.2	29.2	28.5	755.9	0.00	0.0	0	0.00	0	0.0	0.00	0.0	0.000	0.006	33.7	48	21.2	37.6	8.60	 .0697	0.00	23	1	100.0	1
04/08/15	11:00 p	26.6	26.6	26.6	81	23.0	3.6	ENE	0.21	4.5	E	26.3	29.1	28.9	28.3	755.8	0.00	0.0	0	0.00	0	0.0	0.00	0.0	0.000	0.006	33.7	48	21.2	37.6	8.60	 .0697	0.05	24	1	100.0	1
04/08/15	11:01 p	26.6	26.6	26.6	81	23.0	2.7	ENE	0.16	3.6	ENE	26.6	29.1	29.1	28.4	755.9	0.00	0.0	0	0.00	0	0.0	0.00	0.0	0.000	0.006	33.7	48	21.2	37.6	8.60	 .0697	0.00	23	1	100.0	1
04/08/15	11:02 p	26.5	26.6	26.5	82	23.2	2.7	E	0.16	3.1	ENE	26.5	29.1	29.1	28.4	755.9	0.00	0.0	0	0.00	0	0.0	0.00	0.0	0.000	0.006	33.8	48	21.2	37.7	8.59	 .0697	0.00	24	1	100.0	1
04/08/15	11:03 p	26.5	26.5	26.5	82	23.2	3.1	E	0.19	3.6	E	26.5	29.1	29.1	28.4	755.9	0.00	0.0	0	0.00	0	0.0	0.00	0.0	0.000	0.006	33.8	48	21.2	37.7	8.59	 .0697	0.00	23	1	100.0	1
04/08/15	11:04 p	26.5	26.5	26.5	82	23.2	2.7	E	0.16	3.1	E	26.5	29.1	29.1	28.4	755.9	0.00	0.0	0	0.00	0	0.0	0.00	0.0	0.000	0.006	33.7	48	21.2	37.6	8.60	 .0697	0.00	24	1	100.0	1
04/08/15	11:05 p	26.5	26.5	26.4	82	23.2	3.1	E	0.19	3.6	E	26.5	29.1	29.1	28.4	755.9	0.00	0.0	0	0.00	0	0.0	0.00	0.0	0.000	0.006	33.7	48	21.2	37.6	8.60	 .0697	0.00	23	1	100.0	1
04/08/15	11:06 p	26.4	26.4	26.4	82	23.1	2.7	ENE	0.16	3.6	ENE	26.4	29.0	29.0	28.3	755.9	0.00	0.0	0	0.00	0	0.0	0.00	0.0	0.000	0.006	33.7	48	21.2	37.6	8.60	 .0697	0.00	23	1	100.0	1
04/08/15	11:07 p	26.4	26.4	26.4	82	23.1	2.7	ENE	0.16	3.6	E	26.4	29.0	29.0	28.3	755.9	0.00	0.0	0	0.00	0	0.0	0.00	0.0	0.000	0.006	33.7	48	21.2	37.6	8.60	 .0697	0.00	24	1	100.0	1
04/08/15	11:08 p	26.4	26.4	26.4	82	23.1	2.7	E	0.16	3.1	E	26.4	29.0	29.0	28.3	755.9	0.00	0.0	0	0.00	0	0.0	0.00	0.0	0.000	0.006	33.7	48	21.2	37.6	8.60	 .0697	0.00	23	1	100.0	1
04/08/15	11:09 p	26.4	26.4	26.4	82	23.1	2.2	E	0.13	2.7	E	26.4	29.0	29.0	28.3	755.9	0.00	0.0	0	0.00	0	0.0	0.00	0.0	0.000	0.006	33.7	48	21.2	37.6	8.60	 .0697	0.00	24	1	100.0	1
04/08/15	11:10 p	26.4	26.4	26.4	82	23.1	1.8	E	0.11	2.7	E	26.4	29.0	29.0	28.3	755.9	0.00	0.0	0	0.00	0	0.0	0.00	0.0	0.000	0.006	33.7	48	21.2	37.6	8.60	 .0697	0.00	23	1	100.0	1
04/08/15	11:11 p	26.5	26.5	26.4	82	23.2	2.2	E	0.13	2.7	E	26.5	29.1	29.1	28.4	755.9	0.00	0.0	0	0.00	0	0.0	0.00	0.0	0.000	0.006	33.7	48	21.2	37.6	8.60	 .0697	0.00	23	1	100.0	1
04/08/15	11:12 p	26.4	26.5	26.4	82	23.1	2.2	E	0.13	2.7	E	26.4	29.0	29.0	28.3	755.8	0.00	0.0	0	0.00	0	0.0	0.00	0.0	0.000	0.006	33.7	48	21.2	37.6	8.60	 .0697	0.00	24	1	100.0	1
04/08/15	11:13 p	26.5	26.5	26.5	82	23.2	2.2	E	0.13	3.1	E	26.5	29.1	29.1	28.4	755.8	0.00	0.0	0	0.00	0	0.0	0.00	0.0	0.000	0.006	33.7	48	21.2	37.6	8.60	 .0697	0.00	23	1	100.0	1
04/08/15	11:14 p	26.5	26.5	26.5	81	23.0	2.2	E	0.13	2.7	E	26.5	29.0	29.0	28.3	755.8	0.00	0.0	0	0.00	0	0.0	0.00	0.0	0.000	0.006	33.7	48	21.2	37.6	8.60	 .0697	0.00	24	1	100.0	1
04/08/15	11:15 p	26.5	26.5	26.5	81	23.0	2.2	E	0.13	3.1	E	26.5	29.0	29.0	28.3	755.8	0.00	0.0	0	0.00	0	0.0	0.00	0.0	0.000	0.006	33.7	48	21.2	37.6	8.60	 .0697	0.00	23	1	100.0	1
04/08/15	11:16 p	26.5	26.5	26.5	81	23.0	2.2	E	0.13	2.7	E	26.5	29.0	29.0	28.3	755.8	0.00	0.0	0	0.00	0	0.0	0.00	0.0	0.000	0.006	33.7	48	21.1	37.4	8.60	 .0697	0.00	24	1	100.0	1
04/08/15	11:17 p	26.6	26.6	26.5	81	23.0	1.8	E	0.11	2.7	E	26.6	29.1	29.1	28.4	755.8	0.00	0.0	0	0.00	0	0.0	0.00	0.0	0.000	0.006	33.7	48	21.2	37.6	8.60	 .0697	0.00	23	1	100.0	1
04/08/15	11:18 p	26.6	26.6	26.6	81	23.0	2.2	E	0.13	2.7	E	26.6	29.1	29.1	28.4	755.8	0.00	0.0	0	0.00	0	0.0	0.00	0.0	0.000	0.006	33.7	48	21.2	37.6	8.60	 .0697	0.00	23	1	100.0	1
04/08/15	11:19 p	26.6	26.6	26.6	81	23.0	2.7	E	0.16	3.1	E	26.6	29.1	29.1	28.4	755.8	0.00	0.0	0	0.00	0	0.0	0.00	0.0	0.000	0.006	33.7	48	21.2	37.6	8.60	 .0697	0.00	24	1	100.0	1
04/08/15	11:20 p	26.6	26.6	26.6	81	23.0	2.7	E	0.16	3.1	E	26.6	29.1	29.1	28.4	755.8	0.00	0.0	0	0.00	0	0.0	0.00	0.0	0.000	0.006	33.7	48	21.2	37.6	8.60	 .0697	0.00	23	1	100.0	1
04/08/15	11:21 p	26.6	26.6	26.6	80	22.9	2.7	E	0.16	3.6	E	26.6	29.1	29.1	28.4	755.7	0.00	0.0	0	0.00	0	0.0	0.00	0.0	0.000	0.006	33.7	48	21.2	37.6	8.60	 .0697	0.00	24	1	100.0	1
04/08/15	11:22 p	26.6	26.6	26.6	81	23.1	2.2	E	0.13	2.7	E	26.6	29.2	29.2	28.5	755.7	0.00	0.0	0	0.00	0	0.0	0.00	0.0	0.000	0.006	33.7	48	21.2	37.6	8.60	 .0697	0.00	23	1	100.0	1
04/08/15	11:23 p	26.6	26.6	26.6	81	23.1	1.8	E	0.11	2.2	E	26.6	29.2	29.2	28.5	755.7	0.00	0.0	0	0.00	0	0.0	0.00	0.0	0.000	0.006	33.7	48	21.2	37.6	8.60	 .0697	0.00	23	1	100.0	1
04/08/15	11:24 p	26.7	26.7	26.6	80	22.9	1.8	E	0.11	2.7	E	26.7	29.2	29.2	28.5	755.7	0.00	0.0	0	0.00	0	0.0	0.00	0.0	0.000	0.006	33.7	48	21.2	37.6	8.60	 .0697	0.00	24	1	100.0	1
04/08/15	11:25 p	26.7	26.7	26.7	80	22.9	1.8	E	0.11	2.7	E	26.7	29.2	29.2	28.5	755.7	0.00	0.0	0	0.00	0	0.0	0.00	0.0	0.000	0.006	33.7	48	21.1	37.4	8.60	 .0697	0.00	23	1	100.0	1
04/08/15	11:26 p	26.7	26.7	26.7	80	22.9	2.2	E	0.13	2.7	E	26.7	29.2	29.2	28.5	755.7	0.00	0.0	0	0.00	0	0.0	0.00	0.0	0.000	0.006	33.7	48	21.1	37.4	8.60	 .0697	0.00	24	1	100.0	1
04/08/15	11:27 p	26.7	26.7	26.7	80	23.0	1.8	E	0.11	2.7	E	26.7	29.3	29.3	28.6	755.7	0.00	0.0	0	0.00	0	0.0	0.00	0.0	0.000	0.006	33.7	48	21.1	37.4	8.60	 .0697	0.00	23	1	100.0	1
04/08/15	11:28 p	26.7	26.7	26.7	80	23.0	2.2	E	0.13	3.1	E	26.7	29.3	29.3	28.6	755.7	0.00	0.0	0	0.00	0	0.0	0.00	0.0	0.000	0.006	33.7	48	21.1	37.4	8.60	 .0697	0.00	24	1	100.0	1
04/08/15	11:29 p	26.8	26.8	26.8	80	23.0	1.8	E	0.11	3.1	E	26.8	29.4	29.4	28.7	755.6	0.00	0.0	0	0.00	0	0.0	0.00	0.0	0.000	0.006	33.7	48	21.2	37.6	8.60	 .0697	0.00	23	1	100.0	1
04/08/15	11:30 p	26.8	26.8	26.8	79	22.9	2.2	E	0.13	3.1	E	26.8	29.4	29.4	28.7	755.6	0.00	0.0	0	0.00	0	0.0	0.00	0.0	0.000	0.006	33.7	48	21.2	37.6	8.60	 .0697	0.00	23	1	100.0	1
04/08/15	11:31 p	26.8	26.8	26.8	79	22.9	2.2	E	0.13	3.1	E	26.8	29.4	29.4	28.7	755.6	0.00	0.0	0	0.00	0	0.0	0.00	0.0	0.000	0.006	33.7	48	21.2	37.6	8.60	 .0697	0.00	24	1	100.0	1
04/08/15	11:32 p	26.8	26.8	26.8	79	22.9	1.8	E	0.11	2.7	E	26.8	29.4	29.4	28.7	755.6	0.00	0.0	0	0.00	0	0.0	0.00	0.0	0.000	0.006	33.7	48	21.1	37.4	8.60	 .0697	0.00	23	1	100.0	1
04/08/15	11:33 p	26.9	26.9	26.9	79	22.9	1.3	E	0.08	1.8	E	26.9	29.5	29.5	28.8	755.6	0.00	0.0	0	0.00	0	0.0	0.00	0.0	0.000	0.006	33.7	48	21.2	37.6	8.60	 .0697	0.00	24	1	100.0	1
04/08/15	11:34 p	26.9	26.9	26.9	79	23.0	2.2	E	0.13	2.7	E	26.9	29.6	29.6	28.9	755.6	0.00	0.0	0	0.00	0	0.0	0.00	0.0	0.000	0.006	33.7	48	21.2	37.6	8.60	 .0697	0.00	23	1	100.0	1
04/08/15	11:35 p	26.9	26.9	26.9	79	23.0	0.9	E	0.05	1.8	E	26.9	29.6	29.6	28.9	755.6	0.00	0.0	0	0.00	0	0.0	0.00	0.0	0.000	0.006	33.7	48	21.2	37.6	8.60	 .0697	0.00	23	1	100.0	1
04/08/15	11:36 p	26.9	26.9	26.9	79	23.0	1.3	E	0.08	2.2	E	26.9	29.6	29.6	28.9	755.6	0.00	0.0	0	0.00	0	0.0	0.00	0.0	0.000	0.006	33.7	48	21.2	37.6	8.60	 .0697	0.00	24	1	100.0	1
04/08/15	11:37 p	27.0	27.0	26.9	78	22.8	1.3	E	0.08	2.2	E	27.0	29.6	29.6	28.9	755.6	0.00	0.0	0	0.00	0	0.0	0.00	0.0	0.000	0.006	33.7	48	21.2	37.6	8.60	 .0697	0.00	23	1	100.0	1
04/08/15	11:38 p	27.0	27.0	27.0	78	22.8	2.2	E	0.13	2.7	E	27.0	29.6	29.6	28.9	755.6	0.00	0.0	0	0.00	0	0.0	0.00	0.0	0.000	0.006	33.7	48	21.2	37.6	8.60	 .0696	0.00	24	1	100.0	1
04/08/15	11:39 p	27.1	27.1	27.0	78	22.9	2.2	E	0.13	3.1	E	27.1	29.7	29.7	29.1	755.6	0.00	0.0	0	0.00	0	0.0	0.00	0.0	0.000	0.006	33.7	48	21.2	37.6	8.60	 .0696	0.00	23	1	100.0	1
04/08/15	11:40 p	27.1	27.1	27.1	78	22.9	1.8	E	0.11	2.7	E	27.1	29.7	29.7	29.1	755.6	0.00	0.0	0	0.00	0	0.0	0.00	0.0	0.000	0.006	33.7	48	21.2	37.6	8.60	 .0697	0.00	23	1	100.0	1
04/08/15	11:41 p	27.1	27.1	27.1	78	22.9	2.7	E	0.16	3.1	E	27.1	29.7	29.7	29.1	755.6	0.00	0.0	0	0.00	0	0.0	0.00	0.0	0.000	0.006	33.7	48	21.2	37.6	8.60	 .0697	0.00	24	1	100.0	1
04/08/15	11:42 p	27.1	27.1	27.1	78	22.9	2.7	E	0.16	3.1	E	27.1	29.7	29.7	29.1	755.6	0.00	0.0	0	0.00	0	0.0	0.00	0.0	0.000	0.006	33.7	48	21.2	37.6	8.60	 .0696	0.00	23	1	100.0	1
04/08/15	11:43 p	27.1	27.1	27.1	78	22.9	2.2	E	0.13	2.7	E	27.1	29.7	29.7	29.1	755.5	0.00	0.0	0	0.00	0	0.0	0.00	0.0	0.000	0.006	33.7	48	21.2	37.6	8.60	 .0696	0.00	24	1	100.0	1
04/08/15	11:44 p	27.1	27.1	27.1	78	22.9	2.2	E	0.13	2.7	E	27.1	29.7	29.7	29.1	755.6	0.00	0.0	0	0.00	0	0.0	0.00	0.0	0.000	0.006	33.7	48	21.2	37.6	8.60	 .0696	0.00	23	1	100.0	1
04/08/15	11:45 p	27.1	27.1	27.1	78	22.9	2.2	E	0.13	2.7	E	27.1	29.7	29.7	29.1	755.6	0.00	0.0	0	0.00	0	0.0	0.00	0.0	0.000	0.006	33.7	48	21.2	37.6	8.60	 .0696	0.00	24	1	100.0	1
04/08/15	11:46 p	27.1	27.1	27.0	78	22.9	2.2	E	0.13	2.7	E	27.1	29.7	29.7	29.1	755.5	0.00	0.0	0	0.00	0	0.0	0.00	0.0	0.000	0.006	33.7	48	21.2	37.6	8.60	 .0696	0.00	23	1	100.0	1
04/08/15	11:47 p	27.1	27.1	27.0	78	22.9	2.2	E	0.13	2.7	E	27.1	29.7	29.7	29.1	755.5	0.00	0.0	0	0.00	0	0.0	0.00	0.0	0.000	0.006	33.7	48	21.2	37.6	8.60	 .0696	0.00	23	1	100.0	1
04/08/15	11:48 p	27.0	27.0	27.0	78	22.8	2.7	E	0.16	3.1	E	27.0	29.6	29.6	28.9	755.6	0.00	0.0	0	0.00	0	0.0	0.00	0.0	0.000	0.006	33.7	48	21.2	37.6	8.60	 .0696	0.00	24	1	100.0	1
04/08/15	11:49 p	27.0	27.0	27.0	78	22.8	2.2	E	0.13	3.1	E	27.0	29.6	29.6	28.9	755.5	0.00	0.0	0	0.00	0	0.0	0.00	0.0	0.000	0.006	33.7	48	21.2	37.6	8.60	 .0696	0.00	23	1	100.0	1
04/08/15	11:50 p	27.0	27.0	27.0	78	22.8	2.7	E	0.16	3.6	E	27.0	29.6	29.6	28.9	755.6	0.00	0.0	0	0.00	0	0.0	0.00	0.0	0.000	0.006	33.7	48	21.2	37.6	8.60	 .0696	0.00	24	1	100.0	1
04/08/15	11:51 p	27.0	27.0	27.0	78	22.8	2.2	E	0.13	2.7	E	27.0	29.6	29.6	28.9	755.6	0.00	0.0	0	0.00	0	0.0	0.00	0.0	0.000	0.006	33.8	48	21.2	37.7	8.59	 .0696	0.00	23	1	100.0	1
04/08/15	11:52 p	27.0	27.0	27.0	78	22.8	2.2	E	0.13	3.1	E	27.0	29.6	29.6	28.9	755.6	0.00	0.0	0	0.00	0	0.0	0.00	0.0	0.000	0.006	33.8	48	21.2	37.7	8.59	 .0696	0.00	23	1	100.0	1
04/08/15	11:53 p	27.0	27.0	27.0	78	22.8	2.2	E	0.13	2.7	E	27.0	29.6	29.6	28.9	755.6	0.00	0.0	0	0.00	0	0.0	0.00	0.0	0.000	0.006	33.7	48	21.2	37.6	8.60	 .0696	0.00	24	1	100.0	1
04/08/15	11:54 p	27.0	27.0	27.0	78	22.8	2.2	E	0.13	2.7	E	27.0	29.6	29.6	28.9	755.6	0.00	0.0	0	0.00	0	0.0	0.00	0.0	0.000	0.006	33.8	48	21.2	37.7	8.59	 .0696	0.00	23	1	100.0	1
04/08/15	11:55 p	27.0	27.0	27.0	78	22.8	2.2	E	0.13	3.1	E	27.0	29.6	29.6	28.9	755.6	0.00	0.0	0	0.00	0	0.0	0.00	0.0	0.000	0.006	33.8	48	21.2	37.7	8.59	 .0696	0.00	24	1	100.0	1
04/08/15	11:56 p	27.0	27.0	27.0	79	23.0	1.8	E	0.11	2.7	E	27.0	29.7	29.7	29.1	755.6	0.00	0.0	0	0.00	0	0.0	0.00	0.0	0.000	0.006	33.8	48	21.2	37.7	8.59	 .0696	0.00	23	1	100.0	1
04/08/15	11:57 p	27.0	27.0	27.0	79	23.0	2.2	E	0.13	3.1	E	27.0	29.7	29.7	29.1	755.5	0.00	0.0	0	0.00	0	0.0	0.00	0.0	0.000	0.006	33.7	48	21.2	37.6	8.60	 .0696	0.00	24	1	100.0	1
04/08/15	11:58 p	27.0	27.0	27.0	79	23.0	2.7	E	0.16	3.1	E	27.0	29.7	29.7	29.1	755.5	0.00	0.0	0	0.00	0	0.0	0.00	0.0	0.000	0.006	33.8	48	21.2	37.7	8.59	 .0696	0.00	23	1	100.0	1
04/08/15	11:59 p	27.0	27.0	27.0	79	23.0	1.8	E	0.11	2.2	E	27.0	29.7	29.7	29.1	755.5	0.00	0.0	0	0.00	0	0.0	0.00	0.0	0.000	0.006	33.7	48	21.2	37.6	8.60	 .0696	0.00	23	1	100.0	1
05/08/15	12:00 a	26.9	27.0	26.9	79	23.0	1.8	E	0.11	2.2	E	26.9	29.6	29.6	28.9	755.5	0.00	0.0	0	0.00	0	0.0	0.00	0.0	0.000	0.006	33.8	48	21.2	37.7	8.59	 .0696	0.05	24	1	100.0	1
