		Temp	Hi	Low	Out	Dew	Wind	Wind	Wind	Hi	Hi	Wind	Heat	THW	THSW			Rain	Solar	Solar	Hi Solar	UV 	UV 	Hi 	Heat	Cool	In 	In	In 	In 	In 	In Air		Wind	Wind	ISS 	Arc.
Date	Time	Out	Temp	Temp	Hum	Pt.	Speed	Dir	Run	Speed	Dir	Chill	Index	Index	Index	Bar  	Rain	Rate	Rad.	Energy	Rad. 	Index	Dose	UV 	D-D 	D-D 	Temp	Hum	Dew	Heat	EMC	Density	ET 	Samp	Tx 	Recept	Int.
01/01/15	12:10 a	25.1	25.1	25.1	91	23.5	1.8	W	1.07	3.1	W	25.1	27.4	27.4	26.7	755.7	0.00	0.0	0	0.00	0	0.0	0.00	0.0	0.000	0.047	30.6	59	21.7	34.1	10.51	 .0703	0.00	232	1	100.0	10
01/01/15	12:20 a	25.1	25.1	25.0	91	23.5	0.9	WSW	0.54	2.7	WSW	25.1	27.4	27.4	26.7	755.6	0.00	0.0	0	0.00	0	0.0	0.00	0.0	0.000	0.047	30.6	59	21.7	34.1	10.51	 .0703	0.00	234	1	100.0	10
01/01/15	12:30 a	25.1	25.1	25.0	91	23.5	1.3	WSW	0.80	2.7	W	25.1	27.4	27.4	26.7	755.5	0.00	0.0	0	0.00	0	0.0	0.00	0.0	0.000	0.047	30.6	59	21.7	34.1	10.51	 .0703	0.00	234	1	100.0	10
01/01/15	12:40 a	25.1	25.1	25.1	91	23.5	1.3	WNW	0.80	2.7	WNW	25.1	27.4	27.4	26.7	755.3	0.00	0.0	0	0.00	0	0.0	0.00	0.0	0.000	0.047	30.6	60	21.9	34.2	10.67	 .0703	0.00	234	1	100.0	10
01/01/15	12:50 a	25.1	25.1	25.0	91	23.5	1.3	WNW	0.80	2.7	W	25.1	27.4	27.4	26.7	755.2	0.00	0.0	0	0.00	0	0.0	0.00	0.0	0.000	0.047	30.6	60	21.9	34.2	10.67	 .0703	0.00	235	1	100.0	10
01/01/15	1:00 a	25.0	25.1	25.0	91	23.4	1.3	W	0.80	2.7	W	25.0	27.3	27.3	26.6	755.2	0.00	0.0	0	0.00	0	0.0	0.00	0.0	0.000	0.046	30.6	60	21.9	34.2	10.67	 .0703	0.03	234	1	100.0	10
01/01/15	1:10 a	24.9	25.0	24.9	91	23.4	1.3	W	0.80	2.2	W	24.9	27.2	27.2	26.5	755.1	0.00	0.0	0	0.00	0	0.0	0.00	0.0	0.000	0.046	30.6	60	21.9	34.2	10.67	 .0702	0.00	234	1	100.0	10
01/01/15	1:20 a	24.9	24.9	24.9	91	23.4	1.8	W	1.07	2.7	WSW	24.9	27.2	27.2	26.5	755.0	0.00	0.0	0	0.00	0	0.0	0.00	0.0	0.000	0.046	30.6	60	21.9	34.2	10.67	 .0702	0.00	234	1	100.0	10
01/01/15	1:30 a	24.9	24.9	24.9	91	23.4	1.8	W	1.07	2.7	W	24.9	27.2	27.2	26.5	754.9	0.00	0.0	0	0.00	0	0.0	0.00	0.0	0.000	0.046	30.6	60	21.9	34.2	10.67	 .0702	0.00	234	1	100.0	10
01/01/15	1:40 a	24.9	24.9	24.9	92	23.6	1.3	W	0.80	2.7	W	24.9	27.3	27.3	26.6	754.9	0.00	0.0	0	0.00	0	0.0	0.00	0.0	0.000	0.046	30.5	60	21.9	34.1	10.67	 .0702	0.00	234	1	100.0	10
01/01/15	1:50 a	24.9	24.9	24.9	92	23.5	2.2	WNW	1.34	3.1	W	24.9	27.2	27.2	26.5	755.0	0.00	0.0	0	0.00	0	0.0	0.00	0.0	0.000	0.046	30.5	60	21.9	34.1	10.67	 .0703	0.00	234	1	100.0	10
01/01/15	2:00 a	24.9	24.9	24.9	92	23.5	1.8	NNW	1.07	3.1	NW	24.9	27.2	27.2	26.5	755.0	0.00	0.0	0	0.00	0	0.0	0.00	0.0	0.000	0.046	30.4	60	21.8	34.0	10.68	 .0703	0.03	235	1	100.0	10
01/01/15	2:10 a	24.9	24.9	24.9	92	23.5	1.8	NNE	1.07	3.1	N	24.9	27.2	27.2	26.5	755.0	0.00	0.0	0	0.00	0	0.0	0.00	0.0	0.000	0.046	30.4	60	21.8	34.0	10.68	 .0703	0.00	234	1	100.0	10
01/01/15	2:20 a	24.8	24.9	24.8	93	23.6	2.2	NNE	1.34	3.6	NNW	24.8	27.1	27.1	26.4	755.1	0.00	0.0	0	0.00	0	0.0	0.00	0.0	0.000	0.045	30.4	60	21.8	33.9	10.68	 .0703	0.00	234	1	100.0	10
01/01/15	2:30 a	24.8	24.8	24.8	93	23.6	2.7	NNE	1.61	4.0	NNE	24.8	27.1	27.1	26.4	755.0	0.00	0.0	0	0.00	0	0.0	0.00	0.0	0.000	0.045	30.3	60	21.7	33.8	10.69	 .0703	0.00	234	1	100.0	10
01/01/15	2:40 a	24.7	24.8	24.7	93	23.5	2.2	NNE	1.34	4.0	N	24.7	27.0	27.0	26.3	755.1	0.00	0.0	0	0.00	0	0.0	0.00	0.0	0.000	0.044	30.3	60	21.6	33.7	10.69	 .0703	0.00	234	1	100.0	10
01/01/15	2:50 a	24.7	24.7	24.7	93	23.5	1.3	NNE	0.80	2.7	NNE	24.7	26.9	26.9	26.2	755.1	0.00	0.0	0	0.00	0	0.0	0.00	0.0	0.000	0.044	30.3	60	21.6	33.7	10.69	 .0703	0.00	234	1	100.0	10
01/01/15	3:00 a	24.7	24.7	24.7	93	23.5	1.8	NE	1.07	2.7	NE	24.7	27.0	27.0	26.3	755.2	0.00	0.0	0	0.00	0	0.0	0.00	0.0	0.000	0.044	30.2	60	21.6	33.5	10.69	 .0704	0.03	235	1	100.0	10
01/01/15	3:10 a	24.7	24.7	24.7	94	23.7	1.8	NNE	1.07	2.7	NNE	24.7	27.1	27.1	26.4	755.2	0.00	0.0	0	0.00	0	0.0	0.00	0.0	0.000	0.044	30.2	60	21.6	33.5	10.69	 .0704	0.00	234	1	100.0	10
01/01/15	3:20 a	24.7	24.7	24.7	94	23.7	1.8	NE	1.07	3.6	NNE	24.7	27.1	27.1	26.4	755.2	0.00	0.0	0	0.00	0	0.0	0.00	0.0	0.000	0.044	30.2	60	21.6	33.5	10.69	 .0704	0.00	234	1	100.0	10
01/01/15	3:30 a	24.6	24.7	24.6	94	23.6	0.9	NNE	0.54	2.2	N	24.6	26.9	26.9	26.2	755.2	0.25	0.0	0	0.00	0	0.0	0.00	0.0	0.000	0.044	30.2	60	21.6	33.5	10.69	 .0704	0.00	234	1	100.0	10
01/01/15	3:40 a	24.6	24.6	24.6	94	23.5	1.3	NNE	0.80	2.2	NNE	24.6	26.8	26.8	26.1	755.3	0.00	0.0	0	0.00	0	0.0	0.00	0.0	0.000	0.043	30.2	61	21.9	33.7	10.89	 .0703	0.00	234	1	100.0	10
01/01/15	3:50 a	24.4	24.6	24.4	95	23.6	2.2	ENE	1.34	3.1	E	24.4	26.7	26.7	26.0	755.3	0.00	0.0	0	0.00	0	0.0	0.00	0.0	0.000	0.042	30.2	61	21.9	33.7	10.89	 .0704	0.00	234	1	100.0	10
01/01/15	4:00 a	24.4	24.4	24.4	95	23.6	1.8	ENE	1.07	3.1	ENE	24.4	26.7	26.7	26.0	755.4	0.00	0.0	0	0.00	0	0.0	0.00	0.0	0.000	0.042	30.2	61	21.8	33.6	10.90	 .0704	0.00	234	1	100.0	10
01/01/15	4:10 a	24.4	24.4	24.4	95	23.5	1.3	ENE	0.80	2.2	ENE	24.4	26.6	26.6	25.9	755.4	1.02	19.6	0	0.00	0	0.0	0.00	0.0	0.000	0.042	30.2	61	21.8	33.6	10.90	 .0704	0.00	235	1	100.0	10
01/01/15	4:20 a	24.3	24.4	24.3	95	23.4	0.9	ENE	0.54	1.8	ENE	24.3	26.4	26.4	25.8	755.4	0.51	5.3	0	0.00	0	0.0	0.00	0.0	0.000	0.041	30.2	61	21.8	33.6	10.90	 .0704	0.00	234	1	100.0	10
01/01/15	4:30 a	24.3	24.3	24.2	95	23.4	0.4	ENE	0.27	1.8	ENE	24.3	26.4	26.4	25.8	755.4	0.76	5.6	0	0.00	0	0.0	0.00	0.0	0.000	0.041	30.2	61	21.8	33.6	10.90	 .0704	0.00	234	1	100.0	10
01/01/15	4:40 a	23.9	24.3	23.9	94	22.9	0.9	WNW	0.54	2.7	WNW	23.9	26.0	26.0	25.3	755.4	0.25	3.8	0	0.00	0	0.0	0.00	0.0	0.000	0.039	30.2	61	21.8	33.6	10.90	 .0704	0.00	234	1	100.0	10
01/01/15	4:50 a	23.8	23.9	23.8	94	22.8	0.0	WNW	0.00	0.9	WNW	23.8	25.8	25.8	25.2	755.3	0.00	0.0	0	0.00	0	0.0	0.00	0.0	0.000	0.038	30.2	61	21.8	33.6	10.90	 .0704	0.00	234	1	100.0	10
01/01/15	5:00 a	23.8	23.8	23.7	95	22.9	0.0	WNW	0.00	0.9	WNW	23.8	25.8	25.8	25.1	755.3	0.00	0.0	0	0.00	0	0.0	0.00	0.0	0.000	0.038	30.2	61	21.8	33.6	10.90	 .0704	0.00	234	1	100.0	10
01/01/15	5:10 a	23.8	23.8	23.8	95	23.0	0.4	WNW	0.27	0.9	WNW	23.8	25.8	25.8	25.2	755.4	0.00	0.0	0	0.00	0	0.0	0.00	0.0	0.000	0.038	30.2	61	21.8	33.6	10.90	 .0704	0.00	235	1	100.0	10
01/01/15	5:20 a	23.9	23.9	23.8	95	23.0	0.4	WNW	0.27	1.3	WNW	23.9	25.9	25.9	25.3	755.5	0.00	0.0	0	0.00	0	0.0	0.00	0.0	0.000	0.039	30.2	61	21.8	33.6	10.90	 .0704	0.00	234	1	100.0	10
01/01/15	5:30 a	23.9	23.9	23.9	95	23.1	0.9	WNW	0.54	1.8	WNW	23.9	26.0	26.0	25.3	755.7	0.00	0.0	0	0.00	0	0.0	0.00	0.0	0.000	0.039	30.1	61	21.8	33.5	10.90	 .0704	0.00	234	1	100.0	10
01/01/15	5:40 a	23.9	23.9	23.9	94	22.9	0.9	WNW	0.54	1.8	WNW	23.9	26.0	26.0	25.3	755.9	0.00	0.0	0	0.00	0	0.0	0.00	0.0	0.000	0.039	30.1	61	21.7	33.4	10.91	 .0705	0.00	234	1	100.0	10
01/01/15	5:50 a	24.0	24.0	23.9	94	23.0	0.4	WNW	0.27	0.9	WNW	24.0	26.1	26.1	25.4	756.0	0.00	0.0	1	0.01	5	0.0	0.00	0.0	0.000	0.039	30.1	61	21.7	33.4	10.91	 .0705	0.00	234	1	100.0	10
01/01/15	6:00 a	24.1	24.1	24.0	94	23.1	0.4	WNW	0.27	0.9	WNW	24.1	26.2	26.2	25.7	756.2	0.00	0.0	13	0.19	26	0.0	0.00	0.0	0.000	0.040	30.1	61	21.7	33.4	10.91	 .0705	0.00	234	1	100.0	10
01/01/15	6:10 a	24.2	24.2	24.1	95	23.3	0.0	WNW	0.00	0.4	WNW	24.2	26.3	26.3	25.9	756.4	0.00	0.0	23	0.33	26	0.0	0.00	0.0	0.000	0.041	30.1	61	21.7	33.4	10.91	 .0705	0.00	234	1	100.0	10
01/01/15	6:20 a	24.3	24.3	24.2	95	23.4	0.0	---	0.00	0.0	---	24.3	26.4	26.4	26.2	756.5	0.00	0.0	27	0.39	30	0.0	0.00	0.0	0.000	0.041	30.1	61	21.7	33.4	10.91	 .0705	0.00	235	1	100.0	10
01/01/15	6:30 a	24.4	24.4	24.3	95	23.5	0.0	---	0.00	0.0	---	24.4	26.6	26.6	26.4	756.6	0.00	0.0	35	0.50	42	0.0	0.00	0.0	0.000	0.042	30.1	61	21.7	33.4	10.91	 .0705	0.00	234	1	100.0	10
01/01/15	6:40 a	24.4	24.5	24.4	95	23.6	0.0	---	0.00	0.0	---	24.4	26.7	26.7	26.6	756.7	0.00	0.0	44	0.63	49	0.0	0.00	0.0	0.000	0.042	30.1	61	21.8	33.5	10.90	 .0705	0.00	234	1	100.0	10
01/01/15	6:50 a	24.5	24.6	24.4	95	23.6	0.4	WNW	0.27	0.9	WNW	24.5	26.7	26.7	26.5	756.9	0.00	0.0	33	0.47	37	0.0	0.00	0.0	0.000	0.043	30.1	61	21.8	33.5	10.90	 .0705	0.00	234	1	100.0	10
01/01/15	7:00 a	24.6	24.6	24.5	95	23.7	0.9	WNW	0.54	1.8	WNW	24.6	26.8	26.8	26.6	757.1	0.00	0.0	27	0.39	39	0.0	0.00	0.0	0.000	0.043	30.1	61	21.8	33.5	10.90	 .0706	0.03	234	1	100.0	10
01/01/15	7:10 a	24.7	24.7	24.6	95	23.8	0.9	WNW	0.54	1.8	WNW	24.7	27.0	27.0	26.7	757.3	0.25	0.0	28	0.40	40	0.0	0.00	0.0	0.000	0.044	30.1	61	21.8	33.5	10.90	 .0706	0.00	234	1	100.0	10
01/01/15	7:20 a	24.7	24.7	24.6	95	23.8	0.0	WNW	0.00	1.3	WNW	24.7	27.0	27.0	27.1	757.3	0.00	0.0	53	0.76	60	0.2	0.01	0.5	0.000	0.044	30.1	61	21.8	33.5	10.90	 .0706	0.00	235	1	100.0	10
01/01/15	7:30 a	24.7	24.7	24.7	95	23.8	0.0	WNW	0.00	0.9	WNW	24.7	27.0	27.0	27.6	757.5	0.00	0.0	37	0.53	54	0.0	0.00	0.5	0.000	0.044	30.2	61	21.8	33.6	10.90	 .0706	0.00	234	1	100.0	10
01/01/15	7:40 a	24.7	24.7	24.7	95	23.9	0.0	WNW	0.00	0.9	WNW	24.7	27.1	27.1	28.1	757.5	0.00	0.0	54	0.77	93	0.2	0.01	0.6	0.000	0.044	30.2	61	21.8	33.6	10.90	 .0706	0.00	234	1	100.0	10
01/01/15	7:50 a	24.7	24.8	24.7	95	23.9	0.0	SE	0.00	0.4	SE	24.7	27.1	27.1	30.0	757.6	0.00	0.0	142	2.04	169	0.7	0.05	0.8	0.000	0.044	30.2	61	21.8	33.6	10.90	 .0706	0.00	234	1	100.0	10
01/01/15	8:00 a	24.9	24.9	24.7	95	24.1	0.0	SE	0.00	0.4	SE	24.9	27.4	27.4	31.8	757.6	0.00	0.0	228	3.27	378	0.8	0.06	0.9	0.000	0.046	30.2	61	21.9	33.7	10.89	 .0706	0.05	234	1	100.0	10
01/01/15	8:10 a	25.2	25.2	24.9	95	24.3	0.0	SE	0.00	0.9	SE	25.2	27.8	27.8	31.4	757.7	0.00	0.0	187	2.68	230	0.9	0.06	0.9	0.000	0.047	30.3	61	21.9	33.8	10.89	 .0706	0.00	234	1	100.0	10
01/01/15	8:20 a	25.3	25.3	25.2	94	24.2	0.0	SE	0.00	0.9	SE	25.3	27.9	27.9	32.6	757.7	0.00	0.0	260	3.73	308	1.0	0.07	1.0	0.000	0.048	30.4	61	22.0	34.1	10.88	 .0705	0.00	234	1	100.0	10
01/01/15	8:30 a	25.4	25.5	25.3	93	24.2	0.0	SW	0.00	1.8	SW	25.4	28.2	28.2	32.1	757.7	0.00	0.0	216	3.10	248	1.0	0.07	1.0	0.000	0.049	30.4	61	22.1	34.2	10.88	 .0705	0.00	235	1	100.0	10
01/01/15	8:40 a	25.7	25.7	25.4	93	24.5	0.0	SW	0.00	0.9	SW	25.7	28.8	28.8	33.9	757.7	0.00	0.0	313	4.49	469	1.1	0.08	1.1	0.000	0.051	30.5	61	22.1	34.3	10.87	 .0705	0.00	234	1	100.0	10
01/01/15	8:50 a	25.8	25.8	25.7	92	24.4	0.4	SW	0.27	2.2	SW	25.8	28.9	28.9	33.5	757.7	0.00	0.0	279	4.00	329	1.1	0.08	1.1	0.000	0.052	30.6	61	22.2	34.4	10.87	 .0705	0.00	234	1	100.0	10
01/01/15	9:00 a	25.7	25.8	25.7	89	23.7	1.3	WSW	0.80	2.2	WSW	25.7	28.3	28.3	30.8	757.7	0.00	0.0	160	2.29	236	0.9	0.06	1.0	0.000	0.051	30.6	61	22.2	34.4	10.87	 .0705	0.15	234	1	100.0	10
01/01/15	9:10 a	25.7	25.7	25.7	90	24.0	1.3	NW	0.80	2.2	NW	25.7	28.6	28.6	31.8	757.8	0.00	0.0	211	3.02	251	1.0	0.07	1.1	0.000	0.051	30.6	61	22.2	34.4	10.87	 .0705	0.00	234	1	100.0	10
01/01/15	9:20 a	25.9	25.9	25.7	90	24.1	0.9	E	0.54	2.2	E	25.9	28.8	28.8	33.3	757.7	0.00	0.0	305	4.37	359	1.2	0.09	1.3	0.000	0.052	30.6	61	22.2	34.4	10.87	 .0705	0.00	234	1	100.0	10
01/01/15	9:30 a	26.0	26.0	25.9	87	23.7	1.3	NNE	0.80	2.7	NE	26.0	28.8	28.8	33.8	757.7	0.00	0.0	364	5.22	517	1.4	0.10	1.4	0.000	0.053	30.6	61	22.2	34.5	10.87	 .0704	0.00	235	1	100.0	10
01/01/15	9:40 a	26.1	26.1	25.9	87	23.8	0.9	NNE	0.54	2.2	NW	26.1	28.9	28.9	33.0	757.6	0.00	0.0	292	4.19	309	1.4	0.10	1.4	0.000	0.054	30.6	62	22.4	34.7	11.01	 .0704	0.00	234	1	100.0	10
01/01/15	9:50 a	26.3	26.3	26.1	88	24.1	0.9	ENE	0.54	2.2	NNE	26.3	29.4	29.4	33.1	757.6	0.00	0.0	266	3.81	292	1.4	0.10	1.4	0.000	0.055	30.5	62	22.4	34.6	11.01	 .0704	0.00	234	1	100.0	10
01/01/15	10:00 a	26.4	26.4	26.3	87	24.1	0.4	ENE	0.27	1.8	ENE	26.4	29.6	29.6	32.8	757.6	0.00	0.0	240	3.44	283	1.4	0.10	1.4	0.000	0.056	30.4	62	22.3	34.3	11.02	 .0705	0.18	234	1	100.0	10
01/01/15	10:10 a	26.7	26.7	26.4	85	23.9	0.4	ENE	0.27	1.8	ENE	26.7	29.8	29.8	35.8	757.5	0.00	0.0	500	7.17	768	1.7	0.12	1.9	0.000	0.058	30.4	62	22.3	34.4	11.01	 .0704	0.00	234	1	100.0	10
01/01/15	10:20 a	26.9	26.9	26.7	83	23.8	1.3	NNE	0.80	2.7	NNE	26.9	30.0	30.0	36.7	757.4	0.00	0.0	733	10.51	895	1.9	0.14	2.0	0.000	0.059	30.6	61	22.2	34.5	10.87	 .0704	0.00	234	1	100.0	10
01/01/15	10:30 a	27.2	27.2	26.9	82	23.8	1.3	NE	0.80	2.2	NNE	27.2	30.4	30.4	37.1	757.4	0.00	0.0	665	9.53	905	1.9	0.14	2.0	0.000	0.061	30.7	61	22.3	34.7	10.86	 .0704	0.00	234	1	100.0	10
01/01/15	10:40 a	27.6	27.6	27.2	82	24.2	1.3	N	0.80	3.1	ENE	27.6	31.4	31.4	38.7	757.2	0.00	0.0	841	12.06	962	2.0	0.14	2.1	0.000	0.064	30.8	61	22.4	34.8	10.85	 .0703	0.00	235	1	100.0	10
01/01/15	10:50 a	27.3	27.6	27.3	81	23.8	1.8	NNE	1.07	3.6	NNW	27.3	30.7	30.7	35.9	757.0	0.00	0.0	444	6.36	879	1.8	0.13	2.0	0.000	0.062	30.8	61	22.4	34.8	10.85	 .0703	0.00	234	1	100.0	10
01/01/15	11:00 a	27.9	27.9	27.3	83	24.7	0.4	NNE	0.27	3.1	WNW	27.9	32.4	32.4	38.3	756.8	0.00	0.0	528	7.57	990	1.9	0.14	2.1	0.000	0.066	30.9	61	22.5	34.9	10.85	 .0703	0.43	234	1	100.0	10
01/01/15	11:10 a	28.2	28.2	27.9	77	23.8	1.3	WNW	0.80	2.7	WNW	28.2	32.2	32.2	38.3	756.7	0.00	0.0	561	8.04	984	1.9	0.14	2.1	0.000	0.068	31.0	61	22.6	35.0	10.84	 .0702	0.00	234	1	100.0	10
01/01/15	11:20 a	28.1	28.2	27.9	78	23.9	1.8	W	1.07	3.6	W	28.1	32.1	32.1	38.4	756.6	0.00	0.0	605	8.67	816	1.8	0.13	1.9	0.000	0.068	31.1	60	22.4	34.9	10.63	 .0702	0.00	234	1	100.0	10
01/01/15	11:30 a	28.2	28.2	28.1	77	23.8	1.3	NNW	0.80	3.1	NNW	28.2	32.3	32.3	38.8	756.4	0.00	0.0	833	11.94	909	2.0	0.14	2.0	0.000	0.069	31.2	60	22.5	35.1	10.63	 .0702	0.00	234	1	100.0	10
01/01/15	11:40 a	28.6	28.6	28.2	74	23.5	1.3	WNW	0.80	3.1	WNW	28.6	32.8	32.8	39.4	756.2	0.00	0.0	859	12.31	914	2.0	0.14	2.0	0.000	0.071	31.2	60	22.5	35.2	10.62	 .0701	0.00	234	1	100.0	10
01/01/15	11:50 a	28.6	28.7	28.6	75	23.7	1.8	WNW	1.07	3.1	NNE	28.6	33.0	33.0	39.3	756.1	0.00	0.0	838	12.01	881	1.9	0.14	1.9	0.000	0.071	31.3	60	22.6	35.3	10.62	 .0701	0.00	235	1	100.0	10
01/01/15	12:00 p	28.7	28.8	28.6	72	23.2	1.8	WNW	1.07	3.1	WNW	28.7	32.7	32.7	39.2	755.8	0.00	0.0	857	12.29	898	1.9	0.14	1.9	0.000	0.072	31.4	60	22.7	35.6	10.61	 .0700	0.51	234	1	100.0	10
01/01/15	12:10 p	28.8	28.8	28.5	75	23.9	1.3	NNE	0.80	3.1	NNE	28.8	33.4	33.4	40.2	755.7	0.00	0.0	723	10.36	858	1.9	0.14	2.0	0.000	0.073	31.4	59	22.5	35.6	10.48	 .0700	0.00	234	1	100.0	10
01/01/15	12:20 p	29.0	29.3	28.8	70	23.0	1.3	ENE	0.80	3.6	N	29.0	32.9	32.9	39.6	755.6	0.00	0.0	780	11.18	888	1.9	0.14	1.9	0.000	0.074	31.6	59	22.6	35.8	10.47	 .0700	0.00	234	1	100.0	10
01/01/15	12:30 p	28.8	29.0	28.8	75	23.9	1.3	NE	0.80	3.1	N	28.8	33.4	33.4	37.4	755.4	0.00	0.0	338	4.85	439	1.6	0.11	1.7	0.000	0.073	31.6	59	22.6	35.8	10.47	 .0700	0.00	234	1	100.0	10
01/01/15	12:40 p	29.3	29.3	28.8	71	23.5	1.3	E	0.80	3.1	N	29.3	33.7	33.7	40.4	755.2	0.00	0.0	743	10.65	847	1.9	0.14	2.0	0.000	0.076	31.7	59	22.7	36.2	10.47	 .0699	0.00	234	1	100.0	10
01/01/15	12:50 p	29.2	29.3	29.1	72	23.6	1.3	ENE	0.80	3.1	ENE	29.2	33.7	33.7	39.2	755.1	0.00	0.0	495	7.10	807	1.8	0.13	2.0	0.000	0.075	31.8	59	22.8	36.4	10.46	 .0698	0.00	235	1	100.0	10
01/01/15	1:00 p	29.2	29.3	29.2	71	23.4	1.3	E	0.80	2.7	E	29.2	33.6	33.6	37.0	755.0	0.00	0.0	292	4.19	671	1.7	0.12	1.9	0.000	0.076	31.9	59	22.9	36.6	10.46	 .0698	0.38	234	1	100.0	10
01/01/15	1:10 p	29.3	29.3	29.1	74	24.2	0.4	E	0.27	1.8	E	29.3	34.3	34.3	37.3	754.8	0.00	0.0	250	3.58	348	1.6	0.11	1.9	0.000	0.076	31.8	59	22.8	36.4	10.46	 .0698	0.00	234	1	100.0	10
01/01/15	1:20 p	29.4	29.5	29.3	71	23.6	1.8	ENE	1.07	3.1	NE	29.4	34.0	34.0	39.6	754.7	0.00	0.0	496	7.11	657	1.9	0.14	1.9	0.000	0.077	32.2	58	22.9	37.0	10.25	 .0697	0.00	234	1	100.0	10
01/01/15	1:30 p	29.6	29.6	29.4	72	24.0	0.9	NW	0.54	2.2	NNE	29.6	34.6	34.6	38.2	754.5	0.00	0.0	294	4.21	346	1.9	0.14	1.9	0.000	0.078	32.6	58	23.2	37.9	10.25	 .0696	0.00	234	1	100.0	10
01/01/15	1:40 p	29.9	29.9	29.6	70	23.8	0.9	N	0.54	2.2	N	29.9	34.9	34.9	38.2	754.5	0.00	0.0	275	3.94	281	1.8	0.13	1.9	0.000	0.080	33.1	57	23.4	39.0	10.05	 .0694	0.00	234	1	100.0	10
01/01/15	1:50 p	30.0	30.2	29.9	69	23.7	1.3	NE	0.80	2.7	NNE	30.0	34.9	34.9	38.5	754.5	0.00	0.0	291	4.17	318	1.8	0.13	1.8	0.000	0.081	33.4	57	23.8	39.8	10.05	 .0693	0.00	234	1	100.0	10
01/01/15	2:00 p	29.5	30.0	29.5	70	23.5	2.2	NNW	1.34	3.1	NW	29.5	33.9	33.9	37.0	754.5	0.00	0.0	245	3.51	315	1.5	0.11	1.7	0.000	0.078	33.3	56	23.3	39.1	9.91	 .0694	0.23	235	1	100.0	10
01/01/15	2:10 p	29.5	29.5	29.4	70	23.5	1.8	NW	1.07	2.7	W	29.5	33.9	33.9	37.6	754.5	0.00	0.0	288	4.13	315	1.5	0.11	1.6	0.000	0.078	33.1	57	23.4	39.0	10.05	 .0694	0.00	234	1	100.0	10
01/01/15	2:20 p	29.5	29.6	29.4	70	23.5	1.8	NNE	1.07	2.7	WNW	29.5	33.9	33.9	37.3	754.5	0.00	0.0	260	3.73	285	1.5	0.11	1.6	0.000	0.078	33.1	56	23.1	38.6	9.92	 .0695	0.00	234	1	100.0	10
01/01/15	2:30 p	29.6	29.6	29.4	70	23.5	0.9	NE	0.54	2.2	NE	29.6	34.1	34.1	36.6	754.4	0.00	0.0	197	2.82	246	1.4	0.10	1.5	0.000	0.078	32.8	57	23.2	38.3	10.05	 .0695	0.00	234	1	100.0	10
01/01/15	2:40 p	29.9	29.9	29.6	70	23.9	0.9	WNW	0.54	2.2	WNW	29.9	35.1	35.1	37.9	754.4	0.00	0.0	213	3.05	244	1.5	0.11	1.5	0.000	0.081	32.9	57	23.2	38.4	10.05	 .0695	0.00	234	1	100.0	10
01/01/15	2:50 p	30.3	30.3	30.0	69	24.0	0.9	WSW	0.54	2.7	W	30.3	35.6	35.6	38.2	754.5	0.00	0.0	196	2.81	200	1.5	0.11	1.5	0.000	0.083	33.0	57	23.3	38.7	10.05	 .0695	0.00	234	1	100.0	10
01/01/15	3:00 p	30.0	30.3	29.9	69	23.7	1.8	NE	1.07	3.6	W	30.0	34.9	34.9	38.3	754.5	0.00	0.0	236	3.38	253	1.4	0.10	1.4	0.000	0.081	33.1	57	23.4	38.9	10.05	 .0694	0.18	235	1	100.0	10
01/01/15	3:10 p	30.0	30.1	29.9	71	24.2	0.9	WNW	0.54	2.2	NNW	30.0	35.3	35.3	39.2	754.4	0.00	0.0	265	3.80	272	1.3	0.09	1.3	0.000	0.081	33.0	57	23.3	38.7	10.05	 .0695	0.00	234	1	100.0	10
01/01/15	3:20 p	29.9	30.0	29.9	70	23.9	1.8	WSW	1.07	3.6	WSW	29.9	35.1	35.1	39.2	754.4	0.00	0.0	279	4.00	290	1.3	0.09	1.3	0.000	0.081	32.9	57	23.2	38.4	10.05	 .0695	0.00	234	1	100.0	10
01/01/15	3:30 p	29.8	29.9	29.8	71	24.0	2.2	SW	1.34	4.0	W	29.8	34.9	34.9	38.8	754.5	0.00	0.0	244	3.50	287	1.2	0.09	1.2	0.000	0.080	32.7	57	23.1	38.1	10.05	 .0696	0.00	234	1	100.0	10
01/01/15	3:40 p	29.7	29.8	29.7	71	23.8	2.2	WSW	1.34	3.6	WSW	29.7	34.6	34.6	37.7	754.6	0.00	0.0	197	2.82	278	1.1	0.08	1.1	0.000	0.079	32.6	57	22.9	37.7	10.05	 .0696	0.00	234	1	100.0	10
01/01/15	3:50 p	29.6	29.7	29.5	73	24.2	0.9	WSW	0.54	2.7	WSW	29.6	34.7	34.7	36.3	754.6	0.00	0.0	105	1.51	160	1.0	0.07	1.0	0.000	0.078	32.4	57	22.8	37.3	10.05	 .0697	0.00	234	1	100.0	10
01/01/15	4:00 p	29.3	29.6	29.3	74	24.2	1.8	WSW	1.07	3.1	WSW	29.3	34.3	34.3	34.8	754.6	0.00	0.0	47	0.67	58	0.2	0.01	1.0	0.000	0.076	32.2	57	22.6	36.9	10.05	 .0697	0.15	234	1	100.0	10
01/01/15	4:10 p	29.0	29.3	29.0	75	24.1	1.8	WSW	1.07	3.6	WSW	29.0	33.9	33.9	34.1	754.6	0.00	0.0	29	0.42	40	0.0	0.00	0.0	0.000	0.074	32.1	57	22.5	36.6	10.06	 .0698	0.00	235	1	100.0	10
01/01/15	4:20 p	28.8	29.0	28.8	76	24.2	2.2	WSW	1.34	3.6	WSW	28.8	33.8	33.8	33.8	754.7	0.00	0.0	22	0.32	25	0.0	0.00	0.0	0.000	0.073	31.9	58	22.6	36.5	10.26	 .0698	0.00	234	1	100.0	10
01/01/15	4:30 p	28.7	28.8	28.7	77	24.3	2.2	WSW	1.34	3.1	WSW	28.7	33.7	33.7	33.6	754.8	0.00	0.0	16	0.23	19	0.0	0.00	0.0	0.000	0.072	31.8	58	22.5	36.2	10.26	 .0699	0.00	234	1	100.0	10
01/01/15	4:40 p	28.5	28.7	28.5	80	24.7	2.2	WSW	1.34	4.0	NNE	28.5	33.6	33.6	33.3	755.0	0.00	0.0	8	0.11	9	0.0	0.00	0.0	0.000	0.071	31.8	58	22.5	36.1	10.27	 .0699	0.00	234	1	100.0	10
01/01/15	4:50 p	26.9	28.5	26.9	84	24.0	3.6	NE	2.15	6.7	NNE	26.7	30.3	30.1	29.9	755.2	0.00	0.0	12	0.17	26	0.0	0.00	0.0	0.000	0.060	31.6	58	22.3	35.7	10.27	 .0700	0.00	234	1	100.0	10
01/01/15	5:00 p	26.8	26.9	26.8	88	24.7	1.8	ENE	1.07	3.6	ENE	26.8	30.6	30.6	31.3	755.2	0.51	2.0	45	0.65	51	0.0	0.00	0.0	0.000	0.059	31.5	59	22.5	35.7	10.48	 .0700	0.05	234	1	100.0	10
01/01/15	5:10 p	26.6	26.8	26.6	88	24.4	0.4	E	0.27	1.8	SE	26.6	29.9	29.9	30.1	755.4	0.76	9.1	23	0.33	40	0.0	0.00	0.0	0.000	0.057	31.4	59	22.5	35.6	10.48	 .0700	0.00	234	1	100.0	10
01/01/15	5:20 p	26.4	26.6	26.4	89	24.4	0.4	SE	0.27	1.3	SE	26.4	29.7	29.7	29.1	755.4	0.00	1.0	0	0.00	5	0.0	0.00	0.0	0.000	0.056	31.4	59	22.5	35.6	10.48	 .0700	0.00	235	1	100.0	10
01/01/15	5:30 p	26.3	26.4	26.3	89	24.4	0.4	SE	0.27	0.9	SE	26.3	29.6	29.6	28.9	755.4	0.00	0.0	0	0.00	0	0.0	0.00	0.0	0.000	0.056	31.4	59	22.4	35.4	10.48	 .0700	0.00	234	1	100.0	10
01/01/15	5:40 p	26.3	26.3	26.3	90	24.5	0.0	SE	0.00	0.9	SE	26.3	29.6	29.6	28.9	755.5	0.00	0.0	0	0.00	0	0.0	0.00	0.0	0.000	0.055	31.3	59	22.4	35.3	10.48	 .0701	0.00	234	1	100.0	10
01/01/15	5:50 p	26.4	26.4	26.3	89	24.5	0.4	WSW	0.27	3.1	W	26.4	29.8	29.8	29.2	755.7	0.00	0.0	0	0.00	0	0.0	0.00	0.0	0.000	0.056	31.3	59	22.3	35.2	10.48	 .0701	0.00	234	1	100.0	10
01/01/15	6:00 p	26.4	26.5	26.4	89	24.5	1.8	WNW	1.07	3.1	WNW	26.4	29.8	29.8	29.2	755.9	0.00	0.0	0	0.00	0	0.0	0.00	0.0	0.000	0.056	31.2	60	22.5	35.2	10.62	 .0701	0.00	234	1	100.0	10
01/01/15	6:10 p	26.4	26.5	26.4	88	24.3	2.2	WNW	1.34	3.1	WNW	26.4	29.7	29.7	29.1	756.0	0.00	0.0	0	0.00	0	0.0	0.00	0.0	0.000	0.056	31.2	60	22.5	35.1	10.63	 .0701	0.00	234	1	100.0	10
01/01/15	6:20 p	26.4	26.4	26.4	88	24.2	2.2	WNW	1.34	3.6	WNW	26.4	29.6	29.6	28.9	756.1	0.00	0.0	0	0.00	0	0.0	0.00	0.0	0.000	0.056	31.1	60	22.4	34.9	10.63	 .0702	0.00	235	1	100.0	10
01/01/15	6:30 p	26.3	26.4	26.3	88	24.1	1.8	WNW	1.07	3.1	WNW	26.3	29.4	29.4	28.7	756.2	0.00	0.0	0	0.00	0	0.0	0.00	0.0	0.000	0.055	31.1	60	22.4	34.9	10.63	 .0702	0.00	234	1	100.0	10
01/01/15	6:40 p	26.3	26.3	26.3	89	24.3	0.9	WNW	0.54	2.2	WNW	26.3	29.5	29.5	28.8	756.4	0.00	0.0	0	0.00	0	0.0	0.00	0.0	0.000	0.055	31.0	60	22.3	34.8	10.64	 .0702	0.00	234	1	100.0	10
01/01/15	6:50 p	26.2	26.3	26.2	89	24.3	1.8	WNW	1.07	3.1	W	26.2	29.4	29.4	28.7	756.6	0.00	0.0	0	0.00	0	0.0	0.00	0.0	0.000	0.055	31.0	60	22.3	34.8	10.64	 .0702	0.00	234	1	100.0	10
01/01/15	7:00 p	26.1	26.2	26.1	90	24.3	1.8	W	1.07	2.2	WNW	26.1	29.2	29.2	28.5	756.8	0.00	0.0	0	0.00	0	0.0	0.00	0.0	0.000	0.054	30.9	60	22.3	34.7	10.64	 .0703	0.03	234	1	100.0	10
01/01/15	7:10 p	25.9	26.1	25.9	90	24.2	2.2	W	1.34	3.6	W	25.9	28.9	28.9	28.3	756.8	0.00	0.0	0	0.00	0	0.0	0.00	0.0	0.000	0.053	30.9	60	22.2	34.7	10.65	 .0703	0.00	234	1	100.0	10
01/01/15	7:20 p	25.8	25.9	25.8	90	24.1	2.2	W	1.34	3.6	WNW	25.8	28.8	28.8	28.1	756.9	0.00	0.0	0	0.00	0	0.0	0.00	0.0	0.000	0.052	30.9	60	22.2	34.7	10.65	 .0703	0.00	235	1	100.0	10
01/01/15	7:30 p	25.8	25.8	25.8	90	24.0	2.2	W	1.34	4.5	W	25.8	28.7	28.7	28.0	757.1	0.00	0.0	0	0.00	0	0.0	0.00	0.0	0.000	0.052	30.8	60	22.1	34.5	10.65	 .0704	0.00	234	1	100.0	10
01/01/15	7:40 p	25.7	25.8	25.7	90	24.0	1.8	W	1.07	4.0	W	25.7	28.6	28.6	27.9	757.1	0.00	0.0	0	0.00	0	0.0	0.00	0.0	0.000	0.051	30.8	60	22.1	34.5	10.65	 .0704	0.00	234	1	100.0	10
01/01/15	7:50 p	25.6	25.7	25.6	90	23.8	2.2	W	1.34	4.0	W	25.6	28.2	28.2	27.5	757.2	0.00	0.0	0	0.00	0	0.0	0.00	0.0	0.000	0.050	30.7	60	22.1	34.4	10.66	 .0704	0.00	234	1	100.0	10
01/01/15	8:00 p	25.5	25.6	25.5	91	23.9	2.2	W	1.34	4.0	WNW	25.5	28.2	28.2	27.5	757.2	0.00	0.0	0	0.00	0	0.0	0.00	0.0	0.000	0.050	30.7	60	22.0	34.4	10.66	 .0704	0.03	234	1	100.0	10
01/01/15	8:10 p	25.4	25.5	25.4	91	23.9	2.2	W	1.34	3.6	W	25.4	28.1	28.1	27.4	757.2	0.00	0.0	0	0.00	0	0.0	0.00	0.0	0.000	0.049	30.7	60	22.0	34.4	10.66	 .0704	0.00	234	1	100.0	10
01/01/15	8:20 p	25.3	25.4	25.3	92	23.9	2.2	W	1.34	3.6	WNW	25.3	27.9	27.9	27.3	757.2	0.00	0.0	0	0.00	0	0.0	0.00	0.0	0.000	0.049	30.6	61	22.2	34.4	10.87	 .0704	0.00	234	1	100.0	10
01/01/15	8:30 p	25.3	25.3	25.3	92	23.9	2.2	W	1.34	4.5	WNW	25.3	27.8	27.8	27.1	757.2	0.00	0.0	0	0.00	0	0.0	0.00	0.0	0.000	0.048	30.5	61	22.1	34.3	10.87	 .0704	0.00	235	1	100.0	10
01/01/15	8:40 p	25.2	25.3	25.2	92	23.8	1.8	WNW	1.07	3.6	W	25.2	27.7	27.7	27.0	757.2	0.00	0.0	0	0.00	0	0.0	0.00	0.0	0.000	0.048	30.4	61	22.1	34.2	10.88	 .0705	0.00	234	1	100.0	10
01/01/15	8:50 p	25.2	25.2	25.2	93	24.0	1.8	WSW	1.07	3.6	W	25.2	27.8	27.8	27.1	757.3	0.00	0.0	0	0.00	0	0.0	0.00	0.0	0.000	0.048	30.4	61	22.1	34.2	10.88	 .0705	0.00	234	1	100.0	10
01/01/15	9:00 p	25.2	25.2	25.2	92	23.8	1.3	WSW	0.80	3.1	W	25.2	27.7	27.7	27.0	757.3	0.00	0.0	0	0.00	0	0.0	0.00	0.0	0.000	0.048	30.4	61	22.1	34.2	10.88	 .0705	0.03	234	1	100.0	10
01/01/15	9:10 p	25.2	25.2	25.2	93	24.0	1.3	W	0.80	2.2	SW	25.2	27.8	27.8	27.1	757.3	0.00	0.0	0	0.00	0	0.0	0.00	0.0	0.000	0.048	30.4	61	22.1	34.2	10.88	 .0705	0.00	234	1	100.0	10
01/01/15	9:20 p	25.2	25.2	25.2	93	24.0	0.9	W	0.54	2.7	WNW	25.2	27.7	27.7	27.1	757.4	0.00	0.0	0	0.00	0	0.0	0.00	0.0	0.000	0.047	30.4	61	22.1	34.2	10.88	 .0705	0.00	234	1	100.0	10
01/01/15	9:30 p	25.1	25.2	25.1	93	23.8	1.3	WNW	0.80	2.7	WNW	25.1	27.5	27.5	26.8	757.5	0.00	0.0	0	0.00	0	0.0	0.00	0.0	0.000	0.047	30.4	61	22.0	34.1	10.88	 .0705	0.00	234	1	100.0	10
01/01/15	9:40 p	25.1	25.1	25.1	93	23.8	1.8	WNW	1.07	3.6	NW	25.1	27.5	27.5	26.8	757.6	0.00	0.0	0	0.00	0	0.0	0.00	0.0	0.000	0.047	30.4	61	22.0	34.1	10.88	 .0705	0.00	235	1	100.0	10
01/01/15	9:50 p	25.1	25.1	25.1	93	23.9	0.4	NE	0.27	1.8	NE	25.1	27.6	27.6	26.9	757.7	0.00	0.0	0	0.00	0	0.0	0.00	0.0	0.000	0.047	30.3	61	22.0	34.0	10.89	 .0705	0.00	234	1	100.0	10
01/01/15	10:00 p	25.1	25.1	25.1	93	23.9	0.4	NE	0.27	1.3	NE	25.1	27.6	27.6	26.9	757.8	0.00	0.0	0	0.00	0	0.0	0.00	0.0	0.000	0.047	30.4	61	22.0	34.1	10.88	 .0705	0.00	234	1	100.0	10
01/01/15	10:10 p	25.1	25.1	25.1	93	23.8	0.9	NE	0.54	1.8	NE	25.1	27.5	27.5	26.8	757.7	0.00	0.0	0	0.00	0	0.0	0.00	0.0	0.000	0.047	30.4	61	22.0	34.1	10.88	 .0705	0.00	234	1	100.0	10
01/01/15	10:20 p	25.0	25.1	25.0	93	23.8	1.8	WNW	1.07	3.6	WNW	25.0	27.4	27.4	26.7	757.6	0.00	0.0	0	0.00	0	0.0	0.00	0.0	0.000	0.046	30.3	61	22.0	34.0	10.89	 .0705	0.00	234	1	100.0	10
01/01/15	10:30 p	25.0	25.1	25.0	93	23.8	0.9	NW	0.54	2.2	WNW	25.0	27.4	27.4	26.7	757.5	0.00	0.0	0	0.00	0	0.0	0.00	0.0	0.000	0.046	30.3	61	21.9	33.8	10.89	 .0705	0.00	234	1	100.0	10
01/01/15	10:40 p	25.1	25.1	25.0	93	23.8	0.4	W	0.27	1.8	WNW	25.1	27.5	27.5	26.8	757.4	0.00	0.0	0	0.00	0	0.0	0.00	0.0	0.000	0.047	30.3	61	22.0	34.0	10.89	 .0705	0.00	235	1	100.0	10
01/01/15	10:50 p	25.1	25.1	25.1	93	23.8	1.3	WSW	0.80	3.1	WSW	25.1	27.5	27.5	26.8	757.3	0.00	0.0	0	0.00	0	0.0	0.00	0.0	0.000	0.047	30.3	61	22.0	34.0	10.89	 .0705	0.00	234	1	100.0	10
01/01/15	11:00 p	24.9	25.1	24.9	93	23.7	1.8	W	1.07	3.6	W	24.9	27.3	27.3	26.6	757.1	0.00	0.0	0	0.00	0	0.0	0.00	0.0	0.000	0.046	30.3	61	21.9	33.8	10.89	 .0705	0.00	234	1	100.0	10
01/01/15	11:10 p	24.9	24.9	24.9	94	23.9	1.3	W	0.80	3.1	W	24.9	27.3	27.3	26.6	757.0	0.00	0.0	0	0.00	0	0.0	0.00	0.0	0.000	0.046	30.3	61	21.9	33.8	10.89	 .0705	0.00	234	1	100.0	10
01/01/15	11:20 p	24.9	24.9	24.9	94	23.9	0.4	W	0.27	2.7	W	24.9	27.3	27.3	26.6	757.0	0.00	0.0	0	0.00	0	0.0	0.00	0.0	0.000	0.046	30.3	61	21.9	33.8	10.89	 .0705	0.00	234	1	100.0	10
01/01/15	11:30 p	24.8	24.9	24.8	94	23.8	0.9	W	0.54	2.7	W	24.8	27.2	27.2	26.4	757.0	0.00	0.0	0	0.00	0	0.0	0.00	0.0	0.000	0.045	30.3	61	21.9	33.8	10.89	 .0705	0.00	234	1	100.0	10
01/01/15	11:40 p	24.8	24.9	24.8	94	23.8	1.3	W	0.80	2.2	W	24.8	27.2	27.2	26.4	756.9	0.00	0.0	0	0.00	0	0.0	0.00	0.0	0.000	0.045	30.2	61	21.9	33.7	10.89	 .0705	0.00	234	1	100.0	10
01/01/15	11:50 p	24.8	24.8	24.8	94	23.7	1.3	W	0.80	2.7	WSW	24.8	27.1	27.1	26.4	756.9	0.00	0.0	0	0.00	0	0.0	0.00	0.0	0.000	0.045	30.2	61	21.9	33.7	10.89	 .0705	0.00	235	1	100.0	10
02/01/15	12:00 a	24.8	24.8	24.8	94	23.8	0.4	WSW	0.27	2.2	WSW	24.8	27.2	27.2	26.4	756.9	0.00	0.0	0	0.00	0	0.0	0.00	0.0	0.000	0.045	30.2	61	21.8	33.6	10.90	 .0705	0.00	235	1	100.0	10
