		Temp	Hi	Low	Out	Dew	Wind	Wind	Wind	Hi	Hi	Wind	Heat	THW	THSW			Rain	Solar	Solar	Hi Solar	UV 	UV 	Hi 	Heat	Cool	In 	In	In 	In 	In 	In Air		Wind	Wind	ISS 	Arc.
Date	Time	Out	Temp	Temp	Hum	Pt.	Speed	Dir	Run	Speed	Dir	Chill	Index	Index	Index	Bar  	Rain	Rate	Rad.	Energy	Rad. 	Index	Dose	UV 	D-D 	D-D 	Temp	Hum	Dew	Heat	EMC	Density	ET 	Samp	Tx 	Recept	Int.
19/01/15	12:10 a	21.6	21.7	21.6	86	19.2	1.3	SSE	0.80	2.7	WSW	21.6	22.7	22.7	21.7	759.6	0.00	0.0	0	0.00	0	0.0	0.00	0.0	0.000	0.023	29.4	50	17.9	30.4	9.05	 .0714	0.00	233	1	100.0	10
19/01/15	12:20 a	21.6	21.6	21.6	86	19.1	0.9	S	0.54	2.7	SSE	21.6	22.6	22.6	21.6	759.6	0.00	0.0	0	0.00	0	0.0	0.00	0.0	0.000	0.022	29.4	50	17.9	30.4	9.05	 .0714	0.00	235	1	100.0	10
19/01/15	12:30 a	21.4	21.6	21.4	86	19.0	0.9	S	0.54	2.2	SSW	21.4	22.4	22.4	21.5	759.5	0.00	0.0	0	0.00	0	0.0	0.00	0.0	0.000	0.022	29.4	50	17.9	30.4	9.05	 .0714	0.00	234	1	100.0	10
19/01/15	12:40 a	21.4	21.5	21.4	86	19.0	0.9	S	0.54	2.2	SSW	21.4	22.4	22.4	21.5	759.5	0.00	0.0	0	0.00	0	0.0	0.00	0.0	0.000	0.022	29.4	50	17.9	30.4	9.05	 .0714	0.00	234	1	100.0	10
19/01/15	12:50 a	21.4	21.4	21.4	86	18.9	0.9	S	0.54	2.7	SSW	21.4	22.3	22.3	21.4	759.4	0.00	0.0	0	0.00	0	0.0	0.00	0.0	0.000	0.021	29.3	50	17.8	30.3	9.06	 .0714	0.00	234	1	100.0	10
19/01/15	1:00 a	21.4	21.4	21.4	86	18.9	0.9	SSW	0.54	2.2	SSE	21.4	22.3	22.3	21.4	759.3	0.00	0.0	0	0.00	0	0.0	0.00	0.0	0.000	0.021	29.3	50	17.8	30.3	9.06	 .0714	0.03	234	1	100.0	10
19/01/15	1:10 a	21.4	21.4	21.3	85	18.8	1.3	S	0.80	3.6	SSW	21.4	22.3	22.3	21.4	759.3	0.00	0.0	0	0.00	0	0.0	0.00	0.0	0.000	0.021	29.2	50	17.7	30.2	9.06	 .0714	0.00	234	1	100.0	10
19/01/15	1:20 a	21.3	21.4	21.3	85	18.7	1.3	S	0.80	2.7	SSE	21.3	22.2	22.2	21.3	759.2	0.00	0.0	0	0.00	0	0.0	0.00	0.0	0.000	0.021	29.2	50	17.7	30.2	9.06	 .0714	0.00	234	1	100.0	10
19/01/15	1:30 a	21.3	21.3	21.3	85	18.7	0.9	S	0.54	2.2	S	21.3	22.2	22.2	21.2	759.2	0.00	0.0	0	0.00	0	0.0	0.00	0.0	0.000	0.020	29.2	50	17.7	30.2	9.06	 .0714	0.00	235	1	100.0	10
19/01/15	1:40 a	21.3	21.3	21.3	85	18.7	0.9	S	0.54	2.7	SSW	21.3	22.2	22.2	21.2	759.2	0.00	0.0	0	0.00	0	0.0	0.00	0.0	0.000	0.020	29.2	50	17.7	30.2	9.06	 .0714	0.00	234	1	100.0	10
19/01/15	1:50 a	21.2	21.3	21.2	85	18.6	0.9	SSW	0.54	2.2	S	21.2	22.1	22.1	21.2	759.1	0.00	0.0	0	0.00	0	0.0	0.00	0.0	0.000	0.020	29.2	50	17.7	30.2	9.06	 .0714	0.00	234	1	100.0	10
19/01/15	2:00 a	21.2	21.2	21.2	85	18.6	0.9	S	0.54	2.2	SSW	21.2	22.1	22.1	21.2	759.0	0.00	0.0	0	0.00	0	0.0	0.00	0.0	0.000	0.020	29.1	50	17.6	30.1	9.06	 .0714	0.03	234	1	100.0	10
19/01/15	2:10 a	21.2	21.2	21.2	85	18.5	0.9	S	0.54	2.7	S	21.2	22.0	22.0	21.1	759.0	0.00	0.0	0	0.00	0	0.0	0.00	0.0	0.000	0.020	29.1	50	17.6	30.1	9.06	 .0714	0.00	234	1	100.0	10
19/01/15	2:20 a	21.1	21.2	21.1	85	18.5	0.9	S	0.54	2.2	S	21.1	21.9	21.9	21.0	758.9	0.00	0.0	0	0.00	0	0.0	0.00	0.0	0.000	0.019	29.1	50	17.6	30.1	9.06	 .0714	0.00	234	1	100.0	10
19/01/15	2:30 a	21.1	21.1	21.1	85	18.4	0.9	S	0.54	2.7	SSE	21.1	21.9	21.9	20.9	758.9	0.00	0.0	0	0.00	0	0.0	0.00	0.0	0.000	0.019	29.0	50	17.5	30.0	9.07	 .0714	0.00	235	1	100.0	10
19/01/15	2:40 a	21.1	21.1	21.0	85	18.4	0.9	S	0.54	2.2	SSW	21.1	21.9	21.9	20.9	758.8	0.00	0.0	0	0.00	0	0.0	0.00	0.0	0.000	0.019	29.0	50	17.5	30.0	9.07	 .0714	0.00	234	1	100.0	10
19/01/15	2:50 a	21.1	21.1	21.0	85	18.4	1.3	S	0.80	3.1	WSW	21.1	21.9	21.9	20.9	758.8	0.00	0.0	0	0.00	0	0.0	0.00	0.0	0.000	0.019	28.9	50	17.5	29.9	9.07	 .0714	0.00	234	1	100.0	10
19/01/15	3:00 a	21.1	21.1	21.0	85	18.4	0.9	SSE	0.54	3.1	SSW	21.1	21.9	21.9	20.9	758.7	0.00	0.0	0	0.00	0	0.0	0.00	0.0	0.000	0.019	28.9	50	17.5	29.9	9.07	 .0714	0.03	234	1	100.0	10
19/01/15	3:10 a	21.0	21.1	21.0	85	18.4	0.9	S	0.54	3.1	SSE	21.0	21.9	21.9	20.9	758.7	0.00	0.0	0	0.00	0	0.0	0.00	0.0	0.000	0.019	28.9	50	17.4	29.9	9.07	 .0714	0.00	234	1	100.0	10
19/01/15	3:20 a	20.9	21.1	20.9	85	18.3	1.3	S	0.80	3.1	S	20.9	21.8	21.8	20.9	758.8	0.00	0.0	0	0.00	0	0.0	0.00	0.0	0.000	0.018	28.9	50	17.4	29.9	9.07	 .0714	0.00	234	1	100.0	10
19/01/15	3:30 a	20.9	20.9	20.9	85	18.3	0.9	S	0.54	3.1	SW	20.9	21.8	21.8	20.8	758.9	0.00	0.0	0	0.00	0	0.0	0.00	0.0	0.000	0.018	28.8	50	17.4	29.8	9.07	 .0715	0.00	234	1	100.0	10
19/01/15	3:40 a	20.8	20.9	20.8	86	18.4	0.9	SSW	0.54	2.2	SSW	20.8	21.8	21.8	20.8	759.0	0.00	0.0	0	0.00	0	0.0	0.00	0.0	0.000	0.017	28.8	50	17.3	29.7	9.07	 .0715	0.00	235	1	100.0	10
19/01/15	3:50 a	20.8	20.8	20.8	86	18.3	0.4	S	0.27	2.7	S	20.8	21.7	21.7	20.8	759.1	0.00	0.0	0	0.00	0	0.0	0.00	0.0	0.000	0.017	28.8	50	17.3	29.7	9.07	 .0715	0.00	234	1	100.0	10
19/01/15	4:00 a	20.8	20.8	20.8	86	18.3	0.9	S	0.54	2.2	S	20.8	21.7	21.7	20.8	759.1	0.00	0.0	0	0.00	0	0.0	0.00	0.0	0.000	0.017	28.8	50	17.3	29.7	9.07	 .0715	0.03	234	1	100.0	10
19/01/15	4:10 a	20.7	20.8	20.7	86	18.2	0.4	SSW	0.27	1.8	S	20.7	21.7	21.7	20.7	759.1	0.00	0.0	0	0.00	0	0.0	0.00	0.0	0.000	0.016	28.7	50	17.3	29.6	9.08	 .0715	0.00	234	1	100.0	10
19/01/15	4:20 a	20.6	20.7	20.6	86	18.2	0.4	SSW	0.27	2.2	S	20.6	21.6	21.6	20.7	759.3	0.00	0.0	0	0.00	0	0.0	0.00	0.0	0.000	0.016	28.7	50	17.3	29.6	9.08	 .0715	0.00	234	1	100.0	10
19/01/15	4:30 a	20.6	20.6	20.6	86	18.1	0.9	S	0.54	2.2	SE	20.6	21.6	21.6	20.6	759.3	0.00	0.0	0	0.00	0	0.0	0.00	0.0	0.000	0.015	28.7	50	17.3	29.6	9.08	 .0715	0.00	234	1	100.0	10
19/01/15	4:40 a	20.6	20.6	20.6	86	18.1	0.9	S	0.54	2.2	SSW	20.6	21.6	21.6	20.6	759.3	0.00	0.0	0	0.00	0	0.0	0.00	0.0	0.000	0.015	28.7	50	17.2	29.6	9.08	 .0716	0.00	234	1	100.0	10
19/01/15	4:50 a	20.6	20.6	20.6	86	18.1	1.3	S	0.80	2.7	S	20.6	21.6	21.6	20.6	759.3	0.00	0.0	0	0.00	0	0.0	0.00	0.0	0.000	0.015	28.7	50	17.2	29.6	9.08	 .0716	0.00	235	1	100.0	10
19/01/15	5:00 a	20.6	20.6	20.6	85	18.0	1.8	S	1.07	2.7	SSE	20.6	21.6	21.6	20.7	759.5	0.00	0.0	0	0.00	0	0.0	0.00	0.0	0.000	0.016	28.6	50	17.2	29.4	9.08	 .0716	0.03	234	1	100.0	10
19/01/15	5:10 a	20.7	20.7	20.6	85	18.1	1.3	S	0.80	2.7	S	20.7	21.6	21.6	20.7	759.5	0.00	0.0	0	0.00	0	0.0	0.00	0.0	0.000	0.016	28.6	50	17.1	29.3	9.08	 .0716	0.00	234	1	100.0	10
19/01/15	5:20 a	20.7	20.7	20.7	85	18.1	1.3	S	0.80	2.7	SSE	20.7	21.6	21.6	20.7	759.6	0.00	0.0	0	0.00	0	0.0	0.00	0.0	0.000	0.016	28.6	50	17.1	29.3	9.08	 .0716	0.00	234	1	100.0	10
19/01/15	5:30 a	20.7	20.7	20.7	84	17.9	1.8	S	1.07	2.7	SSW	20.7	21.6	21.6	20.7	759.7	0.00	0.0	0	0.00	0	0.0	0.00	0.0	0.000	0.016	28.5	50	17.1	29.3	9.08	 .0717	0.00	234	1	100.0	10
19/01/15	5:40 a	20.7	20.7	20.7	84	17.9	1.8	SSE	1.07	2.7	SW	20.7	21.6	21.6	20.7	759.8	0.00	0.0	0	0.00	0	0.0	0.00	0.0	0.000	0.016	28.5	50	17.1	29.3	9.08	 .0717	0.00	234	1	100.0	10
19/01/15	5:50 a	20.7	20.7	20.7	84	17.9	1.8	SSE	1.07	2.7	SSE	20.7	21.6	21.6	20.7	759.8	0.00	0.0	2	0.03	5	0.0	0.00	0.0	0.000	0.016	28.4	50	17.0	29.2	9.09	 .0717	0.00	235	1	100.0	10
19/01/15	6:00 a	20.7	20.7	20.7	84	17.9	1.8	S	1.07	3.6	SSW	20.7	21.6	21.6	20.8	760.0	0.00	0.0	12	0.17	18	0.0	0.00	0.0	0.000	0.017	28.4	50	17.0	29.2	9.09	 .0717	0.03	234	1	100.0	10
19/01/15	6:10 a	20.8	20.8	20.7	83	17.8	1.8	S	1.07	3.1	SSE	20.8	21.6	21.6	20.9	760.1	0.00	0.0	24	0.34	32	0.0	0.00	0.0	0.000	0.017	28.4	50	17.0	29.1	9.09	 .0717	0.00	234	1	100.0	10
19/01/15	6:20 a	20.8	20.8	20.7	83	17.8	1.8	SSE	1.07	2.7	SSE	20.8	21.6	21.6	21.2	760.1	0.00	0.0	38	0.54	42	0.0	0.00	0.0	0.000	0.017	28.4	50	17.0	29.1	9.09	 .0717	0.00	234	1	100.0	10
19/01/15	6:30 a	20.9	20.9	20.8	83	17.9	1.8	S	1.07	3.1	SSE	20.9	21.7	21.7	21.4	760.3	0.00	0.0	53	0.76	62	0.0	0.00	0.0	0.000	0.018	28.4	50	17.0	29.1	9.09	 .0718	0.00	234	1	100.0	10
19/01/15	6:40 a	21.1	21.1	20.9	82	17.9	1.3	S	0.80	2.7	SSE	21.1	21.8	21.8	21.9	760.4	0.00	0.0	80	1.15	97	0.0	0.00	0.0	0.000	0.019	28.4	50	17.0	29.1	9.09	 .0718	0.00	234	1	100.0	10
19/01/15	6:50 a	21.3	21.3	21.1	81	17.9	1.8	SSE	1.07	3.6	SSW	21.3	22.1	22.1	22.6	760.4	0.00	0.0	115	1.65	132	0.1	0.01	0.5	0.000	0.021	28.4	50	17.0	29.1	9.09	 .0718	0.00	234	1	100.0	10
19/01/15	7:00 a	21.6	21.6	21.3	81	18.2	1.8	SSE	1.07	3.6	S	21.6	22.3	22.3	23.3	760.6	0.00	0.0	151	2.16	165	0.5	0.04	0.6	0.000	0.022	28.4	50	17.0	29.1	9.09	 .0718	0.05	235	1	100.0	10
19/01/15	7:10 a	21.8	21.8	21.6	80	18.2	1.3	S	0.80	3.6	SSW	21.8	22.6	22.6	24.0	760.8	0.00	0.0	185	2.65	200	0.6	0.04	0.7	0.000	0.024	28.4	50	17.0	29.2	9.09	 .0718	0.00	234	1	100.0	10
19/01/15	7:20 a	22.2	22.2	21.8	79	18.4	1.3	S	0.80	3.1	SE	22.2	22.9	22.9	27.1	760.9	0.00	0.0	220	3.15	237	0.7	0.05	0.8	0.000	0.027	28.4	50	17.0	29.2	9.09	 .0718	0.00	234	1	100.0	10
19/01/15	7:30 a	22.5	22.5	22.2	78	18.5	0.9	SSE	0.54	2.7	SSE	22.5	23.3	23.3	28.1	761.0	0.00	0.0	255	3.66	269	0.8	0.06	0.9	0.000	0.029	28.5	50	17.1	29.3	9.08	 .0718	0.00	234	1	100.0	10
19/01/15	7:40 a	22.8	22.8	22.6	76	18.4	1.3	S	0.80	3.6	S	22.8	23.7	23.7	28.9	761.2	0.00	0.0	287	4.11	304	0.9	0.06	1.0	0.000	0.031	28.6	50	17.2	29.4	9.08	 .0718	0.00	234	1	100.0	10
19/01/15	7:50 a	23.1	23.1	22.8	75	18.4	2.2	SSE	1.34	4.0	S	23.1	24.0	24.0	29.7	761.3	0.00	0.0	325	4.66	345	1.1	0.08	1.1	0.000	0.033	28.7	50	17.2	29.6	9.08	 .0718	0.00	234	1	100.0	10
19/01/15	8:00 a	23.4	23.4	23.1	75	18.7	1.8	S	1.07	3.6	SSW	23.4	24.4	24.4	30.4	761.4	0.00	0.0	360	5.16	378	1.2	0.09	1.2	0.000	0.035	28.7	50	17.3	29.6	9.08	 .0718	0.18	235	1	100.0	10
19/01/15	8:10 a	23.7	23.7	23.4	74	18.8	2.2	SSE	1.34	3.6	S	23.7	24.7	24.7	31.0	761.4	0.00	0.0	398	5.71	424	1.3	0.09	1.4	0.000	0.037	28.8	49	17.0	29.6	8.87	 .0718	0.00	234	1	100.0	10
19/01/15	8:20 a	24.1	24.1	23.7	74	19.1	1.3	SSE	0.80	4.0	SSW	24.1	25.2	25.2	31.6	761.4	0.00	0.0	429	6.15	445	1.4	0.10	1.5	0.000	0.040	28.9	49	17.1	29.8	8.87	 .0717	0.00	234	1	100.0	10
19/01/15	8:30 a	24.4	24.4	24.1	71	18.8	1.8	S	1.07	4.5	SSW	24.4	25.5	25.5	32.0	761.4	0.00	0.0	465	6.67	483	1.6	0.11	1.7	0.000	0.042	28.9	49	17.2	29.9	8.87	 .0717	0.00	234	1	100.0	10
19/01/15	8:40 a	24.7	24.7	24.4	71	19.1	1.8	SSE	1.07	4.5	WSW	24.7	25.8	25.8	32.4	761.4	0.00	0.0	495	7.10	510	1.7	0.12	1.8	0.000	0.044	29.0	49	17.2	29.9	8.87	 .0717	0.00	234	1	100.0	10
19/01/15	8:50 a	24.8	24.8	24.7	70	19.0	2.2	SSE	1.34	4.0	SSW	24.8	25.9	25.9	32.6	761.4	0.00	0.0	527	7.55	538	1.9	0.14	1.9	0.000	0.045	29.1	49	17.3	30.0	8.86	 .0717	0.00	234	1	100.0	10
19/01/15	9:00 a	25.1	25.1	24.8	69	19.0	2.2	SSE	1.34	4.0	SW	25.1	26.1	26.1	32.7	761.4	0.00	0.0	556	7.97	573	2.0	0.14	2.0	0.000	0.047	29.1	49	17.3	30.1	8.86	 .0717	0.33	234	1	100.0	10
19/01/15	9:10 a	25.6	25.6	25.1	70	19.7	1.8	S	1.07	4.5	SW	25.6	26.7	26.7	33.3	761.3	0.00	0.0	585	8.39	605	2.0	0.14	2.0	0.000	0.050	29.2	49	17.4	30.1	8.86	 .0716	0.00	235	1	100.0	10
19/01/15	9:20 a	26.0	26.0	25.6	66	19.2	1.8	SSW	1.07	4.0	WSW	26.0	27.0	27.0	33.5	761.4	0.00	0.0	605	8.67	638	2.1	0.15	2.1	0.000	0.053	29.2	49	17.4	30.1	8.86	 .0716	0.00	234	1	100.0	10
19/01/15	9:30 a	26.1	26.1	25.9	66	19.2	2.7	SW	1.61	5.4	SW	26.1	27.1	27.1	33.6	761.4	0.00	0.0	635	9.10	654	2.2	0.16	2.2	0.000	0.054	29.3	49	17.5	30.2	8.86	 .0716	0.00	234	1	100.0	10
19/01/15	9:40 a	25.9	26.1	25.9	65	18.9	3.1	SW	1.88	5.8	WSW	25.9	26.8	26.8	33.2	761.5	0.00	0.0	665	9.53	696	2.3	0.16	2.4	0.000	0.053	29.3	49	17.5	30.2	8.85	 .0716	0.00	234	1	100.0	10
19/01/15	9:50 a	26.3	26.3	25.9	65	19.2	2.7	SW	1.61	6.7	WSW	26.3	27.3	27.3	33.9	761.4	0.00	0.0	697	9.99	717	2.4	0.17	2.5	0.000	0.056	29.4	49	17.6	30.3	8.85	 .0715	0.00	234	1	100.0	10
19/01/15	10:00 a	26.4	26.5	26.3	63	18.8	3.1	SW	1.88	6.7	SW	26.4	27.3	27.3	33.7	761.3	0.00	0.0	721	10.34	744	2.6	0.19	2.6	0.000	0.056	29.5	49	17.7	30.4	8.85	 .0715	0.46	234	1	100.0	10
19/01/15	10:10 a	26.6	26.6	26.3	64	19.2	3.1	WSW	1.88	5.8	SW	26.6	27.6	27.6	33.9	761.2	0.00	0.0	740	10.61	749	2.7	0.19	2.9	0.000	0.057	29.6	49	17.7	30.5	8.85	 .0715	0.00	234	1	100.0	10
19/01/15	10:20 a	26.8	26.8	26.6	62	18.9	2.7	SW	1.61	5.8	SW	26.8	27.7	27.7	34.2	761.1	0.00	0.0	757	10.85	772	3.1	0.22	3.3	0.000	0.059	29.6	49	17.7	30.5	8.85	 .0715	0.00	235	1	100.0	10
19/01/15	10:30 a	26.9	27.0	26.8	61	18.8	3.1	SW	1.88	8.0	WSW	26.9	27.9	27.9	34.1	761.0	0.00	0.0	773	11.08	805	3.4	0.24	3.4	0.000	0.060	29.6	49	17.8	30.6	8.85	 .0715	0.00	234	1	100.0	10
19/01/15	10:40 a	26.9	27.1	26.9	60	18.5	4.0	WSW	2.41	8.0	WSW	26.3	27.7	27.1	32.8	760.9	0.00	0.0	788	11.30	796	3.5	0.25	3.6	0.000	0.059	29.7	49	17.8	30.7	8.85	 .0714	0.00	234	1	100.0	10
19/01/15	10:50 a	26.8	26.9	26.7	61	18.7	4.5	SW	2.68	7.2	WSW	25.9	27.7	26.8	32.2	760.8	0.00	0.0	788	11.30	810	3.7	0.26	3.7	0.000	0.059	29.8	49	17.9	30.8	8.85	 .0714	0.00	234	1	100.0	10
19/01/15	11:00 a	27.3	27.3	26.8	58	18.3	2.7	SSE	1.61	5.4	WSW	27.3	28.2	28.2	34.2	760.7	0.00	0.0	790	11.32	812	3.8	0.27	3.8	0.000	0.062	29.8	49	17.9	30.8	8.85	 .0714	0.56	234	1	100.0	10
19/01/15	11:10 a	27.4	27.4	27.3	58	18.4	2.7	S	1.61	7.2	SW	27.4	28.3	28.3	34.3	760.6	0.00	0.0	798	11.44	817	3.9	0.28	4.0	0.000	0.063	29.8	49	18.0	30.9	8.85	 .0713	0.00	234	1	100.0	10
19/01/15	11:20 a	27.5	27.6	27.4	58	18.5	3.6	SW	2.15	8.9	W	27.3	28.4	28.2	33.7	760.4	0.00	0.0	798	11.44	833	4.0	0.29	4.0	0.000	0.064	29.9	49	18.0	30.9	8.85	 .0713	0.00	235	1	100.0	10
19/01/15	11:30 a	27.5	27.5	27.3	59	18.8	3.6	SW	2.15	6.7	SW	27.3	28.5	28.3	34.1	760.3	0.00	0.0	796	11.41	833	4.0	0.29	4.1	0.000	0.064	29.9	49	18.0	30.9	8.85	 .0713	0.00	234	1	100.0	10
19/01/15	11:40 a	27.9	27.9	27.5	56	18.4	2.2	SSE	1.34	4.9	SW	27.9	28.9	28.9	35.1	760.1	0.00	0.0	802	11.50	842	4.0	0.29	4.2	0.000	0.067	29.9	49	18.1	31.0	8.85	 .0713	0.00	234	1	100.0	10
19/01/15	11:50 a	27.9	28.1	27.9	56	18.3	2.7	SSW	1.61	7.2	SW	27.9	28.8	28.8	35.1	759.9	0.00	0.0	801	11.48	831	4.1	0.29	4.2	0.000	0.066	30.1	48	17.8	31.1	8.73	 .0712	0.00	234	1	100.0	10
19/01/15	12:00 p	27.8	27.9	27.8	57	18.5	2.7	SW	1.61	6.3	SW	27.8	28.8	28.8	35.2	759.7	0.00	0.0	669	9.59	809	3.9	0.28	4.1	0.000	0.066	30.1	48	17.9	31.2	8.73	 .0712	0.56	234	1	100.0	10
19/01/15	12:10 p	28.1	28.1	27.8	57	18.7	2.7	S	1.61	6.7	SSW	28.1	29.2	29.2	35.6	759.5	0.00	0.0	790	11.32	838	4.1	0.29	4.2	0.000	0.068	30.2	48	17.9	31.3	8.72	 .0712	0.00	234	1	100.0	10
19/01/15	12:20 p	28.3	28.3	28.1	56	18.7	2.7	S	1.61	5.8	S	28.3	29.5	29.5	36.0	759.4	0.00	0.0	743	10.65	830	4.1	0.29	4.2	0.000	0.069	30.2	48	17.9	31.3	8.72	 .0712	0.00	235	1	100.0	10
19/01/15	12:30 p	28.2	28.3	28.2	56	18.6	3.1	SW	1.88	6.3	SSE	28.2	29.3	29.3	35.6	759.2	0.00	0.0	780	11.18	849	4.2	0.30	4.3	0.000	0.069	30.2	48	18.0	31.4	8.72	 .0711	0.00	234	1	100.0	10
19/01/15	12:40 p	28.4	28.4	28.2	55	18.5	2.2	SW	1.34	4.5	SSW	28.4	29.5	29.5	35.9	759.0	0.00	0.0	673	9.65	803	3.8	0.27	4.1	0.000	0.070	30.3	48	18.1	31.6	8.72	 .0711	0.00	234	1	100.0	10
19/01/15	12:50 p	28.2	28.5	28.2	55	18.3	3.1	SW	1.88	9.4	W	28.2	29.2	29.2	33.2	758.9	0.00	0.0	363	5.20	791	3.5	0.25	3.9	0.000	0.069	30.4	48	18.1	31.7	8.72	 .0710	0.00	234	1	100.0	10
19/01/15	1:00 p	28.4	28.5	28.2	55	18.5	3.1	WSW	1.88	6.7	SW	28.4	29.5	29.5	35.7	758.8	0.00	0.0	653	9.36	796	3.7	0.26	4.0	0.000	0.070	30.4	48	18.2	31.8	8.71	 .0710	0.51	234	1	100.0	10
19/01/15	1:10 p	28.2	28.4	28.2	56	18.6	4.0	SW	2.41	6.7	WSW	27.7	29.2	28.8	33.9	758.6	0.00	0.0	535	7.67	814	3.5	0.25	4.0	0.000	0.068	30.6	48	18.3	31.9	8.71	 .0710	0.00	234	1	100.0	10
19/01/15	1:20 p	28.3	28.3	28.1	55	18.4	3.1	SSW	1.88	7.2	WSW	28.3	29.4	29.4	33.6	758.4	0.00	0.0	380	5.45	494	3.4	0.24	3.7	0.000	0.069	30.6	48	18.3	31.9	8.71	 .0709	0.00	234	1	100.0	10
19/01/15	1:30 p	28.4	28.7	28.3	55	18.5	3.1	SW	1.88	6.7	WSW	28.4	29.5	29.5	32.8	758.4	0.00	0.0	294	4.21	401	3.1	0.22	3.7	0.000	0.070	30.7	48	18.5	32.2	8.70	 .0709	0.00	235	1	100.0	10
19/01/15	1:40 p	28.6	28.6	28.3	56	18.9	3.1	WSW	1.88	5.8	SW	28.6	29.9	29.9	33.3	758.2	0.00	0.0	301	4.31	353	3.3	0.24	3.4	0.000	0.071	30.9	47	18.3	32.2	8.50	 .0708	0.00	234	1	100.0	10
19/01/15	1:50 p	28.3	28.6	28.3	56	18.7	4.0	WSW	2.41	8.0	W	27.8	29.4	28.9	32.1	758.2	0.00	0.0	296	4.24	325	2.7	0.19	2.8	0.000	0.069	30.9	47	18.3	32.2	8.50	 .0708	0.00	234	1	100.0	10
19/01/15	2:00 p	28.3	28.3	28.3	56	18.7	3.1	WSW	1.88	6.7	WSW	28.3	29.5	29.5	32.6	758.1	0.00	0.0	270	3.87	309	2.7	0.19	2.9	0.000	0.069	30.9	47	18.3	32.2	8.50	 .0708	0.33	234	1	100.0	10
19/01/15	2:10 p	28.8	28.8	28.3	55	18.9	2.2	SW	1.34	5.8	S	28.8	30.2	30.2	33.7	758.0	0.00	0.0	288	4.13	352	2.8	0.20	2.9	0.000	0.073	31.0	47	18.4	32.3	8.49	 .0708	0.00	234	1	100.0	10
19/01/15	2:20 p	28.4	28.9	28.4	54	18.2	4.0	SW	2.41	7.2	SW	28.0	29.5	29.1	31.6	757.9	0.00	0.0	231	3.31	350	2.4	0.17	2.8	0.000	0.070	31.1	47	18.4	32.4	8.49	 .0708	0.00	234	1	100.0	10
19/01/15	2:30 p	28.5	28.5	28.3	56	18.9	3.1	SW	1.88	7.2	WSW	28.5	29.8	29.8	33.1	757.9	0.00	0.0	267	3.83	311	2.5	0.18	2.6	0.000	0.071	31.1	47	18.4	32.4	8.49	 .0708	0.00	235	1	100.0	10
19/01/15	2:40 p	28.4	28.6	28.3	55	18.5	4.0	SW	2.41	7.2	W	27.9	29.5	29.1	31.8	757.8	0.00	0.0	236	3.38	276	2.3	0.16	2.3	0.000	0.070	31.1	47	18.4	32.4	8.49	 .0708	0.00	234	1	100.0	10
19/01/15	2:50 p	28.4	28.4	28.4	56	18.8	4.0	SW	2.41	8.0	WSW	28.0	29.7	29.2	32.7	757.7	0.00	0.0	294	4.21	323	2.2	0.16	2.3	0.000	0.070	31.1	47	18.5	32.4	8.49	 .0707	0.00	234	1	100.0	10
19/01/15	3:00 p	28.3	28.4	28.3	55	18.4	4.5	SW	2.68	8.0	SW	27.7	29.4	28.7	32.1	757.8	0.00	0.0	286	4.10	341	2.0	0.14	2.0	0.000	0.069	31.1	47	18.5	32.4	8.49	 .0707	0.28	234	1	100.0	10
19/01/15	3:10 p	28.2	28.4	28.2	57	18.9	4.5	WSW	2.68	7.2	SW	27.6	29.4	28.7	32.2	757.8	0.00	0.0	284	4.07	362	1.7	0.12	1.9	0.000	0.069	31.1	47	18.5	32.4	8.49	 .0707	0.00	234	1	100.0	10
19/01/15	3:20 p	28.0	28.2	28.0	58	19.0	3.6	WSW	2.15	7.2	W	27.8	29.2	29.0	32.2	757.8	0.00	0.0	233	3.34	272	1.5	0.11	1.6	0.000	0.067	31.1	47	18.4	32.4	8.49	 .0708	0.00	234	1	100.0	10
19/01/15	3:30 p	28.0	28.1	28.0	58	19.0	4.0	SW	2.41	6.3	WSW	27.5	29.2	28.7	32.2	757.8	0.00	0.0	259	3.71	279	1.4	0.10	1.5	0.000	0.067	31.0	47	18.4	32.3	8.49	 .0708	0.00	234	1	100.0	10
19/01/15	3:40 p	27.8	28.0	27.8	59	19.1	4.0	SW	2.41	6.3	SW	27.3	29.0	28.5	31.5	757.8	0.00	0.0	210	3.01	232	1.3	0.09	1.3	0.000	0.066	30.9	47	18.3	32.2	8.50	 .0708	0.00	235	1	100.0	10
19/01/15	3:50 p	27.8	27.8	27.8	59	19.1	3.1	WSW	1.88	6.7	WSW	27.8	29.0	29.0	32.1	757.9	0.00	0.0	198	2.84	209	1.2	0.09	1.2	0.000	0.066	30.8	47	18.2	32.1	8.50	 .0708	0.00	234	1	100.0	10
19/01/15	4:00 p	27.7	27.8	27.7	59	18.9	4.0	WSW	2.41	6.7	WSW	27.2	28.7	28.2	30.8	757.9	0.00	0.0	171	2.45	183	1.0	0.07	1.1	0.000	0.065	30.8	47	18.2	32.1	8.50	 .0709	0.25	234	1	100.0	10
19/01/15	4:10 p	27.4	27.7	27.4	59	18.7	4.5	SW	2.68	8.0	WSW	26.6	28.3	27.5	29.6	758.0	0.00	0.0	140	2.01	158	0.9	0.06	1.0	0.000	0.063	30.7	47	18.1	32.0	8.50	 .0709	0.00	234	1	100.0	10
19/01/15	4:20 p	27.2	27.4	27.2	60	18.8	4.0	SW	2.41	7.2	SW	26.7	28.2	27.6	29.2	758.1	0.00	0.0	104	1.49	113	0.8	0.06	0.8	0.000	0.062	30.7	47	18.1	31.9	8.51	 .0709	0.00	234	1	100.0	10
19/01/15	4:30 p	27.1	27.2	27.1	60	18.6	4.5	SW	2.68	6.7	SW	26.2	27.9	27.1	28.4	758.3	0.00	0.0	87	1.25	95	0.7	0.05	0.7	0.000	0.061	30.6	47	18.0	31.8	8.51	 .0709	0.00	234	1	100.0	10
19/01/15	4:40 p	26.9	27.1	26.9	62	19.0	3.6	WSW	2.15	6.3	WSW	26.7	27.9	27.7	28.6	758.4	0.00	0.0	64	0.92	76	0.5	0.04	0.6	0.000	0.059	30.6	47	18.0	31.8	8.51	 .0710	0.00	234	1	100.0	10
19/01/15	4:50 p	26.7	26.9	26.7	62	18.8	4.0	WSW	2.41	7.2	WSW	26.1	27.6	26.9	27.4	758.5	0.00	0.0	43	0.62	53	0.0	0.00	0.0	0.000	0.058	30.5	47	17.9	31.7	8.51	 .0710	0.00	235	1	100.0	10
19/01/15	5:00 p	26.4	26.7	26.4	63	18.8	3.6	WSW	2.15	5.8	WSW	26.2	27.3	27.1	27.2	758.6	0.00	0.0	26	0.37	32	0.0	0.00	0.0	0.000	0.056	30.4	47	17.8	31.5	8.52	 .0710	0.15	234	1	100.0	10
19/01/15	5:10 p	26.2	26.4	26.2	64	18.9	3.1	SW	1.88	5.4	WSW	26.2	27.1	27.1	26.3	758.7	0.00	0.0	14	0.20	19	0.0	0.00	0.0	0.000	0.055	30.3	47	17.8	31.4	8.52	 .0711	0.00	234	1	100.0	10
19/01/15	5:20 p	26.0	26.2	26.0	65	18.9	3.1	SW	1.88	4.9	SW	26.0	26.9	26.9	26.1	758.8	0.00	0.0	5	0.07	9	0.0	0.00	0.0	0.000	0.053	30.3	47	17.7	31.3	8.52	 .0711	0.00	234	1	100.0	10
19/01/15	5:30 p	25.8	26.0	25.8	66	18.9	3.1	SW	1.88	5.8	W	25.8	26.7	26.7	25.7	759.0	0.00	0.0	0	0.00	0	0.0	0.00	0.0	0.000	0.052	30.2	48	18.0	31.4	8.72	 .0711	0.00	234	1	100.0	10
19/01/15	5:40 p	25.5	25.8	25.5	68	19.2	3.1	SW	1.88	4.9	WSW	25.5	26.5	26.5	25.6	759.1	0.00	0.0	0	0.00	0	0.0	0.00	0.0	0.000	0.050	30.2	48	17.9	31.3	8.72	 .0711	0.00	234	1	100.0	10
19/01/15	5:50 p	25.2	25.5	25.2	69	19.1	3.1	WSW	1.88	4.9	WSW	25.2	26.2	26.2	25.3	759.2	0.00	0.0	0	0.00	0	0.0	0.00	0.0	0.000	0.048	30.2	48	17.9	31.3	8.72	 .0711	0.00	234	1	100.0	10
19/01/15	6:00 p	25.0	25.3	25.0	71	19.4	2.7	WSW	1.61	4.5	WSW	25.0	26.1	26.1	25.2	759.3	0.00	0.0	0	0.00	0	0.0	0.00	0.0	0.000	0.046	30.1	48	17.8	31.1	8.73	 .0712	0.08	235	1	100.0	10
19/01/15	6:10 p	24.8	25.0	24.8	72	19.4	2.7	WSW	1.61	4.5	WSW	24.8	26.0	26.0	25.1	759.4	0.00	0.0	0	0.00	0	0.0	0.00	0.0	0.000	0.045	29.9	48	17.7	30.9	8.73	 .0712	0.00	234	1	100.0	10
19/01/15	6:20 p	24.7	24.8	24.7	72	19.3	2.7	WSW	1.61	4.5	WSW	24.7	25.8	25.8	24.9	759.5	0.00	0.0	0	0.00	0	0.0	0.00	0.0	0.000	0.044	29.9	48	17.7	30.9	8.73	 .0712	0.00	234	1	100.0	10
19/01/15	6:30 p	24.5	24.7	24.5	73	19.3	2.2	WSW	1.34	4.0	WSW	24.5	25.7	25.7	24.8	759.7	0.00	0.0	0	0.00	0	0.0	0.00	0.0	0.000	0.043	29.9	48	17.7	30.9	8.73	 .0713	0.00	234	1	100.0	10
19/01/15	6:40 p	24.3	24.5	24.3	74	19.3	2.2	WSW	1.34	3.6	WSW	24.3	25.5	25.5	24.6	759.8	0.00	0.0	0	0.00	0	0.0	0.00	0.0	0.000	0.041	30.0	48	17.8	31.0	8.73	 .0712	0.00	234	1	100.0	10
19/01/15	6:50 p	24.1	24.3	24.1	75	19.4	2.2	WSW	1.34	4.0	WSW	24.1	25.3	25.3	24.4	760.0	0.00	0.0	0	0.00	0	0.0	0.00	0.0	0.000	0.040	30.0	48	17.8	31.0	8.73	 .0713	0.00	234	1	100.0	10
19/01/15	7:00 p	23.9	24.1	23.9	76	19.5	2.2	WSW	1.34	4.0	WSW	23.9	25.2	25.2	24.3	760.1	0.00	0.0	0	0.00	0	0.0	0.00	0.0	0.000	0.039	29.9	48	17.7	30.9	8.73	 .0713	0.05	235	1	100.0	10
19/01/15	7:10 p	23.8	23.9	23.8	76	19.3	2.2	WSW	1.34	3.6	WSW	23.8	24.9	24.9	24.0	760.2	0.00	0.0	0	0.00	0	0.0	0.00	0.0	0.000	0.038	29.9	48	17.7	30.9	8.73	 .0713	0.00	234	1	100.0	10
19/01/15	7:20 p	23.7	23.8	23.7	77	19.4	2.2	WSW	1.34	4.5	WSW	23.7	24.8	24.8	23.9	760.4	0.00	0.0	0	0.00	0	0.0	0.00	0.0	0.000	0.037	29.9	48	17.7	30.8	8.73	 .0713	0.00	234	1	100.0	10
19/01/15	7:30 p	23.6	23.7	23.6	77	19.3	1.8	WSW	1.07	3.1	WSW	23.6	24.8	24.8	23.8	760.6	0.00	0.0	0	0.00	0	0.0	0.00	0.0	0.000	0.037	29.9	48	17.7	30.8	8.73	 .0714	0.00	234	1	100.0	10
19/01/15	7:40 p	23.5	23.6	23.5	77	19.2	2.2	WSW	1.34	3.6	WSW	23.5	24.6	24.6	23.7	760.7	0.00	0.0	0	0.00	0	0.0	0.00	0.0	0.000	0.036	29.8	48	17.6	30.8	8.74	 .0714	0.00	234	1	100.0	10
19/01/15	7:50 p	23.4	23.5	23.4	78	19.3	2.2	WSW	1.34	4.0	WSW	23.4	24.5	24.5	23.6	760.8	0.00	0.0	0	0.00	0	0.0	0.00	0.0	0.000	0.035	29.8	48	17.6	30.8	8.74	 .0714	0.00	234	1	100.0	10
19/01/15	8:00 p	23.2	23.4	23.2	78	19.2	2.2	WSW	1.34	4.0	WSW	23.2	24.3	24.3	23.3	760.9	0.00	0.0	0	0.00	0	0.0	0.00	0.0	0.000	0.034	29.8	49	17.9	30.8	8.85	 .0714	0.05	234	1	100.0	10
19/01/15	8:10 p	23.1	23.3	23.1	79	19.3	2.2	SW	1.34	3.1	SW	23.1	24.2	24.2	23.2	761.0	0.00	0.0	0	0.00	0	0.0	0.00	0.0	0.000	0.033	29.8	49	17.9	30.8	8.85	 .0714	0.00	235	1	100.0	10
19/01/15	8:20 p	23.1	23.1	23.1	79	19.2	1.8	SW	1.07	3.1	WSW	23.1	24.1	24.1	23.2	761.0	0.00	0.0	0	0.00	0	0.0	0.00	0.0	0.000	0.033	29.7	49	17.9	30.7	8.85	 .0714	0.00	234	1	100.0	10
19/01/15	8:30 p	23.0	23.1	23.0	79	19.2	1.8	SW	1.07	3.1	SW	23.0	24.0	24.0	23.1	761.0	0.00	0.0	0	0.00	0	0.0	0.00	0.0	0.000	0.032	29.7	49	17.9	30.7	8.85	 .0714	0.00	234	1	100.0	10
19/01/15	8:40 p	22.9	23.0	22.9	79	19.1	1.3	SW	0.80	2.7	SW	22.9	23.9	23.9	23.0	761.1	0.00	0.0	0	0.00	0	0.0	0.00	0.0	0.000	0.032	29.7	49	17.9	30.7	8.85	 .0714	0.00	234	1	100.0	10
19/01/15	8:50 p	22.9	22.9	22.9	80	19.3	0.9	SW	0.54	2.7	SW	22.9	24.0	24.0	23.1	761.1	0.00	0.0	0	0.00	0	0.0	0.00	0.0	0.000	0.032	29.7	49	17.9	30.7	8.85	 .0714	0.00	234	1	100.0	10
19/01/15	9:00 p	22.8	22.9	22.8	80	19.2	0.4	SW	0.27	1.8	SSW	22.8	23.8	23.8	22.9	761.1	0.00	0.0	0	0.00	0	0.0	0.00	0.0	0.000	0.031	29.7	49	17.9	30.7	8.85	 .0714	0.03	235	1	100.0	10
19/01/15	9:10 p	22.8	22.8	22.8	80	19.2	0.4	SW	0.27	1.8	SW	22.8	23.8	23.8	22.9	761.1	0.00	0.0	0	0.00	0	0.0	0.00	0.0	0.000	0.031	29.7	49	17.9	30.7	8.85	 .0714	0.00	234	1	100.0	10
19/01/15	9:20 p	22.8	22.8	22.8	81	19.3	0.4	SW	0.27	1.8	SW	22.8	23.8	23.8	22.9	761.2	0.00	0.0	0	0.00	0	0.0	0.00	0.0	0.000	0.031	29.7	49	17.8	30.7	8.85	 .0715	0.00	234	1	100.0	10
19/01/15	9:30 p	22.7	22.8	22.7	81	19.3	0.4	SW	0.27	1.8	SW	22.7	23.7	23.7	22.8	761.2	0.00	0.0	0	0.00	0	0.0	0.00	0.0	0.000	0.030	29.7	49	17.9	30.7	8.85	 .0714	0.00	234	1	100.0	10
19/01/15	9:40 p	22.7	22.8	22.7	81	19.2	0.9	SW	0.54	1.8	SW	22.7	23.7	23.7	22.7	761.2	0.00	0.0	0	0.00	0	0.0	0.00	0.0	0.000	0.030	29.7	49	17.8	30.7	8.85	 .0715	0.00	234	1	100.0	10
19/01/15	9:50 p	22.6	22.7	22.6	81	19.1	0.4	SW	0.27	1.3	SW	22.6	23.5	23.5	22.6	761.2	0.00	0.0	0	0.00	0	0.0	0.00	0.0	0.000	0.029	29.6	49	17.8	30.6	8.85	 .0715	0.00	234	1	100.0	10
19/01/15	10:00 p	22.6	22.6	22.6	81	19.1	0.0	SW	0.00	1.3	SW	22.6	23.5	23.5	22.6	761.2	0.00	0.0	0	0.00	0	0.0	0.00	0.0	0.000	0.029	29.6	49	17.8	30.6	8.85	 .0715	0.03	234	1	100.0	10
19/01/15	10:10 p	22.6	22.6	22.6	81	19.1	0.0	SW	0.00	0.9	SW	22.6	23.5	23.5	22.6	761.2	0.00	0.0	0	0.00	0	0.0	0.00	0.0	0.000	0.029	29.6	49	17.8	30.6	8.85	 .0715	0.00	234	1	100.0	10
19/01/15	10:20 p	22.5	22.6	22.5	82	19.3	0.4	SSW	0.27	0.9	SSW	22.5	23.4	23.4	22.5	761.0	0.00	0.0	0	0.00	0	0.0	0.00	0.0	0.000	0.029	29.6	49	17.8	30.6	8.85	 .0715	0.00	235	1	100.0	10
19/01/15	10:30 p	22.3	22.5	22.3	83	19.3	0.9	S	0.54	2.2	SSW	22.3	23.3	23.3	22.3	761.0	0.00	0.0	0	0.00	0	0.0	0.00	0.0	0.000	0.028	29.6	49	17.7	30.5	8.85	 .0715	0.00	234	1	100.0	10
19/01/15	10:40 p	22.3	22.3	22.3	83	19.2	0.9	S	0.54	2.2	SSW	22.3	23.2	23.2	22.3	761.0	0.00	0.0	0	0.00	0	0.0	0.00	0.0	0.000	0.027	29.6	49	17.7	30.5	8.85	 .0715	0.00	234	1	100.0	10
19/01/15	10:50 p	22.3	22.3	22.3	83	19.2	0.4	SSW	0.27	2.2	SSE	22.3	23.2	23.2	22.3	761.0	0.00	0.0	0	0.00	0	0.0	0.00	0.0	0.000	0.027	29.6	49	17.7	30.5	8.85	 .0715	0.00	234	1	100.0	10
19/01/15	11:00 p	22.2	22.3	22.2	83	19.2	0.4	S	0.27	2.2	S	22.2	23.1	23.1	22.2	761.0	0.00	0.0	0	0.00	0	0.0	0.00	0.0	0.000	0.027	29.6	49	17.7	30.5	8.85	 .0715	0.03	234	1	100.0	10
19/01/15	11:10 p	22.2	22.3	22.2	83	19.1	0.9	S	0.54	2.2	SSW	22.2	23.1	23.1	22.1	761.0	0.00	0.0	0	0.00	0	0.0	0.00	0.0	0.000	0.027	29.5	49	17.7	30.4	8.85	 .0715	0.00	234	1	100.0	10
19/01/15	11:20 p	22.1	22.2	22.1	83	19.0	0.9	S	0.54	1.8	SSE	22.1	22.9	22.9	22.0	760.9	0.00	0.0	0	0.00	0	0.0	0.00	0.0	0.000	0.026	29.4	49	17.6	30.3	8.85	 .0715	0.00	235	1	100.0	10
19/01/15	11:30 p	22.1	22.1	22.1	83	19.0	0.4	S	0.27	1.3	SSE	22.1	22.9	22.9	22.0	760.8	0.00	0.0	0	0.00	0	0.0	0.00	0.0	0.000	0.026	29.4	49	17.6	30.3	8.85	 .0715	0.00	234	1	100.0	10
19/01/15	11:40 p	22.0	22.1	22.0	83	19.0	0.4	SSE	0.27	2.2	SSW	22.0	22.9	22.9	21.9	760.8	0.00	0.0	0	0.00	0	0.0	0.00	0.0	0.000	0.025	29.4	49	17.6	30.3	8.85	 .0715	0.00	234	1	100.0	10
19/01/15	11:50 p	22.0	22.1	22.0	83	19.0	0.9	S	0.54	2.2	SSW	22.0	22.9	22.9	21.9	760.6	0.00	0.0	0	0.00	0	0.0	0.00	0.0	0.000	0.025	29.4	49	17.6	30.3	8.85	 .0715	0.00	234	1	100.0	10
20/01/15	12:00 a	21.9	22.0	21.9	84	19.1	0.9	SSE	0.54	2.2	SSW	21.9	22.9	22.9	21.9	760.5	0.00	0.0	0	0.00	0	0.0	0.00	0.0	0.000	0.025	29.4	49	17.6	30.3	8.85	 .0715	0.03	234	1	100.0	10
