		Temp	Hi	Low	Out	Dew	Wind	Wind	Wind	Hi	Hi	Wind	Heat	THW	THSW			Rain	Solar	Solar	Hi Solar	UV 	UV 	Hi 	Heat	Cool	In 	In	In 	In 	In 	In Air		Wind	Wind	ISS 	Arc.
Date	Time	Out	Temp	Temp	Hum	Pt.	Speed	Dir	Run	Speed	Dir	Chill	Index	Index	Index	Bar  	Rain	Rate	Rad.	Energy	Rad. 	Index	Dose	UV 	D-D 	D-D 	Temp	Hum	Dew	Heat	EMC	Density	ET 	Samp	Tx 	Recept	Int.
18/08/14	12:10 a	26.8	26.9	26.8	75	22.0	1.3	E	0.80	2.7	E	26.8	28.9	28.9	28.2	756.1	0.00	0.0	0	0.00	0	0.0	0.00	0.0	0.000	0.059	34.4	46	21.1	38.4	8.27	 .0696	0.00	233	1	100.0	10
18/08/14	12:20 a	26.7	26.8	26.7	76	22.1	1.3	E	0.80	3.1	E	26.7	28.9	28.9	28.2	756.0	0.00	0.0	0	0.00	0	0.0	0.00	0.0	0.000	0.058	34.4	46	21.1	38.4	8.27	 .0695	0.00	234	1	100.0	10
18/08/14	12:30 a	26.6	26.7	26.6	77	22.2	1.8	E	1.07	3.1	E	26.6	28.7	28.7	27.9	756.0	0.00	0.0	0	0.00	0	0.0	0.00	0.0	0.000	0.057	34.4	46	21.1	38.4	8.27	 .0695	0.00	234	1	100.0	10
18/08/14	12:40 a	26.6	26.6	26.6	77	22.2	1.3	E	0.80	3.1	ENE	26.6	28.8	28.8	28.1	755.9	0.00	0.0	0	0.00	0	0.0	0.00	0.0	0.000	0.057	34.4	46	21.1	38.4	8.27	 .0695	0.00	235	1	100.0	10
18/08/14	12:50 a	26.6	26.6	26.5	77	22.2	1.3	E	0.80	3.6	ESE	26.6	28.7	28.7	27.9	755.9	0.00	0.0	0	0.00	0	0.0	0.00	0.0	0.000	0.057	34.4	46	21.1	38.4	8.27	 .0695	0.00	234	1	100.0	10
18/08/14	1:00 a	26.5	26.5	26.5	77	22.1	1.3	E	0.80	2.7	E	26.5	28.6	28.6	27.9	755.9	0.00	0.0	0	0.00	0	0.0	0.00	0.0	0.000	0.057	34.3	46	21.0	38.3	8.27	 .0696	0.05	234	1	100.0	10
18/08/14	1:10 a	26.7	26.7	26.5	76	22.1	0.4	S	0.27	1.8	SSE	26.7	28.8	28.8	28.1	755.8	0.00	0.0	0	0.00	0	0.0	0.00	0.0	0.000	0.058	34.4	46	21.1	38.4	8.27	 .0695	0.00	234	1	100.0	10
18/08/14	1:20 a	26.7	26.7	26.7	76	22.1	0.4	SSE	0.27	1.8	SSE	26.7	28.8	28.8	28.1	755.7	0.00	0.0	0	0.00	0	0.0	0.00	0.0	0.000	0.058	34.4	46	21.1	38.4	8.27	 .0695	0.00	234	1	100.0	10
18/08/14	1:30 a	26.7	26.7	26.7	76	22.1	0.4	SSE	0.27	2.2	SSE	26.7	28.8	28.8	28.1	755.7	0.00	0.0	0	0.00	0	0.0	0.00	0.0	0.000	0.058	34.4	46	21.1	38.4	8.27	 .0695	0.00	234	1	100.0	10
18/08/14	1:40 a	26.7	26.7	26.7	76	22.1	0.4	SSE	0.27	0.9	SSE	26.7	28.8	28.8	28.1	755.6	0.00	0.0	0	0.00	0	0.0	0.00	0.0	0.000	0.058	34.4	46	21.1	38.4	8.27	 .0695	0.00	234	1	100.0	10
18/08/14	1:50 a	26.7	26.7	26.7	76	22.1	0.4	SSE	0.27	0.9	SSE	26.7	28.9	28.9	28.2	755.6	0.00	0.0	0	0.00	0	0.0	0.00	0.0	0.000	0.058	34.4	46	21.1	38.4	8.27	 .0695	0.00	235	1	100.0	10
18/08/14	2:00 a	26.7	26.7	26.7	76	22.1	0.4	SSE	0.27	1.8	SSE	26.7	28.8	28.8	28.1	755.5	0.00	0.0	0	0.00	0	0.0	0.00	0.0	0.000	0.058	34.4	46	21.1	38.4	8.27	 .0695	0.03	234	1	100.0	10
18/08/14	2:10 a	26.6	26.7	26.6	76	22.0	0.9	SSE	0.54	2.2	SSE	26.6	28.6	28.6	27.9	755.4	0.00	0.0	0	0.00	0	0.0	0.00	0.0	0.000	0.057	34.3	46	21.0	38.3	8.27	 .0695	0.00	234	1	100.0	10
18/08/14	2:20 a	26.4	26.6	26.4	77	22.1	0.4	SSE	0.27	1.8	SSE	26.4	28.5	28.5	27.8	755.3	0.00	0.0	0	0.00	0	0.0	0.00	0.0	0.000	0.056	34.4	46	21.1	38.4	8.27	 .0695	0.00	234	1	100.0	10
18/08/14	2:30 a	26.4	26.4	26.4	77	22.0	0.9	ESE	0.54	2.7	ESE	26.4	28.4	28.4	27.7	755.3	0.00	0.0	0	0.00	0	0.0	0.00	0.0	0.000	0.056	34.3	46	21.0	38.3	8.27	 .0695	0.00	234	1	100.0	10
18/08/14	2:40 a	26.2	26.4	26.2	78	22.1	1.8	E	1.07	3.6	E	26.2	28.2	28.2	27.5	755.2	0.00	0.0	0	0.00	0	0.0	0.00	0.0	0.000	0.055	34.3	46	21.0	38.3	8.27	 .0695	0.00	234	1	100.0	10
18/08/14	2:50 a	26.1	26.2	26.1	79	22.1	2.2	E	1.34	3.6	E	26.1	28.1	28.1	27.3	755.1	0.00	0.0	0	0.00	0	0.0	0.00	0.0	0.000	0.054	34.3	46	21.0	38.3	8.27	 .0695	0.00	235	1	100.0	10
18/08/14	3:00 a	25.9	26.1	25.9	80	22.2	2.7	E	1.61	4.9	E	25.9	28.0	28.0	27.3	754.9	0.00	0.0	0	0.00	0	0.0	0.00	0.0	0.000	0.053	34.3	46	21.0	38.2	8.28	 .0695	0.03	234	1	100.0	10
18/08/14	3:10 a	25.8	25.9	25.8	80	22.1	2.7	E	1.61	4.9	ENE	25.8	27.8	27.8	27.1	754.9	0.00	0.0	0	0.00	0	0.0	0.00	0.0	0.000	0.052	34.2	46	20.9	38.1	8.28	 .0695	0.00	234	1	100.0	10
18/08/14	3:20 a	25.7	25.8	25.7	81	22.2	3.1	ENE	1.88	4.5	ENE	25.7	27.8	27.8	27.1	754.8	0.00	0.0	0	0.00	0	0.0	0.00	0.0	0.000	0.051	34.2	46	20.9	38.1	8.28	 .0695	0.00	234	1	100.0	10
18/08/14	3:30 a	25.6	25.7	25.6	82	22.3	2.7	E	1.61	4.5	E	25.6	27.7	27.7	26.9	754.7	0.00	0.0	0	0.00	0	0.0	0.00	0.0	0.000	0.051	34.2	46	20.9	37.9	8.28	 .0695	0.00	234	1	100.0	10
18/08/14	3:40 a	25.7	25.7	25.6	82	22.4	2.7	E	1.61	4.0	E	25.7	27.8	27.8	27.1	754.7	0.00	0.0	0	0.00	0	0.0	0.00	0.0	0.000	0.051	34.2	46	20.9	37.9	8.28	 .0695	0.00	234	1	100.0	10
18/08/14	3:50 a	25.7	25.7	25.7	82	22.4	2.2	E	1.34	4.0	ESE	25.7	27.8	27.8	27.1	754.7	0.00	0.0	0	0.00	0	0.0	0.00	0.0	0.000	0.051	34.1	46	20.8	37.8	8.28	 .0695	0.00	235	1	100.0	10
18/08/14	4:00 a	25.8	25.8	25.7	82	22.5	2.7	E	1.61	4.5	E	25.8	27.9	27.9	27.2	754.8	0.00	0.0	0	0.00	0	0.0	0.00	0.0	0.000	0.052	34.1	46	20.8	37.8	8.28	 .0695	0.05	234	1	100.0	10
18/08/14	4:10 a	25.8	25.8	25.7	82	22.5	2.2	E	1.34	3.6	E	25.8	27.9	27.9	27.2	754.9	0.00	0.0	0	0.00	0	0.0	0.00	0.0	0.000	0.052	34.1	46	20.8	37.8	8.28	 .0695	0.00	234	1	100.0	10
18/08/14	4:20 a	25.8	25.8	25.8	82	22.5	2.2	E	1.34	4.5	E	25.8	27.9	27.9	27.2	754.9	0.00	0.0	0	0.00	0	0.0	0.00	0.0	0.000	0.052	34.1	46	20.8	37.7	8.28	 .0695	0.00	234	1	100.0	10
18/08/14	4:30 a	25.8	25.8	25.8	82	22.5	2.7	E	1.61	4.0	E	25.8	27.9	27.9	27.2	754.9	0.00	0.0	0	0.00	0	0.0	0.00	0.0	0.000	0.052	34.1	46	20.8	37.7	8.28	 .0695	0.00	234	1	100.0	10
18/08/14	4:40 a	25.8	25.8	25.8	82	22.5	2.7	E	1.61	4.5	E	25.8	27.9	27.9	27.2	754.9	0.00	0.0	0	0.00	0	0.0	0.00	0.0	0.000	0.052	34.0	46	20.7	37.6	8.29	 .0696	0.00	234	1	100.0	10
18/08/14	4:50 a	25.8	25.8	25.8	82	22.5	2.2	E	1.34	4.5	ENE	25.8	28.0	28.0	27.3	754.9	0.00	0.0	0	0.00	0	0.0	0.00	0.0	0.000	0.052	34.0	46	20.7	37.6	8.29	 .0696	0.00	234	1	100.0	10
18/08/14	5:00 a	25.8	25.9	25.8	82	22.5	1.8	E	1.07	5.4	ESE	25.8	28.0	28.0	27.3	755.0	0.00	0.0	0	0.00	0	0.0	0.00	0.0	0.000	0.052	33.9	46	20.7	37.5	8.29	 .0696	0.03	235	1	100.0	10
18/08/14	5:10 a	25.9	25.9	25.8	82	22.6	2.2	E	1.34	4.0	ESE	25.9	28.1	28.1	27.4	755.0	0.00	0.0	0	0.00	0	0.0	0.00	0.0	0.000	0.052	33.9	46	20.7	37.5	8.29	 .0696	0.00	234	1	100.0	10
18/08/14	5:20 a	25.9	25.9	25.8	82	22.6	1.8	E	1.07	4.5	ENE	25.9	28.1	28.1	27.4	755.0	0.00	0.0	0	0.00	0	0.0	0.00	0.0	0.000	0.052	33.9	46	20.7	37.5	8.29	 .0696	0.00	234	1	100.0	10
18/08/14	5:30 a	25.9	25.9	25.8	82	22.6	1.8	E	1.07	4.5	ESE	25.9	28.1	28.1	27.4	755.1	0.00	0.0	0	0.00	0	0.0	0.00	0.0	0.000	0.052	33.9	46	20.7	37.5	8.29	 .0696	0.00	234	1	100.0	10
18/08/14	5:40 a	25.9	25.9	25.9	82	22.6	1.8	E	1.07	4.5	ESE	25.9	28.1	28.1	27.4	755.1	0.00	0.0	0	0.00	0	0.0	0.00	0.0	0.000	0.052	33.9	46	20.7	37.5	8.29	 .0696	0.00	234	1	100.0	10
18/08/14	5:50 a	25.9	25.9	25.9	83	22.8	2.7	E	1.61	4.9	E	25.9	28.2	28.2	27.5	755.0	0.00	0.0	0	0.00	0	0.0	0.00	0.0	0.000	0.052	33.9	47	21.0	37.7	8.45	 .0696	0.00	234	1	100.0	10
18/08/14	6:00 a	25.8	25.9	25.8	83	22.7	2.7	E	1.61	5.4	ESE	25.8	28.1	28.1	27.4	755.1	0.00	0.0	0	0.00	0	0.0	0.00	0.0	0.000	0.052	33.8	47	20.9	37.6	8.45	 .0696	0.03	235	1	100.0	10
18/08/14	6:10 a	25.8	25.8	25.8	83	22.7	2.7	E	1.61	5.4	ESE	25.8	28.0	28.0	27.3	755.1	0.00	0.0	0	0.00	0	0.0	0.00	0.0	0.000	0.052	33.8	47	20.9	37.6	8.45	 .0696	0.00	234	1	100.0	10
18/08/14	6:20 a	25.8	25.8	25.8	83	22.7	2.2	E	1.34	4.9	ENE	25.8	28.1	28.1	27.4	755.1	0.00	0.0	2	0.03	7	0.0	0.00	0.0	0.000	0.052	33.8	47	20.9	37.6	8.45	 .0696	0.00	234	1	100.0	10
18/08/14	6:30 a	25.8	25.8	25.8	84	22.9	3.1	E	1.88	5.4	ESE	25.8	28.1	28.1	27.6	755.2	0.00	0.0	15	0.22	21	0.0	0.00	0.0	0.000	0.052	33.8	47	20.9	37.6	8.45	 .0696	0.00	234	1	100.0	10
18/08/14	6:40 a	25.8	25.8	25.8	84	22.9	2.7	E	1.61	5.8	ENE	25.8	28.2	28.2	27.9	755.1	0.00	0.0	30	0.43	37	0.0	0.00	0.0	0.000	0.052	33.8	47	20.9	37.4	8.45	 .0696	0.00	234	1	100.0	10
18/08/14	6:50 a	25.9	25.9	25.8	84	23.0	2.7	E	1.61	4.9	E	25.9	28.3	28.3	28.2	755.3	0.00	0.0	48	0.69	58	0.0	0.00	0.0	0.000	0.052	33.8	47	20.9	37.4	8.45	 .0696	0.00	234	1	100.0	10
18/08/14	7:00 a	25.9	25.9	25.9	84	23.0	2.7	E	1.61	5.4	E	25.9	28.4	28.4	28.6	755.3	0.00	0.0	69	0.99	76	0.0	0.00	0.0	0.000	0.053	33.7	47	20.8	37.3	8.45	 .0697	0.05	234	1	100.0	10
18/08/14	7:10 a	26.0	26.0	25.9	84	23.1	2.7	E	1.61	4.9	ENE	26.0	28.4	28.4	28.8	755.4	0.00	0.0	80	1.15	81	0.0	0.00	0.0	0.000	0.053	33.7	47	20.8	37.3	8.45	 .0697	0.00	234	1	100.0	10
18/08/14	7:20 a	26.1	26.1	26.0	83	22.9	3.1	E	1.88	6.3	ESE	26.1	28.4	28.4	28.8	755.4	0.00	0.0	80	1.15	81	0.0	0.00	0.0	0.000	0.054	33.7	47	20.8	37.3	8.45	 .0697	0.00	235	1	100.0	10
18/08/14	7:30 a	26.2	26.2	26.1	83	23.0	2.7	E	1.61	6.7	SE	26.2	28.6	28.6	29.1	755.6	0.00	0.0	83	1.19	88	0.0	0.00	0.0	0.000	0.054	33.7	47	20.8	37.3	8.45	 .0697	0.00	234	1	100.0	10
18/08/14	7:40 a	26.3	26.3	26.2	83	23.2	2.7	E	1.61	5.4	E	26.3	28.8	28.8	30.6	755.6	0.00	0.0	107	1.53	130	0.1	0.01	0.5	0.000	0.055	33.7	47	20.8	37.3	8.45	 .0697	0.00	234	1	100.0	10
18/08/14	7:50 a	26.4	26.4	26.3	82	23.1	2.7	E	1.61	4.5	ESE	26.4	29.0	29.0	32.3	755.7	0.00	0.0	173	2.48	216	0.5	0.04	0.6	0.000	0.056	33.7	47	20.8	37.3	8.45	 .0697	0.00	234	1	100.0	10
18/08/14	8:00 a	26.7	26.7	26.4	81	23.2	2.2	E	1.34	4.9	E	26.7	29.4	29.4	34.5	755.7	0.00	0.0	263	3.77	302	0.7	0.05	0.8	0.000	0.058	33.7	47	20.8	37.3	8.45	 .0697	0.10	234	1	100.0	10
18/08/14	8:10 a	27.1	27.1	26.8	79	23.2	2.7	E	1.61	5.4	E	27.1	29.9	29.9	36.5	755.9	0.00	0.0	345	4.95	367	0.9	0.06	1.0	0.000	0.061	33.7	47	20.8	37.3	8.45	 .0697	0.00	234	1	100.0	10
18/08/14	8:20 a	27.6	27.6	27.1	77	23.2	1.3	E	0.80	3.6	ENE	27.6	30.8	30.8	36.8	756.1	0.00	0.0	340	4.87	366	1.0	0.07	1.0	0.000	0.064	33.7	47	20.8	37.3	8.45	 .0697	0.00	235	1	100.0	10
18/08/14	8:30 a	27.8	27.8	27.6	75	22.9	1.8	SSE	1.07	4.9	ESE	27.8	30.8	30.8	35.9	756.1	0.00	0.0	314	4.50	323	1.1	0.08	1.1	0.000	0.066	33.8	47	20.9	37.4	8.45	 .0697	0.00	234	1	100.0	10
18/08/14	8:40 a	27.8	27.8	27.7	75	22.9	3.1	E	1.88	5.4	ESE	27.8	30.8	30.8	36.1	756.0	0.00	0.0	329	4.72	339	1.2	0.09	1.2	0.000	0.066	33.8	47	20.9	37.4	8.45	 .0697	0.00	234	1	100.0	10
18/08/14	8:50 a	28.0	28.0	27.8	75	23.2	2.7	E	1.61	5.8	SE	28.0	31.4	31.4	36.6	756.1	0.00	0.0	316	4.53	327	1.3	0.09	1.3	0.000	0.067	33.8	47	20.9	37.6	8.45	 .0697	0.00	234	1	100.0	10
18/08/14	9:00 a	28.2	28.2	28.0	73	22.9	2.7	E	1.61	6.7	E	28.2	31.5	31.5	35.9	756.2	0.00	0.0	272	3.90	322	1.3	0.09	1.4	0.000	0.068	33.8	47	20.9	37.6	8.45	 .0697	0.25	234	1	100.0	10
18/08/14	9:10 a	28.5	28.5	28.2	71	22.7	2.2	E	1.34	4.9	E	28.5	31.9	31.9	37.4	756.3	0.00	0.0	374	5.36	397	1.5	0.11	1.6	0.000	0.071	33.8	47	20.9	37.6	8.45	 .0697	0.00	234	1	100.0	10
18/08/14	9:20 a	28.8	28.8	28.5	70	22.8	2.2	E	1.34	6.3	ESE	28.8	32.4	32.4	38.2	756.3	0.00	0.0	419	6.01	445	1.7	0.12	1.8	0.000	0.073	33.9	47	21.0	37.7	8.45	 .0697	0.00	234	1	100.0	10
18/08/14	9:30 a	28.9	28.9	28.8	68	22.4	3.1	E	1.88	6.3	E	28.9	32.3	32.3	38.3	756.3	0.00	0.0	478	6.85	501	1.9	0.14	1.9	0.000	0.073	33.9	47	21.0	37.8	8.45	 .0697	0.00	235	1	100.0	10
18/08/14	9:40 a	29.2	29.2	28.9	68	22.7	2.7	E	1.61	5.8	ESE	29.2	33.0	33.0	39.1	756.3	0.00	0.0	481	6.90	504	2.0	0.14	2.1	0.000	0.076	33.9	47	21.0	37.8	8.45	 .0697	0.00	234	1	100.0	10
18/08/14	9:50 a	29.4	29.4	29.2	67	22.6	2.7	E	1.61	5.8	ENE	29.4	33.1	33.1	39.5	756.2	0.00	0.0	555	7.96	584	2.2	0.16	2.3	0.000	0.077	34.0	47	21.1	37.9	8.45	 .0697	0.00	234	1	100.0	10
18/08/14	10:00 a	29.8	29.8	29.4	66	22.7	2.2	E	1.34	5.4	E	29.8	33.8	33.8	40.3	756.3	0.00	0.0	636	9.12	670	2.5	0.18	2.6	0.000	0.079	34.1	47	21.1	38.0	8.45	 .0696	0.38	234	1	100.0	10
18/08/14	10:10 a	30.0	30.0	29.8	65	22.7	2.2	ESE	1.34	4.9	ESE	30.0	34.1	34.1	40.7	756.2	0.00	0.0	662	9.49	698	2.7	0.19	2.8	0.000	0.081	34.0	47	21.1	37.9	8.45	 .0696	0.00	234	1	100.0	10
18/08/14	10:20 a	30.4	30.4	30.0	64	22.9	1.8	E	1.07	4.0	E	30.4	34.9	34.9	41.3	756.1	0.00	0.0	604	8.66	642	2.7	0.19	2.8	0.000	0.084	34.0	47	21.1	37.9	8.45	 .0696	0.00	234	1	100.0	10
18/08/14	10:30 a	30.3	30.4	30.3	63	22.5	2.7	E	1.61	5.4	ENE	30.3	34.4	34.4	40.8	756.1	0.00	0.0	608	8.72	642	2.9	0.21	2.9	0.000	0.083	34.0	47	21.1	37.9	8.45	 .0696	0.00	235	1	100.0	10
18/08/14	10:40 a	30.4	30.4	30.3	62	22.3	3.6	E	2.15	6.7	ENE	30.4	34.4	34.4	40.1	756.0	0.00	0.0	571	8.19	643	3.0	0.21	3.1	0.000	0.084	34.0	47	21.1	37.9	8.45	 .0696	0.00	234	1	100.0	10
18/08/14	10:50 a	30.6	30.6	30.4	61	22.2	2.7	E	1.61	5.4	ENE	30.6	34.5	34.5	40.9	756.0	0.00	0.0	648	9.29	788	3.3	0.24	3.7	0.000	0.085	33.9	47	21.0	37.8	8.45	 .0697	0.00	234	1	100.0	10
18/08/14	11:00 a	30.7	30.7	30.6	61	22.3	3.6	E	2.15	5.8	E	30.7	34.7	34.6	40.4	756.0	0.00	0.0	850	12.18	896	4.0	0.29	4.2	0.000	0.086	33.9	47	21.0	37.8	8.45	 .0696	0.51	234	1	100.0	10
18/08/14	11:10 a	31.2	31.2	30.7	59	22.3	3.1	ENE	1.88	5.4	ENE	31.2	35.0	35.0	41.2	755.9	0.00	0.0	907	13.00	942	4.3	0.31	4.4	0.000	0.090	33.9	47	21.0	37.8	8.45	 .0696	0.00	234	1	100.0	10
18/08/14	11:20 a	31.4	31.4	31.1	58	22.1	3.6	ENE	2.15	6.7	ENE	31.4	35.2	35.2	41.1	755.8	0.00	0.0	920	13.19	946	4.5	0.32	4.6	0.000	0.091	33.9	47	21.0	37.8	8.45	 .0696	0.00	234	1	100.0	10
18/08/14	11:30 a	31.6	31.7	31.4	57	22.1	2.7	E	1.61	5.8	E	31.6	35.5	35.5	42.2	755.9	0.00	0.0	741	10.62	809	4.1	0.29	4.3	0.000	0.092	34.0	47	21.1	37.9	8.45	 .0696	0.00	234	1	100.0	10
18/08/14	11:40 a	31.6	31.6	31.4	56	21.7	3.6	ENE	2.15	5.4	E	31.6	35.2	35.2	41.2	755.8	0.00	0.0	665	9.53	747	3.9	0.28	4.2	0.000	0.092	34.0	47	21.1	37.9	8.45	 .0696	0.00	235	1	100.0	10
18/08/14	11:50 a	31.8	31.8	31.6	54	21.4	3.1	E	1.88	5.8	ESE	31.8	35.3	35.3	41.9	755.7	0.00	0.0	736	10.55	821	4.3	0.31	4.4	0.000	0.094	34.0	46	20.7	37.6	8.29	 .0696	0.00	234	1	100.0	10
18/08/14	12:00 p	32.1	32.1	31.7	55	21.9	3.1	ENE	1.88	5.4	E	32.1	36.1	36.1	42.9	755.6	0.00	0.0	823	11.80	888	4.7	0.34	4.9	0.000	0.096	34.0	46	20.7	37.6	8.29	 .0696	0.63	234	1	100.0	10
18/08/14	12:10 p	32.9	32.9	32.1	53	22.0	1.3	SE	0.80	5.4	ESE	32.9	37.3	37.3	44.2	755.5	0.00	0.0	771	11.05	870	4.4	0.31	4.8	0.000	0.101	34.1	46	20.8	37.7	8.28	 .0696	0.00	234	1	100.0	10
18/08/14	12:20 p	33.2	33.2	32.9	51	21.7	1.8	SSE	1.07	4.9	SSE	33.2	37.3	37.3	44.1	755.4	0.00	0.0	715	10.25	756	4.4	0.31	4.5	0.000	0.103	34.1	46	20.8	37.8	8.28	 .0696	0.00	234	1	100.0	10
18/08/14	12:30 p	32.7	33.2	32.7	53	21.8	2.7	E	1.61	5.8	ENE	32.7	36.8	36.8	42.9	755.3	0.00	0.0	592	8.49	729	3.9	0.28	4.4	0.000	0.100	34.2	46	20.9	37.9	8.28	 .0696	0.00	234	1	100.0	10
18/08/14	12:40 p	32.7	32.7	32.5	51	21.3	1.8	E	1.07	4.5	E	32.7	36.3	36.3	41.6	755.2	0.00	0.0	486	6.97	536	3.5	0.25	3.6	0.000	0.100	34.2	46	20.9	38.1	8.28	 .0695	0.00	235	1	100.0	10
18/08/14	12:50 p	32.9	32.9	32.7	51	21.4	1.8	E	1.07	4.5	E	32.9	36.7	36.7	42.0	755.2	0.00	0.0	491	7.04	520	3.6	0.26	3.8	0.000	0.101	34.2	46	20.9	38.1	8.28	 .0695	0.00	234	1	100.0	10
18/08/14	1:00 p	33.2	33.2	32.8	50	21.3	1.3	ESE	0.80	3.1	NNE	33.2	36.9	36.9	42.5	755.0	0.00	0.0	517	7.41	624	3.8	0.27	4.6	0.000	0.103	34.3	46	21.0	38.2	8.28	 .0695	0.46	234	1	100.0	10
18/08/14	1:10 p	33.8	33.8	33.2	49	21.6	0.9	S	0.54	2.2	S	33.8	37.9	37.9	44.7	754.9	0.00	0.0	705	10.11	756	4.6	0.33	4.7	0.000	0.107	34.3	46	21.0	38.3	8.27	 .0695	0.00	234	1	100.0	10
18/08/14	1:20 p	33.8	34.1	33.8	48	21.2	1.3	E	0.80	4.9	ENE	33.8	37.7	37.7	44.2	754.7	0.00	0.0	668	9.58	721	4.4	0.31	4.6	0.000	0.107	34.4	46	21.1	38.4	8.27	 .0694	0.00	234	1	100.0	10
18/08/14	1:30 p	33.9	33.9	33.6	49	21.7	1.3	E	0.80	3.6	E	33.9	38.2	38.2	44.6	754.6	0.00	0.0	630	9.03	677	4.3	0.31	4.4	0.000	0.108	34.4	46	21.1	38.5	8.27	 .0694	0.00	234	1	100.0	10
18/08/14	1:40 p	34.2	34.2	33.9	47	21.2	0.9	SSE	0.54	3.6	E	34.2	38.2	38.2	43.8	754.5	0.00	0.0	524	7.51	594	3.9	0.28	4.2	0.000	0.110	34.5	46	21.2	38.6	8.27	 .0694	0.00	234	1	100.0	10
18/08/14	1:50 p	33.9	34.2	33.9	47	21.0	1.3	E	0.80	5.4	E	33.9	37.8	37.8	43.9	754.3	0.00	0.0	604	8.66	649	4.4	0.31	4.5	0.000	0.108	34.5	46	21.2	38.6	8.27	 .0694	0.00	235	1	100.0	10
18/08/14	2:00 p	34.2	34.3	34.0	46	20.9	1.3	SSE	0.80	4.5	SSE	34.2	37.9	37.9	44.8	754.2	0.00	0.0	782	11.21	874	5.1	0.36	5.5	0.000	0.110	34.6	45	20.9	38.4	8.15	 .0694	0.51	234	1	100.0	10
18/08/14	2:10 p	34.3	34.3	34.1	47	21.4	0.9	SSE	0.54	4.5	ESE	34.3	38.6	38.6	45.2	754.0	0.00	0.0	691	9.91	884	5.0	0.36	5.5	0.000	0.111	34.6	45	20.9	38.4	8.15	 .0693	0.00	234	1	100.0	10
18/08/14	2:20 p	34.4	34.6	34.4	45	20.8	0.9	NE	0.54	2.2	E	34.4	38.2	38.2	45.1	753.8	0.00	0.0	775	11.11	830	5.2	0.37	5.5	0.000	0.112	34.6	45	20.9	38.6	8.15	 .0693	0.00	234	1	100.0	10
18/08/14	2:30 p	34.4	34.6	34.4	45	20.7	0.9	W	0.54	2.2	NNE	34.4	38.1	38.1	41.7	753.7	0.00	0.0	325	4.66	397	3.6	0.26	3.9	0.000	0.111	34.7	45	21.0	38.8	8.15	 .0693	0.00	234	1	100.0	10
18/08/14	2:40 p	34.4	34.5	34.4	44	20.4	0.9	WSW	0.54	2.7	WSW	34.4	37.8	37.8	41.5	753.7	0.00	0.0	332	4.76	341	3.5	0.25	3.5	0.000	0.111	34.8	45	21.1	38.9	8.15	 .0692	0.00	234	1	100.0	10
18/08/14	2:50 p	34.5	34.6	34.3	43	20.1	1.3	WNW	0.80	3.1	WNW	34.5	37.7	37.7	44.1	753.8	0.00	0.0	652	9.35	780	4.5	0.32	5.0	0.000	0.112	34.8	45	21.1	39.1	8.15	 .0692	0.00	235	1	100.0	10
18/08/14	3:00 p	34.9	34.9	34.5	44	20.9	0.9	SSW	0.54	3.1	ESE	34.9	38.9	38.9	45.7	753.8	0.00	0.0	789	11.31	807	5.1	0.36	5.2	0.000	0.115	34.9	45	21.2	39.2	8.15	 .0692	0.46	234	1	100.0	10
18/08/14	3:10 p	34.8	35.2	34.8	44	20.8	1.8	NE	1.07	4.0	ENE	34.8	38.7	38.7	45.4	753.7	0.00	0.0	744	10.67	768	4.7	0.34	5.0	0.000	0.115	34.9	45	21.2	39.3	8.15	 .0692	0.00	234	1	100.0	10
18/08/14	3:20 p	33.9	34.8	33.9	50	22.0	3.1	WNW	1.88	5.8	WNW	33.9	38.4	38.4	44.0	753.6	0.00	0.0	530	7.60	696	3.7	0.26	4.3	0.000	0.108	35.0	45	21.3	39.4	8.15	 .0692	0.00	234	1	100.0	10
18/08/14	3:30 p	33.6	33.9	33.6	51	22.0	3.6	WNW	2.15	5.4	WNW	33.6	38.1	38.1	41.1	753.6	0.00	0.0	279	4.00	387	2.8	0.20	3.1	0.000	0.106	35.0	45	21.3	39.4	8.15	 .0692	0.00	234	1	100.0	10
18/08/14	3:40 p	33.2	33.6	33.2	51	21.7	3.6	NW	2.15	5.4	N	33.2	37.4	37.4	39.6	753.5	0.00	0.0	205	2.94	214	2.4	0.17	2.5	0.000	0.103	35.1	45	21.3	39.5	8.15	 .0691	0.00	234	1	100.0	10
18/08/14	3:50 p	33.3	33.3	33.1	51	21.8	3.1	NNW	1.88	5.4	NNE	33.3	37.5	37.5	40.9	753.4	0.00	0.0	296	4.24	533	2.6	0.19	3.2	0.000	0.104	35.1	45	21.3	39.5	8.15	 .0691	0.00	234	1	100.0	10
18/08/14	4:00 p	33.6	33.7	33.3	50	21.8	3.6	NNE	2.15	5.8	NNE	33.6	37.8	37.8	43.6	753.4	0.00	0.0	569	8.16	589	3.3	0.24	3.4	0.000	0.106	35.1	45	21.4	39.6	8.15	 .0691	0.41	235	1	100.0	10
18/08/14	4:10 p	33.8	33.8	33.6	51	22.3	3.1	NNE	1.88	4.9	NE	33.8	38.7	38.7	44.8	753.3	0.00	0.0	553	7.93	587	3.0	0.21	3.3	0.000	0.108	35.1	45	21.4	39.6	8.15	 .0691	0.00	234	1	100.0	10
18/08/14	4:20 p	33.4	33.9	33.4	52	22.2	3.1	NNW	1.88	6.3	NW	33.4	38.2	38.2	40.8	753.3	0.00	0.0	212	3.04	487	1.6	0.11	2.5	0.000	0.105	35.2	45	21.4	39.8	8.14	 .0691	0.00	234	1	100.0	10
18/08/14	4:30 p	32.6	33.4	32.6	55	22.4	3.1	NW	1.88	5.8	NW	32.6	37.2	37.2	38.3	753.4	0.00	0.0	102	1.46	116	1.0	0.07	1.1	0.000	0.099	35.2	45	21.4	39.8	8.14	 .0691	0.00	234	1	100.0	10
18/08/14	4:40 p	31.6	32.6	31.6	59	22.6	2.7	WSW	1.61	4.9	WSW	31.6	35.9	35.9	36.6	753.4	0.00	0.0	73	1.05	83	0.7	0.05	0.8	0.000	0.092	35.2	45	21.4	39.8	8.14	 .0691	0.00	234	1	100.0	10
18/08/14	4:50 p	31.8	31.8	31.6	60	23.1	2.7	SW	1.61	5.4	SW	31.8	36.6	36.6	37.2	753.5	0.00	0.0	71	1.02	76	0.6	0.04	0.7	0.000	0.093	35.2	45	21.4	39.8	8.14	 .0691	0.00	234	1	100.0	10
18/08/14	5:00 p	31.9	31.9	31.8	60	23.2	1.8	WSW	1.07	3.1	WSW	31.9	36.8	36.8	37.3	753.5	0.00	0.0	58	0.83	62	0.5	0.04	0.6	0.000	0.094	35.2	45	21.4	39.8	8.14	 .0691	0.20	234	1	100.0	10
18/08/14	5:10 p	32.2	32.2	31.9	58	22.9	2.7	WSW	1.61	4.9	WNW	32.2	37.0	37.0	37.5	753.6	0.00	0.0	56	0.80	58	0.4	0.03	0.6	0.000	0.096	35.2	45	21.4	39.8	8.14	 .0691	0.00	235	1	100.0	10
18/08/14	5:20 p	31.3	32.3	31.3	60	22.6	3.1	E	1.88	7.2	E	31.3	35.5	35.5	35.7	754.0	0.00	0.0	41	0.59	53	0.0	0.00	0.0	0.000	0.090	35.2	45	21.4	39.8	8.14	 .0691	0.00	234	1	100.0	10
18/08/14	5:30 p	30.1	31.3	30.1	65	22.8	1.8	ESE	1.07	5.4	E	30.1	34.2	34.2	34.2	754.1	0.00	0.0	24	0.34	28	0.0	0.00	0.0	0.000	0.081	35.1	45	21.4	39.6	8.15	 .0692	0.00	234	1	100.0	10
18/08/14	5:40 p	29.6	30.1	29.6	68	23.1	1.3	S	0.80	3.1	E	29.6	33.8	33.8	33.8	754.3	0.00	0.0	25	0.36	25	0.0	0.00	0.0	0.000	0.078	35.1	45	21.4	39.6	8.15	 .0692	0.00	234	1	100.0	10
18/08/14	5:50 p	29.5	29.6	29.4	68	23.0	0.4	S	0.27	3.1	ESE	29.5	33.6	33.6	33.5	754.6	0.00	0.0	21	0.30	25	0.0	0.00	0.0	0.000	0.078	35.1	45	21.4	39.6	8.15	 .0692	0.00	234	1	100.0	10
18/08/14	6:00 p	29.8	29.8	29.5	68	23.2	0.4	S	0.27	0.9	S	29.8	34.2	34.2	34.0	754.7	0.00	0.0	13	0.19	18	0.0	0.00	0.0	0.000	0.079	35.1	45	21.4	39.6	8.15	 .0692	0.08	235	1	100.0	10
18/08/14	6:10 p	30.0	30.0	29.8	67	23.2	0.0	S	0.00	0.9	S	30.0	34.6	34.6	34.2	755.0	0.00	0.0	7	0.10	11	0.0	0.00	0.0	0.000	0.081	35.1	45	21.3	39.5	8.15	 .0693	0.00	234	1	100.0	10
18/08/14	6:20 p	30.1	30.1	30.0	67	23.3	0.0	S	0.00	0.4	S	30.1	34.8	34.8	34.3	754.9	0.00	0.0	3	0.04	5	0.0	0.00	0.0	0.000	0.082	35.1	46	21.7	39.8	8.25	 .0692	0.00	234	1	100.0	10
18/08/14	6:30 p	29.9	30.2	29.9	64	22.4	0.4	S	0.27	2.7	SSE	29.9	33.8	33.8	33.2	754.9	0.00	0.0	0	0.00	0	0.0	0.00	0.0	0.000	0.081	35.1	46	21.7	39.8	8.25	 .0692	0.00	234	1	100.0	10
18/08/14	6:40 p	29.8	29.9	29.8	63	22.0	0.4	SSE	0.27	0.9	SSE	29.8	33.2	33.2	32.6	755.0	0.00	0.0	0	0.00	0	0.0	0.00	0.0	0.000	0.079	35.1	46	21.7	39.8	8.25	 .0692	0.00	234	1	100.0	10
18/08/14	6:50 p	29.3	29.8	29.3	66	22.3	1.3	S	0.80	3.6	SSW	29.3	32.8	32.8	32.1	755.1	0.00	0.0	0	0.00	0	0.0	0.00	0.0	0.000	0.076	35.0	46	21.7	39.7	8.25	 .0693	0.00	234	1	100.0	10
18/08/14	7:00 p	28.6	29.3	28.6	64	21.1	1.8	SSE	1.07	4.5	S	28.6	30.9	30.9	30.1	755.5	0.00	0.0	0	0.00	0	0.0	0.00	0.0	0.000	0.071	35.0	46	21.7	39.7	8.25	 .0693	0.03	234	1	100.0	10
18/08/14	7:10 p	28.2	28.5	28.2	67	21.5	1.8	S	1.07	3.6	SSE	28.2	30.6	30.6	29.8	755.6	0.00	0.0	0	0.00	0	0.0	0.00	0.0	0.000	0.069	34.9	46	21.6	39.4	8.25	 .0693	0.00	234	1	100.0	10
18/08/14	7:20 p	27.9	28.2	27.9	71	22.1	2.2	S	1.34	4.9	SSE	27.9	30.6	30.6	29.8	755.5	0.00	0.0	0	0.00	0	0.0	0.00	0.0	0.000	0.066	34.9	45	21.2	39.2	8.15	 .0694	0.00	235	1	100.0	10
18/08/14	7:30 p	28.1	28.1	27.9	71	22.3	1.3	S	0.80	4.5	SW	28.1	30.9	30.9	30.2	756.0	0.00	0.0	0	0.00	0	0.0	0.00	0.0	0.000	0.068	34.8	45	21.1	39.1	8.15	 .0694	0.00	234	1	100.0	10
18/08/14	7:40 p	28.2	28.2	28.1	70	22.2	0.4	N	0.27	2.2	N	28.2	31.0	31.0	30.3	756.3	0.00	0.0	0	0.00	0	0.0	0.00	0.0	0.000	0.068	34.7	46	21.4	39.1	8.26	 .0695	0.00	234	1	100.0	10
18/08/14	7:50 p	27.3	28.3	27.3	77	22.9	1.8	SSE	1.07	5.4	E	27.3	30.1	30.1	29.4	756.6	0.00	0.0	0	0.00	0	0.0	0.00	0.0	0.000	0.062	34.8	46	21.5	39.2	8.26	 .0695	0.00	234	1	100.0	10
18/08/14	8:00 p	25.8	27.3	25.8	81	22.3	3.1	E	1.88	10.7	ESE	25.8	27.8	27.8	27.1	756.9	0.00	0.0	0	0.00	0	0.0	0.00	0.0	0.000	0.052	34.6	46	21.2	38.7	8.27	 .0696	0.05	234	1	100.0	10
18/08/14	8:10 p	24.7	25.8	24.7	89	22.8	3.6	SSE	2.15	7.2	SSE	24.4	26.8	26.5	25.9	756.9	2.79	75.7	0	0.00	0	0.0	0.00	0.0	0.000	0.044	34.4	46	21.1	38.5	8.27	 .0696	0.00	234	1	100.0	10
18/08/14	8:20 p	23.7	24.7	23.7	90	21.9	3.1	SSE	1.88	7.2	SSE	23.7	25.3	25.3	24.6	757.4	4.06	51.8	0	0.00	0	0.0	0.00	0.0	0.000	0.037	34.2	46	20.9	38.1	8.28	 .0697	0.00	235	1	100.0	10
18/08/14	8:30 p	23.5	23.7	23.5	92	22.1	2.2	SSE	1.34	6.3	SSE	23.5	25.1	25.1	24.4	757.2	3.81	59.7	0	0.00	0	0.0	0.00	0.0	0.000	0.036	34.1	46	20.8	37.8	8.28	 .0697	0.00	234	1	100.0	10
18/08/14	8:40 p	23.4	23.6	23.4	92	22.0	2.2	SSE	1.34	7.2	ESE	23.4	24.9	24.9	24.2	757.7	1.27	18.8	0	0.00	0	0.0	0.00	0.0	0.000	0.035	34.1	47	21.2	38.1	8.45	 .0698	0.00	234	1	100.0	10
18/08/14	8:50 p	23.5	23.5	23.3	92	22.1	1.8	SSE	1.07	5.4	ENE	23.5	25.1	25.1	24.4	757.9	0.25	3.0	0	0.00	0	0.0	0.00	0.0	0.000	0.036	34.1	47	21.2	38.1	8.45	 .0698	0.00	234	1	100.0	10
18/08/14	9:00 p	23.5	23.6	23.5	92	22.1	1.8	SSE	1.07	4.9	E	23.5	25.1	25.1	24.4	758.0	0.00	1.3	0	0.00	0	0.0	0.00	0.0	0.000	0.036	34.1	47	21.2	38.1	8.45	 .0698	0.03	234	1	100.0	10
18/08/14	9:10 p	23.8	23.8	23.5	93	22.6	1.8	S	1.07	4.5	NE	23.8	25.7	25.7	24.9	758.1	0.00	0.0	0	0.00	0	0.0	0.00	0.0	0.000	0.038	34.2	47	21.2	38.2	8.45	 .0698	0.00	234	1	100.0	10
18/08/14	9:20 p	23.8	23.8	23.8	93	22.6	1.8	SSE	1.07	4.0	SSE	23.8	25.8	25.8	25.1	758.0	0.00	0.0	0	0.00	0	0.0	0.00	0.0	0.000	0.038	34.2	47	21.2	38.2	8.45	 .0698	0.00	234	1	100.0	10
18/08/14	9:30 p	24.1	24.1	23.8	92	22.7	0.9	SSE	0.54	3.1	SSE	24.1	26.1	26.1	25.4	757.9	0.25	0.0	0	0.00	0	0.0	0.00	0.0	0.000	0.040	34.2	47	21.2	38.2	8.45	 .0698	0.00	235	1	100.0	10
18/08/14	9:40 p	24.2	24.2	24.1	92	22.8	1.3	SSE	0.80	2.7	SSE	24.2	26.2	26.2	25.6	757.9	0.00	0.0	0	0.00	0	0.0	0.00	0.0	0.000	0.041	34.2	47	21.3	38.3	8.45	 .0697	0.00	234	1	100.0	10
18/08/14	9:50 p	24.3	24.3	24.2	92	22.9	1.3	SSE	0.80	4.0	E	24.3	26.3	26.3	25.6	758.0	0.25	0.0	0	0.00	0	0.0	0.00	0.0	0.000	0.041	34.2	47	21.3	38.3	8.45	 .0698	0.00	234	1	100.0	10
18/08/14	10:00 p	24.1	24.3	24.1	92	22.7	2.2	ESE	1.34	4.9	E	24.1	26.1	26.1	25.3	758.2	0.51	4.1	0	0.00	0	0.0	0.00	0.0	0.000	0.040	34.2	47	21.3	38.3	8.45	 .0698	0.00	234	1	100.0	10
18/08/14	10:10 p	24.2	24.2	24.1	93	23.0	0.9	SE	0.54	2.2	ESE	24.2	26.2	26.2	25.6	758.1	0.25	2.8	0	0.00	0	0.0	0.00	0.0	0.000	0.041	34.2	47	21.3	38.3	8.45	 .0698	0.00	234	1	100.0	10
18/08/14	10:20 p	23.9	24.2	23.9	93	22.7	2.7	ENE	1.61	4.5	ENE	23.9	25.9	25.9	25.2	758.3	0.00	1.0	0	0.00	0	0.0	0.00	0.0	0.000	0.039	34.2	47	21.3	38.3	8.45	 .0698	0.00	234	1	100.0	10
18/08/14	10:30 p	23.8	23.9	23.8	94	22.8	2.7	E	1.61	4.9	ENE	23.8	25.8	25.8	25.2	758.3	0.00	0.0	0	0.00	0	0.0	0.00	0.0	0.000	0.038	34.2	47	21.3	38.3	8.45	 .0698	0.00	235	1	100.0	10
18/08/14	10:40 p	23.9	23.9	23.8	94	22.9	2.7	ENE	1.61	4.0	E	23.9	26.0	26.0	25.3	758.3	0.00	0.0	0	0.00	0	0.0	0.00	0.0	0.000	0.039	34.2	47	21.2	38.2	8.45	 .0698	0.00	234	1	100.0	10
18/08/14	10:50 p	23.9	23.9	23.9	93	22.7	3.6	ENE	2.15	4.9	E	23.6	25.9	25.6	24.9	758.1	0.25	0.0	0	0.00	0	0.0	0.00	0.0	0.000	0.039	34.2	47	21.2	38.2	8.45	 .0698	0.00	234	1	100.0	10
18/08/14	11:00 p	23.9	23.9	23.9	94	22.9	3.1	ENE	1.88	4.5	E	23.9	25.9	25.9	25.2	758.0	0.00	0.0	0	0.00	0	0.0	0.00	0.0	0.000	0.039	34.1	47	21.2	38.1	8.45	 .0698	0.03	234	1	100.0	10
18/08/14	11:10 p	23.8	23.9	23.8	94	22.8	3.6	E	2.15	4.9	ESE	23.6	25.8	25.6	24.9	757.8	0.00	0.0	0	0.00	0	0.0	0.00	0.0	0.000	0.038	34.1	47	21.1	38.0	8.45	 .0698	0.00	234	1	100.0	10
18/08/14	11:20 p	23.9	23.9	23.8	94	22.9	3.1	E	1.88	4.9	ENE	23.9	25.9	25.9	25.2	757.7	0.00	0.0	0	0.00	0	0.0	0.00	0.0	0.000	0.039	34.1	47	21.1	38.0	8.45	 .0698	0.00	234	1	100.0	10
18/08/14	11:30 p	23.9	23.9	23.9	94	22.9	3.1	E	1.88	4.5	E	23.9	26.0	26.0	25.3	757.6	0.00	0.0	0	0.00	0	0.0	0.00	0.0	0.000	0.039	34.0	47	21.1	37.9	8.45	 .0698	0.00	234	1	100.0	10
18/08/14	11:40 p	24.0	24.0	23.9	94	23.0	3.1	ENE	1.88	4.5	ENE	24.0	26.1	26.1	25.4	757.5	0.00	0.0	0	0.00	0	0.0	0.00	0.0	0.000	0.039	34.0	47	21.1	37.9	8.45	 .0698	0.00	235	1	100.0	10
18/08/14	11:50 p	24.0	24.0	24.0	94	23.0	3.1	ENE	1.88	5.4	ENE	24.0	26.1	26.1	25.4	757.3	0.00	0.0	0	0.00	0	0.0	0.00	0.0	0.000	0.039	33.9	47	21.0	37.8	8.45	 .0698	0.00	234	1	100.0	10
19/08/14	12:00 a	24.1	24.1	24.0	93	22.9	2.2	E	1.34	4.0	E	24.1	26.1	26.1	25.4	757.3	0.00	0.0	0	0.00	0	0.0	0.00	0.0	0.000	0.040	33.9	47	21.0	37.8	8.45	 .0698	0.03	234	1	100.0	10
