		Temp	Hi	Low	Out	Dew	Wind	Wind	Wind	Hi	Hi	Wind	Heat	THW	THSW			Rain	Solar	Solar	Hi Solar	UV 	UV 	Hi 	Heat	Cool	In 	In	In 	In 	In 	In Air		Wind	Wind	ISS 	Arc.
Date	Time	Out	Temp	Temp	Hum	Pt.	Speed	Dir	Run	Speed	Dir	Chill	Index	Index	Index	Bar  	Rain	Rate	Rad.	Energy	Rad. 	Index	Dose	UV 	D-D 	D-D 	Temp	Hum	Dew	Heat	EMC	Density	ET 	Samp	Tx 	Recept	Int.
14/05/15	12:01 a	26.3	26.3	26.3	94	25.2	0.0	---	0.00	0.0	---	26.3	30.2	30.2	29.6	755.1	0.00	0.0	0	0.00	0	0.0	0.00	0.0	0.000	0.006	31.7	61	23.2	36.6	10.79	 .0698	0.00	22	1	95.7	1
14/05/15	12:02 a	26.3	26.3	26.3	94	25.2	0.0	---	0.00	0.0	---	26.3	30.2	30.2	29.6	755.1	0.00	0.0	0	0.00	0	0.0	0.00	0.0	0.000	0.006	31.7	61	23.2	36.6	10.79	 .0698	0.00	24	1	100.0	1
14/05/15	12:03 a	26.3	26.3	26.3	94	25.2	0.0	---	0.00	0.0	---	26.3	30.2	30.2	29.6	755.1	0.00	0.0	0	0.00	0	0.0	0.00	0.0	0.000	0.006	31.7	61	23.2	36.6	10.79	 .0698	0.00	23	1	100.0	1
14/05/15	12:04 a	26.3	26.3	26.3	94	25.2	0.0	---	0.00	0.0	---	26.3	30.2	30.2	29.6	755.1	0.00	0.0	0	0.00	0	0.0	0.00	0.0	0.000	0.006	31.7	61	23.2	36.6	10.79	 .0698	0.00	24	1	100.0	1
14/05/15	12:05 a	26.3	26.3	26.3	94	25.2	0.0	---	0.00	0.0	---	26.3	30.2	30.2	29.6	755.1	0.00	0.0	0	0.00	0	0.0	0.00	0.0	0.000	0.006	31.7	61	23.2	36.6	10.79	 .0698	0.00	23	1	100.0	1
14/05/15	12:06 a	26.3	26.3	26.3	94	25.3	0.0	---	0.00	0.0	---	26.3	30.3	30.3	29.7	755.1	0.00	0.0	0	0.00	0	0.0	0.00	0.0	0.000	0.006	31.7	61	23.2	36.6	10.79	 .0698	0.00	23	1	100.0	1
14/05/15	12:07 a	26.3	26.3	26.3	94	25.3	0.0	---	0.00	0.0	---	26.3	30.3	30.3	29.7	755.1	0.00	0.0	0	0.00	0	0.0	0.00	0.0	0.000	0.006	31.7	61	23.2	36.6	10.79	 .0698	0.00	24	1	100.0	1
14/05/15	12:08 a	26.4	26.4	26.3	94	25.3	0.0	---	0.00	0.0	---	26.4	30.4	30.4	29.8	755.1	0.00	0.0	0	0.00	0	0.0	0.00	0.0	0.000	0.006	31.7	61	23.2	36.6	10.79	 .0698	0.00	23	1	100.0	1
14/05/15	12:09 a	26.4	26.4	26.3	95	25.5	0.0	---	0.00	0.0	---	26.4	30.5	30.5	29.9	755.0	0.00	0.0	0	0.00	0	0.0	0.00	0.0	0.000	0.006	31.7	61	23.2	36.6	10.79	 .0698	0.00	24	1	100.0	1
14/05/15	12:10 a	26.4	26.4	26.4	95	25.5	0.0	---	0.00	0.0	---	26.4	30.5	30.5	29.9	755.0	0.00	0.0	0	0.00	0	0.0	0.00	0.0	0.000	0.006	31.7	61	23.2	36.6	10.79	 .0698	0.00	23	1	100.0	1
14/05/15	12:11 a	26.4	26.4	26.4	94	25.3	0.0	---	0.00	0.0	---	26.4	30.4	30.4	29.8	755.0	0.00	0.0	0	0.00	0	0.0	0.00	0.0	0.000	0.006	31.7	61	23.2	36.6	10.79	 .0698	0.00	24	1	100.0	1
14/05/15	12:12 a	26.4	26.4	26.4	95	25.5	0.0	---	0.00	0.0	---	26.4	30.5	30.5	29.9	755.0	0.00	0.0	0	0.00	0	0.0	0.00	0.0	0.000	0.006	31.7	61	23.2	36.6	10.79	 .0698	0.00	23	1	100.0	1
14/05/15	12:13 a	26.4	26.4	26.4	95	25.5	0.0	---	0.00	0.0	---	26.4	30.5	30.5	29.9	755.0	0.00	0.0	0	0.00	0	0.0	0.00	0.0	0.000	0.006	31.7	61	23.2	36.6	10.79	 .0698	0.00	23	1	100.0	1
14/05/15	12:14 a	26.4	26.4	26.4	95	25.6	0.0	ENE	0.00	0.4	ENE	26.4	30.7	30.7	30.1	755.0	0.00	0.0	0	0.00	0	0.0	0.00	0.0	0.000	0.006	31.7	61	23.2	36.6	10.79	 .0698	0.00	24	1	100.0	1
14/05/15	12:15 a	26.4	26.4	26.4	95	25.6	0.4	ENE	0.03	0.9	ENE	26.4	30.7	30.7	30.1	755.0	0.00	0.0	0	0.00	0	0.0	0.00	0.0	0.000	0.006	31.7	61	23.2	36.6	10.79	 .0698	0.00	23	1	100.0	1
14/05/15	12:16 a	26.4	26.4	26.4	94	25.4	0.4	ENE	0.03	0.4	ENE	26.4	30.5	30.5	29.9	755.0	0.00	0.0	0	0.00	0	0.0	0.00	0.0	0.000	0.006	31.7	61	23.2	36.6	10.79	 .0698	0.00	24	1	100.0	1
14/05/15	12:17 a	26.4	26.4	26.4	94	25.3	0.0	ENE	0.00	0.4	ENE	26.4	30.4	30.4	29.8	754.9	0.00	0.0	0	0.00	0	0.0	0.00	0.0	0.000	0.006	31.7	61	23.2	36.6	10.79	 .0698	0.00	23	1	100.0	1
14/05/15	12:18 a	26.4	26.4	26.4	94	25.4	0.0	---	0.00	0.0	---	26.4	30.5	30.5	29.9	754.9	0.00	0.0	0	0.00	0	0.0	0.00	0.0	0.000	0.006	31.7	61	23.2	36.6	10.79	 .0698	0.00	23	1	100.0	1
14/05/15	12:19 a	26.4	26.4	26.4	94	25.4	0.0	---	0.00	0.0	---	26.4	30.5	30.5	29.9	754.9	0.00	0.0	0	0.00	0	0.0	0.00	0.0	0.000	0.006	31.7	61	23.2	36.6	10.79	 .0698	0.00	24	1	100.0	1
14/05/15	12:20 a	26.4	26.4	26.4	95	25.6	0.0	---	0.00	0.0	---	26.4	30.7	30.7	30.1	754.9	0.00	0.0	0	0.00	0	0.0	0.00	0.0	0.000	0.006	31.7	61	23.2	36.6	10.79	 .0698	0.00	23	1	100.0	1
14/05/15	12:21 a	26.4	26.4	26.4	95	25.6	0.0	---	0.00	0.0	---	26.4	30.7	30.7	30.1	754.9	0.00	0.0	0	0.00	0	0.0	0.00	0.0	0.000	0.006	31.7	61	23.3	36.7	10.79	 .0698	0.00	24	1	100.0	1
14/05/15	12:22 a	26.4	26.4	26.4	95	25.6	0.0	---	0.00	0.0	---	26.4	30.7	30.7	30.1	754.9	0.00	0.0	0	0.00	0	0.0	0.00	0.0	0.000	0.006	31.7	61	23.3	36.7	10.79	 .0698	0.00	23	1	100.0	1
14/05/15	12:23 a	26.4	26.4	26.4	95	25.6	0.0	---	0.00	0.0	---	26.4	30.7	30.7	30.1	754.8	0.00	0.0	0	0.00	0	0.0	0.00	0.0	0.000	0.006	31.7	61	23.3	36.7	10.79	 .0698	0.00	24	1	100.0	1
14/05/15	12:24 a	26.4	26.4	26.4	95	25.6	0.0	---	0.00	0.0	---	26.4	30.7	30.7	30.1	754.8	0.00	0.0	0	0.00	0	0.0	0.00	0.0	0.000	0.006	31.7	61	23.3	36.7	10.79	 .0698	0.00	23	1	100.0	1
14/05/15	12:25 a	26.4	26.4	26.4	95	25.6	0.0	---	0.00	0.0	---	26.4	30.7	30.7	30.1	754.8	0.00	0.0	0	0.00	0	0.0	0.00	0.0	0.000	0.006	31.7	61	23.3	36.7	10.79	 .0698	0.00	23	1	100.0	1
14/05/15	12:26 a	26.4	26.4	26.4	95	25.6	0.0	---	0.00	0.0	---	26.4	30.7	30.7	30.1	754.7	0.00	0.0	0	0.00	0	0.0	0.00	0.0	0.000	0.006	31.7	61	23.3	36.7	10.79	 .0698	0.00	24	1	100.0	1
14/05/15	12:27 a	26.5	26.5	26.4	95	25.6	0.0	ENE	0.00	0.4	ENE	26.5	30.8	30.8	30.2	754.8	0.00	0.0	0	0.00	0	0.0	0.00	0.0	0.000	0.006	31.7	61	23.3	36.7	10.79	 .0698	0.00	23	1	100.0	1
14/05/15	12:28 a	26.5	26.5	26.4	95	25.6	0.0	ENE	0.00	0.4	ENE	26.5	30.8	30.8	30.2	754.7	0.00	0.0	0	0.00	0	0.0	0.00	0.0	0.000	0.006	31.7	61	23.3	36.7	10.79	 .0698	0.00	24	1	100.0	1
14/05/15	12:29 a	26.5	26.5	26.5	95	25.6	0.0	---	0.00	0.0	---	26.5	30.8	30.8	30.2	754.7	0.00	0.0	0	0.00	0	0.0	0.00	0.0	0.000	0.006	31.7	61	23.3	36.7	10.79	 .0698	0.00	23	1	100.0	1
14/05/15	12:30 a	26.5	26.5	26.5	95	25.6	0.0	---	0.00	0.0	---	26.5	30.8	30.8	30.2	754.7	0.00	0.0	0	0.00	0	0.0	0.00	0.0	0.000	0.006	31.7	61	23.3	36.7	10.79	 .0698	0.00	23	1	100.0	1
14/05/15	12:31 a	26.5	26.5	26.5	95	25.6	0.0	---	0.00	0.0	---	26.5	30.8	30.8	30.2	754.7	0.00	0.0	0	0.00	0	0.0	0.00	0.0	0.000	0.006	31.7	61	23.3	36.7	10.79	 .0698	0.00	24	1	100.0	1
14/05/15	12:32 a	26.5	26.5	26.5	95	25.6	0.0	---	0.00	0.0	---	26.5	30.8	30.8	30.2	754.7	0.00	0.0	0	0.00	0	0.0	0.00	0.0	0.000	0.006	31.7	61	23.3	36.7	10.79	 .0698	0.00	23	1	100.0	1
14/05/15	12:33 a	26.5	26.5	26.5	95	25.6	0.0	---	0.00	0.0	---	26.5	30.8	30.8	30.2	754.7	0.00	0.0	0	0.00	0	0.0	0.00	0.0	0.000	0.006	31.7	61	23.3	36.7	10.79	 .0698	0.00	24	1	100.0	1
14/05/15	12:34 a	26.5	26.5	26.5	95	25.6	0.0	---	0.00	0.0	---	26.5	30.8	30.8	30.2	754.7	0.00	0.0	0	0.00	0	0.0	0.00	0.0	0.000	0.006	31.7	61	23.3	36.7	10.79	 .0698	0.00	23	1	100.0	1
14/05/15	12:35 a	26.5	26.5	26.5	95	25.6	0.0	ENE	0.00	0.4	ENE	26.5	30.8	30.8	30.2	754.7	0.00	0.0	0	0.00	0	0.0	0.00	0.0	0.000	0.006	31.7	61	23.3	36.7	10.79	 .0698	0.00	23	1	100.0	1
14/05/15	12:36 a	26.5	26.5	26.5	95	25.6	0.0	ENE	0.00	0.4	ENE	26.5	30.8	30.8	30.2	754.7	0.00	0.0	0	0.00	0	0.0	0.00	0.0	0.000	0.006	31.8	61	23.3	36.8	10.78	 .0698	0.00	24	1	100.0	1
14/05/15	12:37 a	26.5	26.5	26.5	95	25.6	0.0	---	0.00	0.0	---	26.5	30.8	30.8	30.2	754.7	0.00	0.0	0	0.00	0	0.0	0.00	0.0	0.000	0.006	31.8	61	23.3	36.8	10.78	 .0698	0.00	23	1	100.0	1
14/05/15	12:38 a	26.5	26.5	26.5	95	25.6	0.0	---	0.00	0.0	---	26.5	30.8	30.8	30.2	754.7	0.00	0.0	0	0.00	0	0.0	0.00	0.0	0.000	0.006	31.7	61	23.3	36.7	10.79	 .0698	0.00	24	1	100.0	1
14/05/15	12:39 a	26.5	26.5	26.5	95	25.6	0.0	ENE	0.00	0.4	ENE	26.5	30.8	30.8	30.2	754.6	0.00	0.0	0	0.00	0	0.0	0.00	0.0	0.000	0.006	31.7	61	23.3	36.7	10.79	 .0698	0.00	23	1	100.0	1
14/05/15	12:40 a	26.5	26.5	26.5	94	25.5	0.0	ENE	0.00	0.4	ENE	26.5	30.7	30.7	30.1	754.7	0.00	0.0	0	0.00	0	0.0	0.00	0.0	0.000	0.006	31.8	61	23.3	36.8	10.78	 .0698	0.00	24	1	100.0	1
14/05/15	12:41 a	26.5	26.5	26.5	94	25.5	0.0	ENE	0.00	0.4	ENE	26.5	30.7	30.7	30.1	754.6	0.00	0.0	0	0.00	0	0.0	0.00	0.0	0.000	0.006	31.8	61	23.3	36.8	10.78	 .0698	0.00	23	1	100.0	1
14/05/15	12:42 a	26.4	26.5	26.4	94	25.4	0.0	ENE	0.00	0.4	ENE	26.4	30.5	30.5	29.9	754.6	0.00	0.0	0	0.00	0	0.0	0.00	0.0	0.000	0.006	31.8	61	23.3	36.8	10.78	 .0698	0.00	23	1	100.0	1
14/05/15	12:43 a	26.4	26.4	26.4	94	25.4	0.0	ENE	0.00	0.4	ENE	26.4	30.5	30.5	29.9	754.6	0.00	0.0	0	0.00	0	0.0	0.00	0.0	0.000	0.006	31.8	61	23.3	36.8	10.78	 .0698	0.00	24	1	100.0	1
14/05/15	12:44 a	26.4	26.4	26.4	94	25.4	0.0	---	0.00	0.0	---	26.4	30.5	30.5	29.9	754.6	0.00	0.0	0	0.00	0	0.0	0.00	0.0	0.000	0.006	31.8	61	23.3	36.8	10.78	 .0697	0.00	23	1	100.0	1
14/05/15	12:45 a	26.4	26.4	26.4	94	25.4	0.0	ENE	0.00	0.9	ENE	26.4	30.5	30.5	29.9	754.6	0.00	0.0	0	0.00	0	0.0	0.00	0.0	0.000	0.006	31.8	61	23.3	36.8	10.78	 .0697	0.00	24	1	100.0	1
14/05/15	12:46 a	26.4	26.4	26.4	94	25.4	0.0	ENE	0.00	0.4	ENE	26.4	30.5	30.5	29.9	754.6	0.00	0.0	0	0.00	0	0.0	0.00	0.0	0.000	0.006	31.8	61	23.3	36.8	10.78	 .0697	0.00	23	1	100.0	1
14/05/15	12:47 a	26.4	26.4	26.4	94	25.4	0.4	ENE	0.03	0.9	ENE	26.4	30.5	30.5	29.9	754.5	0.00	0.0	0	0.00	0	0.0	0.00	0.0	0.000	0.006	31.8	61	23.3	36.8	10.78	 .0697	0.00	23	1	100.0	1
14/05/15	12:48 a	26.4	26.4	26.4	94	25.3	0.4	ENE	0.03	0.9	ENE	26.4	30.4	30.4	29.8	754.5	0.00	0.0	0	0.00	0	0.0	0.00	0.0	0.000	0.006	31.8	61	23.3	36.8	10.78	 .0697	0.00	24	1	100.0	1
14/05/15	12:49 a	26.4	26.4	26.4	94	25.3	0.0	ENE	0.00	0.4	ENE	26.4	30.4	30.4	29.8	754.5	0.00	0.0	0	0.00	0	0.0	0.00	0.0	0.000	0.006	31.8	61	23.3	36.8	10.78	 .0697	0.00	23	1	100.0	1
14/05/15	12:50 a	26.4	26.4	26.4	94	25.3	0.4	ENE	0.03	0.4	ENE	26.4	30.4	30.4	29.8	754.5	0.00	0.0	0	0.00	0	0.0	0.00	0.0	0.000	0.006	31.8	61	23.3	36.8	10.78	 .0697	0.00	24	1	100.0	1
14/05/15	12:51 a	26.4	26.4	26.4	94	25.3	0.4	ENE	0.03	0.9	ENE	26.4	30.4	30.4	29.8	754.5	0.00	0.0	0	0.00	0	0.0	0.00	0.0	0.000	0.006	31.8	61	23.3	36.8	10.78	 .0697	0.00	23	1	100.0	1
14/05/15	12:52 a	26.4	26.4	26.4	94	25.3	0.4	ENE	0.03	1.3	ENE	26.4	30.4	30.4	29.8	754.5	0.00	0.0	0	0.00	0	0.0	0.00	0.0	0.000	0.006	31.8	61	23.3	36.8	10.78	 .0697	0.00	24	1	100.0	1
14/05/15	12:53 a	26.4	26.4	26.4	94	25.3	0.0	ENE	0.00	1.8	ENE	26.4	30.4	30.4	29.8	754.5	0.00	0.0	0	0.00	0	0.0	0.00	0.0	0.000	0.006	31.8	61	23.3	36.8	10.78	 .0697	0.00	23	1	100.0	1
14/05/15	12:54 a	26.4	26.4	26.3	94	25.3	0.9	ENE	0.05	0.9	ENE	26.4	30.4	30.4	29.8	754.5	0.00	0.0	0	0.00	0	0.0	0.00	0.0	0.000	0.006	31.8	61	23.3	36.8	10.78	 .0697	0.00	23	1	100.0	1
14/05/15	12:55 a	26.3	26.4	26.3	94	25.3	0.9	ENE	0.05	2.2	ENE	26.3	30.3	30.3	29.7	754.5	0.00	0.0	0	0.00	0	0.0	0.00	0.0	0.000	0.006	31.8	61	23.3	36.8	10.78	 .0697	0.00	24	1	100.0	1
14/05/15	12:56 a	26.3	26.3	26.3	94	25.3	0.9	ENE	0.05	1.3	ENE	26.3	30.3	30.3	29.7	754.5	0.00	0.0	0	0.00	0	0.0	0.00	0.0	0.000	0.006	31.8	61	23.3	36.8	10.78	 .0697	0.00	23	1	100.0	1
14/05/15	12:57 a	26.3	26.3	26.3	94	25.3	0.9	ENE	0.05	2.2	ENE	26.3	30.3	30.3	29.7	754.4	0.00	0.0	0	0.00	0	0.0	0.00	0.0	0.000	0.006	31.8	61	23.3	36.8	10.78	 .0697	0.00	24	1	100.0	1
14/05/15	12:58 a	26.3	26.3	26.3	94	25.3	0.9	ENE	0.05	2.2	ENE	26.3	30.3	30.3	29.7	754.4	0.00	0.0	0	0.00	0	0.0	0.00	0.0	0.000	0.006	31.8	61	23.3	36.8	10.78	 .0697	0.00	23	1	100.0	1
14/05/15	12:59 a	26.3	26.3	26.3	94	25.3	0.4	ENE	0.03	1.3	ENE	26.3	30.3	30.3	29.7	754.4	0.00	0.0	0	0.00	0	0.0	0.00	0.0	0.000	0.006	31.8	61	23.3	36.8	10.78	 .0697	0.00	23	1	100.0	1
14/05/15	1:00 a	26.3	26.3	26.3	94	25.3	0.4	ENE	0.03	0.9	ENE	26.3	30.3	30.3	29.7	754.4	0.00	0.0	0	0.00	0	0.0	0.00	0.0	0.000	0.006	31.8	61	23.3	36.8	10.78	 .0697	0.00	24	1	100.0	1
14/05/15	1:01 a	26.3	26.3	26.3	94	25.3	0.0	ENE	0.00	0.4	ENE	26.3	30.3	30.3	29.7	754.3	0.00	0.0	0	0.00	0	0.0	0.00	0.0	0.000	0.006	31.8	61	23.3	36.8	10.78	 .0697	0.00	23	1	100.0	1
14/05/15	1:02 a	26.3	26.3	26.3	94	25.3	0.0	---	0.00	0.0	---	26.3	30.3	30.3	29.7	754.3	0.00	0.0	0	0.00	0	0.0	0.00	0.0	0.000	0.006	31.8	61	23.3	36.8	10.78	 .0697	0.00	24	1	100.0	1
14/05/15	1:03 a	26.3	26.3	26.3	95	25.5	0.4	ENE	0.03	0.9	ENE	26.3	30.4	30.4	29.8	754.4	0.00	0.0	0	0.00	0	0.0	0.00	0.0	0.000	0.006	31.7	61	23.3	36.7	10.79	 .0697	0.00	23	1	100.0	1
14/05/15	1:04 a	26.3	26.3	26.3	94	25.3	0.4	ENE	0.03	1.3	ENE	26.3	30.3	30.3	29.7	754.3	0.00	0.0	0	0.00	0	0.0	0.00	0.0	0.000	0.006	31.7	61	23.3	36.7	10.79	 .0697	0.00	24	1	100.0	1
14/05/15	1:05 a	26.3	26.3	26.3	94	25.3	0.9	ENE	0.05	1.3	ENE	26.3	30.3	30.3	29.7	754.3	0.00	0.0	0	0.00	0	0.0	0.00	0.0	0.000	0.006	31.7	61	23.3	36.7	10.79	 .0697	0.00	23	1	100.0	1
14/05/15	1:06 a	26.3	26.3	26.3	94	25.3	0.4	ENE	0.03	0.9	ENE	26.3	30.3	30.3	29.7	754.3	0.00	0.0	0	0.00	0	0.0	0.00	0.0	0.000	0.006	31.8	61	23.3	36.8	10.78	 .0697	0.00	23	1	100.0	1
14/05/15	1:07 a	26.3	26.3	26.3	94	25.3	0.9	ENE	0.05	1.8	ENE	26.3	30.3	30.3	29.7	754.3	0.00	0.0	0	0.00	0	0.0	0.00	0.0	0.000	0.006	31.7	61	23.3	36.7	10.79	 .0697	0.00	24	1	100.0	1
14/05/15	1:08 a	26.3	26.3	26.3	94	25.3	1.3	ENE	0.08	1.8	ENE	26.3	30.3	30.3	29.7	754.3	0.00	0.0	0	0.00	0	0.0	0.00	0.0	0.000	0.006	31.8	61	23.3	36.8	10.78	 .0697	0.00	23	1	100.0	1
14/05/15	1:09 a	26.3	26.3	26.3	94	25.2	0.9	ENE	0.05	2.2	ENE	26.3	30.2	30.2	29.6	754.3	0.00	0.0	0	0.00	0	0.0	0.00	0.0	0.000	0.006	31.8	61	23.3	36.8	10.78	 .0697	0.00	24	1	100.0	1
14/05/15	1:10 a	26.3	26.3	26.3	94	25.2	0.9	ENE	0.05	2.2	ENE	26.3	30.2	30.2	29.6	754.2	0.00	0.0	0	0.00	0	0.0	0.00	0.0	0.000	0.006	31.7	61	23.3	36.7	10.79	 .0697	0.00	23	1	100.0	1
14/05/15	1:11 a	26.3	26.3	26.3	94	25.2	0.4	ENE	0.03	1.3	ENE	26.3	30.2	30.2	29.6	754.2	0.00	0.0	0	0.00	0	0.0	0.00	0.0	0.000	0.006	31.7	61	23.3	36.7	10.79	 .0697	0.00	23	1	100.0	1
14/05/15	1:12 a	26.3	26.3	26.3	94	25.2	0.9	ENE	0.05	2.2	ENE	26.3	30.2	30.2	29.6	754.3	0.00	0.0	0	0.00	0	0.0	0.00	0.0	0.000	0.006	31.7	61	23.3	36.7	10.79	 .0697	0.00	24	1	100.0	1
14/05/15	1:13 a	26.3	26.3	26.3	94	25.2	0.4	ENE	0.03	0.9	ENE	26.3	30.2	30.2	29.6	754.2	0.00	0.0	0	0.00	0	0.0	0.00	0.0	0.000	0.006	31.7	61	23.3	36.7	10.79	 .0697	0.00	23	1	100.0	1
14/05/15	1:14 a	26.3	26.3	26.3	94	25.2	1.3	ENE	0.08	2.2	ENE	26.3	30.2	30.2	29.6	754.2	0.00	0.0	0	0.00	0	0.0	0.00	0.0	0.000	0.006	31.7	61	23.3	36.7	10.79	 .0697	0.00	24	1	100.0	1
14/05/15	1:15 a	26.3	26.3	26.3	94	25.2	0.4	ENE	0.03	1.3	ENE	26.3	30.2	30.2	29.6	754.2	0.00	0.0	0	0.00	0	0.0	0.00	0.0	0.000	0.006	31.7	61	23.3	36.7	10.79	 .0697	0.00	23	1	100.0	1
14/05/15	1:16 a	26.3	26.3	26.3	95	25.4	1.3	ENE	0.08	2.7	ENE	26.3	30.3	30.3	29.7	754.2	0.00	0.0	0	0.00	0	0.0	0.00	0.0	0.000	0.006	31.7	61	23.3	36.7	10.79	 .0697	0.00	23	1	100.0	1
14/05/15	1:17 a	26.3	26.3	26.2	95	25.4	1.3	E	0.08	2.7	ENE	26.3	30.3	30.3	29.7	754.2	0.00	0.0	0	0.00	0	0.0	0.00	0.0	0.000	0.006	31.7	61	23.3	36.7	10.79	 .0697	0.00	24	1	100.0	1
14/05/15	1:18 a	26.2	26.3	26.2	95	25.4	0.9	E	0.05	1.8	E	26.2	30.2	30.2	29.6	754.2	0.00	0.0	0	0.00	0	0.0	0.00	0.0	0.000	0.005	31.7	61	23.3	36.7	10.79	 .0697	0.00	23	1	100.0	1
14/05/15	1:19 a	26.2	26.2	26.2	95	25.4	1.3	E	0.08	2.2	ENE	26.2	30.2	30.2	29.6	754.2	0.00	0.0	0	0.00	0	0.0	0.00	0.0	0.000	0.005	31.7	61	23.3	36.7	10.79	 .0697	0.00	24	1	100.0	1
14/05/15	1:20 a	26.2	26.3	26.2	95	25.4	1.8	E	0.11	2.2	E	26.2	30.2	30.2	29.6	754.2	0.00	0.0	0	0.00	0	0.0	0.00	0.0	0.000	0.005	31.7	61	23.3	36.7	10.79	 .0697	0.00	23	1	100.0	1
14/05/15	1:21 a	26.2	26.2	26.2	95	25.4	1.3	E	0.08	2.2	E	26.2	30.2	30.2	29.6	754.2	0.00	0.0	0	0.00	0	0.0	0.00	0.0	0.000	0.005	31.7	61	23.3	36.7	10.79	 .0697	0.00	24	1	100.0	1
14/05/15	1:22 a	26.2	26.2	26.2	95	25.4	1.3	E	0.08	1.8	E	26.2	30.2	30.2	29.6	754.2	0.00	0.0	0	0.00	0	0.0	0.00	0.0	0.000	0.005	31.7	61	23.3	36.7	10.79	 .0697	0.00	23	1	100.0	1
14/05/15	1:23 a	26.2	26.2	26.2	95	25.4	0.9	E	0.05	1.8	E	26.2	30.2	30.2	29.6	754.2	0.00	0.0	0	0.00	0	0.0	0.00	0.0	0.000	0.005	31.7	61	23.3	36.7	10.79	 .0697	0.00	23	1	100.0	1
14/05/15	1:24 a	26.2	26.2	26.2	95	25.4	0.9	E	0.05	1.3	E	26.2	30.2	30.2	29.6	754.2	0.00	0.0	0	0.00	0	0.0	0.00	0.0	0.000	0.005	31.7	61	23.3	36.7	10.79	 .0697	0.00	24	1	100.0	1
14/05/15	1:25 a	26.2	26.2	26.2	95	25.4	0.4	E	0.03	0.9	E	26.2	30.2	30.2	29.6	754.1	0.00	0.0	0	0.00	0	0.0	0.00	0.0	0.000	0.005	31.7	61	23.3	36.7	10.79	 .0697	0.00	23	1	100.0	1
14/05/15	1:26 a	26.2	26.2	26.2	95	25.3	0.4	E	0.03	1.3	E	26.2	30.0	30.0	29.4	754.2	0.00	0.0	0	0.00	0	0.0	0.00	0.0	0.000	0.005	31.7	61	23.2	36.6	10.79	 .0697	0.00	24	1	100.0	1
14/05/15	1:27 a	26.2	26.2	26.2	95	25.4	0.9	E	0.05	1.3	E	26.2	30.2	30.2	29.6	754.1	0.00	0.0	0	0.00	0	0.0	0.00	0.0	0.000	0.005	31.7	61	23.3	36.7	10.79	 .0697	0.00	23	1	100.0	1
14/05/15	1:28 a	26.2	26.2	26.2	95	25.3	0.4	E	0.03	1.8	E	26.2	30.0	30.0	29.4	754.1	0.00	0.0	0	0.00	0	0.0	0.00	0.0	0.000	0.005	31.7	61	23.2	36.6	10.79	 .0697	0.00	23	1	100.0	1
14/05/15	1:29 a	26.2	26.2	26.2	95	25.3	0.0	E	0.00	0.4	E	26.2	30.0	30.0	29.4	754.1	0.00	0.0	0	0.00	0	0.0	0.00	0.0	0.000	0.005	31.7	61	23.3	36.7	10.79	 .0697	0.00	24	1	100.0	1
14/05/15	1:30 a	26.2	26.2	26.2	95	25.3	0.4	E	0.03	1.3	E	26.2	30.0	30.0	29.4	754.1	0.00	0.0	0	0.00	0	0.0	0.00	0.0	0.000	0.005	31.7	61	23.3	36.7	10.79	 .0697	0.00	23	1	100.0	1
14/05/15	1:31 a	26.2	26.2	26.2	95	25.3	0.0	E	0.00	0.4	E	26.2	30.0	30.0	29.4	754.1	0.00	0.0	0	0.00	0	0.0	0.00	0.0	0.000	0.005	31.7	61	23.2	36.6	10.79	 .0697	0.00	24	1	100.0	1
14/05/15	1:32 a	26.2	26.2	26.2	95	25.3	0.0	E	0.00	0.4	E	26.2	30.0	30.0	29.4	754.1	0.00	0.0	0	0.00	0	0.0	0.00	0.0	0.000	0.005	31.7	61	23.2	36.6	10.79	 .0697	0.00	23	1	100.0	1
14/05/15	1:33 a	26.2	26.2	26.2	95	25.3	0.4	E	0.03	1.3	E	26.2	30.0	30.0	29.4	754.1	0.00	0.0	0	0.00	0	0.0	0.00	0.0	0.000	0.005	31.7	61	23.3	36.7	10.79	 .0697	0.00	24	1	100.0	1
14/05/15	1:34 a	26.2	26.2	26.2	95	25.3	0.0	E	0.00	0.4	E	26.2	30.0	30.0	29.4	754.1	0.00	0.0	0	0.00	0	0.0	0.00	0.0	0.000	0.005	31.7	61	23.3	36.7	10.79	 .0697	0.00	23	1	100.0	1
14/05/15	1:35 a	26.2	26.2	26.2	95	25.3	0.4	E	0.03	0.9	E	26.2	30.0	30.0	29.4	754.0	0.00	0.0	0	0.00	0	0.0	0.00	0.0	0.000	0.005	31.7	61	23.3	36.7	10.79	 .0697	0.00	23	1	100.0	1
14/05/15	1:36 a	26.2	26.2	26.2	95	25.3	0.0	---	0.00	0.0	---	26.2	30.0	30.0	29.4	754.0	0.00	0.0	0	0.00	0	0.0	0.00	0.0	0.000	0.005	31.7	61	23.3	36.7	10.79	 .0697	0.00	24	1	100.0	1
14/05/15	1:37 a	26.2	26.2	26.2	95	25.3	0.0	E	0.00	0.9	E	26.2	30.0	30.0	29.4	754.0	0.00	0.0	0	0.00	0	0.0	0.00	0.0	0.000	0.005	31.7	61	23.3	36.7	10.79	 .0697	0.00	23	1	100.0	1
14/05/15	1:38 a	26.2	26.2	26.2	95	25.3	0.4	E	0.03	0.9	E	26.2	30.0	30.0	29.4	753.9	0.00	0.0	0	0.00	0	0.0	0.00	0.0	0.000	0.005	31.7	61	23.3	36.7	10.79	 .0697	0.00	24	1	100.0	1
14/05/15	1:39 a	26.2	26.2	26.2	95	25.3	0.0	E	0.00	0.4	E	26.2	30.0	30.0	29.4	753.9	0.00	0.0	0	0.00	0	0.0	0.00	0.0	0.000	0.005	31.7	61	23.3	36.7	10.79	 .0697	0.00	23	1	100.0	1
14/05/15	1:40 a	26.2	26.2	26.2	95	25.3	0.4	E	0.03	0.9	E	26.2	30.0	30.0	29.4	753.9	0.00	0.0	0	0.00	0	0.0	0.00	0.0	0.000	0.005	31.7	61	23.3	36.7	10.79	 .0697	0.00	24	1	100.0	1
14/05/15	1:41 a	26.2	26.2	26.1	95	25.3	0.0	E	0.00	0.9	E	26.2	30.0	30.0	29.4	753.9	0.00	0.0	0	0.00	0	0.0	0.00	0.0	0.000	0.005	31.7	61	23.3	36.7	10.79	 .0697	0.00	23	1	100.0	1
14/05/15	1:42 a	26.2	26.2	26.2	95	25.3	0.9	E	0.05	0.9	E	26.2	30.0	30.0	29.4	753.9	0.00	0.0	0	0.00	0	0.0	0.00	0.0	0.000	0.005	31.7	61	23.3	36.7	10.79	 .0697	0.00	23	1	100.0	1
14/05/15	1:43 a	26.2	26.2	26.1	95	25.3	0.4	E	0.03	0.9	E	26.2	30.0	30.0	29.4	753.8	0.00	0.0	0	0.00	0	0.0	0.00	0.0	0.000	0.005	31.7	61	23.3	36.7	10.79	 .0697	0.00	24	1	100.0	1
14/05/15	1:44 a	26.1	26.2	26.1	95	25.2	0.4	E	0.03	0.9	E	26.1	29.9	29.9	29.3	753.8	0.00	0.0	0	0.00	0	0.0	0.00	0.0	0.000	0.005	31.7	61	23.3	36.7	10.79	 .0697	0.00	23	1	100.0	1
14/05/15	1:45 a	26.1	26.2	26.1	95	25.2	0.4	E	0.03	0.9	E	26.1	29.9	29.9	29.3	753.8	0.00	0.0	0	0.00	0	0.0	0.00	0.0	0.000	0.005	31.7	61	23.3	36.7	10.79	 .0697	0.00	24	1	100.0	1
14/05/15	1:46 a	26.1	26.2	26.1	95	25.2	0.4	E	0.03	0.9	E	26.1	29.9	29.9	29.3	753.8	0.00	0.0	0	0.00	0	0.0	0.00	0.0	0.000	0.005	31.7	61	23.3	36.7	10.79	 .0697	0.00	23	1	100.0	1
14/05/15	1:47 a	26.1	26.1	26.1	95	25.2	0.4	E	0.03	0.4	E	26.1	29.9	29.9	29.3	753.8	0.00	0.0	0	0.00	0	0.0	0.00	0.0	0.000	0.005	31.7	61	23.3	36.7	10.79	 .0697	0.00	23	1	100.0	1
14/05/15	1:48 a	26.1	26.1	26.1	95	25.2	0.4	E	0.03	0.9	E	26.1	29.9	29.9	29.3	753.7	0.00	0.0	0	0.00	0	0.0	0.00	0.0	0.000	0.005	31.7	61	23.2	36.6	10.79	 .0697	0.00	24	1	100.0	1
14/05/15	1:49 a	26.1	26.1	26.1	95	25.2	0.4	E	0.03	0.9	E	26.1	29.9	29.9	29.3	753.7	0.00	0.0	0	0.00	0	0.0	0.00	0.0	0.000	0.005	31.7	61	23.3	36.7	10.79	 .0697	0.00	23	1	100.0	1
14/05/15	1:50 a	26.1	26.1	26.1	95	25.2	0.4	E	0.03	1.3	E	26.1	29.9	29.9	29.3	753.7	0.00	0.0	0	0.00	0	0.0	0.00	0.0	0.000	0.005	31.7	61	23.3	36.7	10.79	 .0697	0.00	24	1	100.0	1
14/05/15	1:51 a	26.1	26.1	26.1	95	25.2	0.4	E	0.03	0.9	E	26.1	29.9	29.9	29.3	753.7	0.00	0.0	0	0.00	0	0.0	0.00	0.0	0.000	0.005	31.7	61	23.3	36.7	10.79	 .0697	0.00	23	1	100.0	1
14/05/15	1:52 a	26.1	26.1	26.1	95	25.2	0.4	E	0.03	0.9	E	26.1	29.8	29.8	29.2	753.7	0.00	0.0	0	0.00	0	0.0	0.00	0.0	0.000	0.005	31.7	61	23.3	36.7	10.79	 .0697	0.00	23	1	100.0	1
14/05/15	1:53 a	26.1	26.1	26.1	95	25.2	0.9	E	0.05	1.3	E	26.1	29.8	29.8	29.2	753.7	0.00	0.0	0	0.00	0	0.0	0.00	0.0	0.000	0.005	31.7	61	23.3	36.7	10.79	 .0697	0.00	24	1	100.0	1
14/05/15	1:54 a	26.1	26.1	26.1	95	25.2	0.9	E	0.05	1.3	E	26.1	29.8	29.8	29.2	753.6	0.00	0.0	0	0.00	0	0.0	0.00	0.0	0.000	0.005	31.7	61	23.3	36.7	10.79	 .0697	0.00	23	1	100.0	1
14/05/15	1:55 a	26.1	26.1	26.1	95	25.2	0.9	E	0.05	1.8	E	26.1	29.8	29.8	29.2	753.7	0.00	0.0	0	0.00	0	0.0	0.00	0.0	0.000	0.005	31.7	61	23.3	36.7	10.79	 .0697	0.00	24	1	100.0	1
14/05/15	1:56 a	26.0	26.1	26.0	95	25.1	1.3	E	0.08	1.8	E	26.0	29.6	29.6	29.1	753.7	0.00	0.0	0	0.00	0	0.0	0.00	0.0	0.000	0.005	31.7	61	23.3	36.7	10.79	 .0697	0.00	23	1	100.0	1
14/05/15	1:57 a	26.0	26.0	26.0	95	25.1	1.3	E	0.08	1.8	E	26.0	29.6	29.6	29.1	753.7	0.00	0.0	0	0.00	0	0.0	0.00	0.0	0.000	0.005	31.7	61	23.3	36.7	10.79	 .0697	0.00	24	1	100.0	1
14/05/15	1:58 a	26.0	26.0	26.0	95	25.1	1.3	E	0.08	1.8	E	26.0	29.6	29.6	29.1	753.7	0.00	0.0	0	0.00	0	0.0	0.00	0.0	0.000	0.005	31.7	61	23.3	36.7	10.79	 .0697	0.00	23	1	100.0	1
14/05/15	1:59 a	26.0	26.0	26.0	95	25.1	1.8	E	0.11	2.2	E	26.0	29.6	29.6	29.1	753.7	0.00	0.0	0	0.00	0	0.0	0.00	0.0	0.000	0.005	31.7	61	23.3	36.7	10.79	 .0697	0.00	23	1	100.0	1
14/05/15	2:00 a	26.0	26.0	26.0	95	25.1	1.3	E	0.08	1.8	E	26.0	29.6	29.6	29.1	753.7	0.00	0.0	0	0.00	0	0.0	0.00	0.0	0.000	0.005	31.7	61	23.2	36.6	10.79	 .0697	0.00	24	1	100.0	1
14/05/15	2:01 a	25.9	26.0	25.9	95	25.1	0.9	E	0.05	1.8	E	25.9	29.5	29.5	28.9	753.7	0.00	0.0	0	0.00	0	0.0	0.00	0.0	0.000	0.005	31.7	61	23.2	36.6	10.79	 .0697	0.00	23	1	100.0	1
14/05/15	2:02 a	25.9	26.0	25.9	95	25.1	0.9	E	0.05	1.3	E	25.9	29.5	29.5	28.9	753.7	0.00	0.0	0	0.00	0	0.0	0.00	0.0	0.000	0.005	31.7	61	23.2	36.6	10.79	 .0697	0.00	24	1	100.0	1
14/05/15	2:03 a	25.9	26.0	25.9	95	25.1	0.4	E	0.03	0.9	E	25.9	29.5	29.5	28.9	753.7	0.00	0.0	0	0.00	0	0.0	0.00	0.0	0.000	0.005	31.7	61	23.2	36.6	10.79	 .0697	0.00	23	1	100.0	1
14/05/15	2:04 a	26.0	26.0	25.9	95	25.1	0.9	E	0.05	1.8	E	26.0	29.6	29.6	29.1	753.6	0.00	0.0	0	0.00	0	0.0	0.00	0.0	0.000	0.005	31.7	61	23.2	36.6	10.79	 .0697	0.00	23	1	100.0	1
14/05/15	2:05 a	26.0	26.0	26.0	95	25.1	0.9	E	0.05	1.8	E	26.0	29.6	29.6	29.1	753.6	0.00	0.0	0	0.00	0	0.0	0.00	0.0	0.000	0.005	31.7	61	23.2	36.6	10.79	 .0697	0.00	24	1	100.0	1
14/05/15	2:06 a	26.0	26.0	26.0	95	25.1	0.0	E	0.00	0.4	E	26.0	29.6	29.6	29.1	753.6	0.00	0.0	0	0.00	0	0.0	0.00	0.0	0.000	0.005	31.7	61	23.2	36.6	10.79	 .0697	0.00	23	1	100.0	1
14/05/15	2:07 a	26.0	26.0	26.0	95	25.1	0.0	E	0.00	0.9	E	26.0	29.6	29.6	29.1	753.6	0.00	0.0	0	0.00	0	0.0	0.00	0.0	0.000	0.005	31.7	61	23.2	36.6	10.79	 .0697	0.00	24	1	100.0	1
14/05/15	2:08 a	26.0	26.0	26.0	95	25.1	0.0	E	0.00	0.4	E	26.0	29.6	29.6	29.1	753.6	0.00	0.0	0	0.00	0	0.0	0.00	0.0	0.000	0.005	31.7	61	23.2	36.6	10.79	 .0697	0.00	23	1	100.0	1
14/05/15	2:09 a	26.0	26.0	26.0	95	25.1	0.4	E	0.03	0.9	E	26.0	29.6	29.6	29.1	753.5	0.00	0.0	0	0.00	0	0.0	0.00	0.0	0.000	0.005	31.7	61	23.2	36.6	10.79	 .0697	0.00	23	1	100.0	1
14/05/15	2:10 a	26.0	26.1	26.0	95	25.1	0.4	E	0.03	0.9	E	26.0	29.6	29.6	29.1	753.5	0.00	0.0	0	0.00	0	0.0	0.00	0.0	0.000	0.005	31.7	61	23.2	36.6	10.79	 .0697	0.00	24	1	100.0	1
14/05/15	2:11 a	26.1	26.1	26.0	95	25.2	0.0	E	0.00	0.9	E	26.1	29.8	29.8	29.2	753.5	0.00	0.0	0	0.00	0	0.0	0.00	0.0	0.000	0.005	31.7	61	23.2	36.6	10.79	 .0697	0.00	23	1	100.0	1
14/05/15	2:12 a	26.1	26.1	26.1	95	25.2	0.0	E	0.00	0.4	E	26.1	29.8	29.8	29.2	753.5	0.00	0.0	0	0.00	0	0.0	0.00	0.0	0.000	0.005	31.7	61	23.2	36.6	10.79	 .0697	0.00	24	1	100.0	1
14/05/15	2:13 a	26.1	26.1	26.1	95	25.2	0.0	---	0.00	0.0	---	26.1	29.8	29.8	29.2	753.5	0.00	0.0	0	0.00	0	0.0	0.00	0.0	0.000	0.005	31.7	61	23.2	36.6	10.79	 .0697	0.00	23	1	100.0	1
14/05/15	2:14 a	26.1	26.1	26.1	95	25.2	0.0	E	0.00	0.4	E	26.1	29.8	29.8	29.2	753.5	0.00	0.0	0	0.00	0	0.0	0.00	0.0	0.000	0.005	31.7	61	23.2	36.6	10.79	 .0697	0.00	24	1	100.0	1
14/05/15	2:15 a	26.1	26.1	26.1	95	25.2	0.0	E	0.00	0.4	E	26.1	29.8	29.8	29.2	753.4	0.00	0.0	0	0.00	0	0.0	0.00	0.0	0.000	0.005	31.7	61	23.2	36.6	10.79	 .0697	0.00	23	1	100.0	1
14/05/15	2:16 a	26.1	26.1	26.1	95	25.2	0.0	E	0.00	0.4	E	26.1	29.8	29.8	29.2	753.4	0.00	0.0	0	0.00	0	0.0	0.00	0.0	0.000	0.005	31.7	61	23.2	36.6	10.79	 .0697	0.00	23	1	100.0	1
14/05/15	2:17 a	26.1	26.1	26.1	95	25.2	0.0	E	0.00	0.4	E	26.1	29.8	29.8	29.2	753.4	0.00	0.0	0	0.00	0	0.0	0.00	0.0	0.000	0.005	31.7	61	23.2	36.6	10.79	 .0697	0.00	24	1	100.0	1
14/05/15	2:18 a	26.1	26.1	26.1	95	25.2	0.0	E	0.00	0.4	E	26.1	29.8	29.8	29.2	753.4	0.00	0.0	0	0.00	0	0.0	0.00	0.0	0.000	0.005	31.7	61	23.2	36.6	10.79	 .0697	0.00	23	1	100.0	1
14/05/15	2:19 a	26.1	26.1	26.1	95	25.2	0.0	E	0.00	0.4	E	26.1	29.8	29.8	29.2	753.4	0.00	0.0	0	0.00	0	0.0	0.00	0.0	0.000	0.005	31.7	61	23.2	36.6	10.79	 .0697	0.00	24	1	100.0	1
14/05/15	2:20 a	26.1	26.1	26.1	95	25.2	0.0	E	0.00	0.4	E	26.1	29.8	29.8	29.2	753.3	0.00	0.0	0	0.00	0	0.0	0.00	0.0	0.000	0.005	31.7	61	23.2	36.6	10.79	 .0697	0.00	23	1	100.0	1
14/05/15	2:21 a	26.1	26.1	26.1	95	25.2	0.4	E	0.03	0.9	E	26.1	29.9	29.9	29.3	753.3	0.00	0.0	0	0.00	0	0.0	0.00	0.0	0.000	0.005	31.7	61	23.3	36.7	10.79	 .0696	0.00	23	1	100.0	1
14/05/15	2:22 a	26.1	26.1	26.1	95	25.2	0.0	E	0.00	0.4	E	26.1	29.8	29.8	29.2	753.3	0.00	0.0	0	0.00	0	0.0	0.00	0.0	0.000	0.005	31.7	61	23.3	36.7	10.79	 .0696	0.00	24	1	100.0	1
14/05/15	2:23 a	26.1	26.1	26.1	95	25.2	0.4	E	0.03	0.9	E	26.1	29.8	29.8	29.2	753.3	0.00	0.0	0	0.00	0	0.0	0.00	0.0	0.000	0.005	31.7	61	23.3	36.7	10.79	 .0696	0.00	23	1	100.0	1
14/05/15	2:24 a	26.1	26.1	26.1	95	25.2	0.0	E	0.00	0.4	E	26.1	29.8	29.8	29.2	753.3	0.00	0.0	0	0.00	0	0.0	0.00	0.0	0.000	0.005	31.7	61	23.3	36.7	10.79	 .0696	0.00	24	1	100.0	1
14/05/15	2:25 a	26.1	26.1	26.1	95	25.2	0.0	E	0.00	0.9	E	26.1	29.8	29.8	29.2	753.2	0.00	0.0	0	0.00	0	0.0	0.00	0.0	0.000	0.005	31.7	61	23.3	36.7	10.79	 .0696	0.00	23	1	100.0	1
14/05/15	2:26 a	26.1	26.1	26.1	95	25.2	0.0	E	0.00	0.4	E	26.1	29.9	29.9	29.3	753.3	0.00	0.0	0	0.00	0	0.0	0.00	0.0	0.000	0.005	31.7	61	23.3	36.7	10.79	 .0696	0.00	24	1	100.0	1
14/05/15	2:27 a	26.1	26.1	26.1	95	25.2	0.0	---	0.00	0.0	---	26.1	29.9	29.9	29.3	753.3	0.00	0.0	0	0.00	0	0.0	0.00	0.0	0.000	0.005	31.7	61	23.3	36.7	10.79	 .0696	0.00	23	1	100.0	1
14/05/15	2:28 a	26.1	26.1	26.1	95	25.2	0.0	---	0.00	0.0	---	26.1	29.8	29.8	29.2	753.3	0.00	0.0	0	0.00	0	0.0	0.00	0.0	0.000	0.005	31.7	61	23.3	36.7	10.79	 .0696	0.00	23	1	100.0	1
14/05/15	2:29 a	26.1	26.1	26.1	95	25.2	0.0	---	0.00	0.0	---	26.1	29.9	29.9	29.3	753.3	0.00	0.0	0	0.00	0	0.0	0.00	0.0	0.000	0.005	31.7	61	23.3	36.7	10.79	 .0696	0.00	24	1	100.0	1
14/05/15	2:30 a	26.1	26.1	26.1	95	25.2	0.4	E	0.03	0.9	E	26.1	29.9	29.9	29.3	753.3	0.00	0.0	0	0.00	0	0.0	0.00	0.0	0.000	0.005	31.7	61	23.3	36.7	10.79	 .0696	0.00	23	1	100.0	1
14/05/15	2:31 a	26.1	26.1	26.1	95	25.2	0.4	E	0.03	0.9	E	26.1	29.9	29.9	29.3	753.3	0.00	0.0	0	0.00	0	0.0	0.00	0.0	0.000	0.005	31.7	61	23.3	36.7	10.79	 .0696	0.00	24	1	100.0	1
14/05/15	2:32 a	26.1	26.1	26.1	95	25.2	0.9	E	0.05	1.3	E	26.1	29.9	29.9	29.3	753.3	0.00	0.0	0	0.00	0	0.0	0.00	0.0	0.000	0.005	31.7	61	23.3	36.7	10.79	 .0696	0.00	23	1	100.0	1
14/05/15	2:33 a	26.1	26.1	26.1	95	25.2	0.4	E	0.03	1.3	E	26.1	29.9	29.9	29.3	753.3	0.00	0.0	0	0.00	0	0.0	0.00	0.0	0.000	0.005	31.7	61	23.3	36.7	10.79	 .0696	0.00	23	1	100.0	1
14/05/15	2:34 a	26.1	26.1	26.1	95	25.2	0.0	E	0.00	0.4	E	26.1	29.8	29.8	29.2	753.3	0.00	0.0	0	0.00	0	0.0	0.00	0.0	0.000	0.005	31.7	61	23.3	36.7	10.79	 .0696	0.00	24	1	100.0	1
14/05/15	2:35 a	26.1	26.1	26.1	95	25.2	0.0	---	0.00	0.0	---	26.1	29.8	29.8	29.2	753.3	0.00	0.0	0	0.00	0	0.0	0.00	0.0	0.000	0.005	31.7	61	23.3	36.7	10.79	 .0696	0.00	23	1	100.0	1
14/05/15	2:36 a	26.1	26.1	26.1	95	25.2	0.0	E	0.00	0.4	E	26.1	29.8	29.8	29.2	753.3	0.00	0.0	0	0.00	0	0.0	0.00	0.0	0.000	0.005	31.7	61	23.3	36.7	10.79	 .0696	0.00	24	1	100.0	1
14/05/15	2:37 a	26.1	26.1	26.1	95	25.2	0.0	E	0.00	0.4	E	26.1	29.8	29.8	29.2	753.3	0.00	0.0	0	0.00	0	0.0	0.00	0.0	0.000	0.005	31.7	61	23.3	36.7	10.79	 .0696	0.00	23	1	100.0	1
14/05/15	2:38 a	26.1	26.1	26.1	95	25.2	0.0	E	0.00	0.4	E	26.1	29.8	29.8	29.2	753.3	0.00	0.0	0	0.00	0	0.0	0.00	0.0	0.000	0.005	31.7	61	23.3	36.7	10.79	 .0696	0.00	24	1	100.0	1
14/05/15	2:39 a	26.1	26.1	26.1	95	25.2	0.0	E	0.00	0.4	E	26.1	29.8	29.8	29.2	753.3	0.00	0.0	0	0.00	0	0.0	0.00	0.0	0.000	0.005	31.7	61	23.3	36.7	10.79	 .0696	0.00	23	1	100.0	1
14/05/15	2:40 a	26.1	26.1	26.1	95	25.2	0.0	---	0.00	0.0	---	26.1	29.8	29.8	29.2	753.2	0.00	0.0	0	0.00	0	0.0	0.00	0.0	0.000	0.005	31.7	61	23.3	36.7	10.79	 .0696	0.00	23	1	100.0	1
14/05/15	2:41 a	26.1	26.1	26.1	95	25.2	0.0	E	0.00	0.4	E	26.1	29.8	29.8	29.2	753.2	0.00	0.0	0	0.00	0	0.0	0.00	0.0	0.000	0.005	31.7	61	23.3	36.7	10.79	 .0696	0.00	24	1	100.0	1
14/05/15	2:42 a	26.1	26.1	26.1	95	25.2	0.0	E	0.00	0.4	E	26.1	29.8	29.8	29.2	753.2	0.00	0.0	0	0.00	0	0.0	0.00	0.0	0.000	0.005	31.7	61	23.3	36.7	10.79	 .0696	0.00	23	1	100.0	1
14/05/15	2:43 a	26.1	26.1	26.1	95	25.2	0.0	E	0.00	0.4	E	26.1	29.8	29.8	29.2	753.2	0.00	0.0	0	0.00	0	0.0	0.00	0.0	0.000	0.005	31.7	61	23.3	36.7	10.79	 .0696	0.00	24	1	100.0	1
14/05/15	2:44 a	26.1	26.1	26.1	95	25.2	0.0	E	0.00	0.4	E	26.1	29.8	29.8	29.2	753.2	0.00	0.0	0	0.00	0	0.0	0.00	0.0	0.000	0.005	31.7	61	23.3	36.7	10.79	 .0696	0.00	23	1	100.0	1
14/05/15	2:45 a	26.1	26.1	26.1	95	25.2	0.0	---	0.00	0.0	---	26.1	29.8	29.8	29.2	753.2	0.00	0.0	0	0.00	0	0.0	0.00	0.0	0.000	0.005	31.7	61	23.3	36.7	10.79	 .0696	0.00	23	1	100.0	1
14/05/15	2:46 a	26.1	26.1	26.1	95	25.2	0.0	---	0.00	0.0	---	26.1	29.8	29.8	29.2	753.1	0.00	0.0	0	0.00	0	0.0	0.00	0.0	0.000	0.005	31.7	61	23.3	36.7	10.79	 .0696	0.00	24	1	100.0	1
14/05/15	2:47 a	26.1	26.1	26.1	95	25.2	0.0	---	0.00	0.0	---	26.1	29.8	29.8	29.2	753.1	0.00	0.0	0	0.00	0	0.0	0.00	0.0	0.000	0.005	31.7	61	23.3	36.7	10.79	 .0696	0.00	23	1	100.0	1
14/05/15	2:48 a	26.1	26.1	26.1	95	25.2	0.0	---	0.00	0.0	---	26.1	29.8	29.8	29.2	753.1	0.00	0.0	0	0.00	0	0.0	0.00	0.0	0.000	0.005	31.7	61	23.3	36.7	10.79	 .0696	0.00	24	1	100.0	1
14/05/15	2:49 a	26.1	26.1	26.1	95	25.2	0.0	---	0.00	0.0	---	26.1	29.8	29.8	29.2	753.1	0.00	0.0	0	0.00	0	0.0	0.00	0.0	0.000	0.005	31.7	61	23.3	36.7	10.79	 .0696	0.00	23	1	100.0	1
14/05/15	2:50 a	26.1	26.1	26.1	95	25.2	0.0	---	0.00	0.0	---	26.1	29.8	29.8	29.2	753.1	0.00	0.0	0	0.00	0	0.0	0.00	0.0	0.000	0.005	31.8	61	23.3	36.8	10.78	 .0696	0.00	24	1	100.0	1
14/05/15	2:51 a	26.1	26.1	26.1	95	25.2	0.0	---	0.00	0.0	---	26.1	29.8	29.8	29.2	753.1	0.00	0.0	0	0.00	0	0.0	0.00	0.0	0.000	0.005	31.7	61	23.3	36.7	10.79	 .0696	0.00	23	1	100.0	1
14/05/15	2:52 a	26.1	26.1	26.1	95	25.2	0.4	E	0.03	0.9	E	26.1	29.8	29.8	29.2	753.1	0.00	0.0	0	0.00	0	0.0	0.00	0.0	0.000	0.005	31.7	61	23.3	36.7	10.79	 .0696	0.00	23	1	100.0	1
14/05/15	2:53 a	26.1	26.1	26.1	95	25.2	0.4	E	0.03	1.3	E	26.1	29.8	29.8	29.2	753.1	0.00	0.0	0	0.00	0	0.0	0.00	0.0	0.000	0.005	31.7	61	23.3	36.7	10.79	 .0696	0.00	24	1	100.0	1
14/05/15	2:54 a	26.1	26.1	26.1	95	25.2	0.4	E	0.03	1.3	E	26.1	29.8	29.8	29.2	753.0	0.00	0.0	0	0.00	0	0.0	0.00	0.0	0.000	0.005	31.7	61	23.3	36.7	10.79	 .0696	0.00	23	1	100.0	1
14/05/15	2:55 a	26.1	26.1	26.1	95	25.2	0.0	E	0.00	0.4	E	26.1	29.8	29.8	29.2	753.1	0.00	0.0	0	0.00	0	0.0	0.00	0.0	0.000	0.005	31.8	61	23.3	36.8	10.78	 .0696	0.00	24	1	100.0	1
14/05/15	2:56 a	26.1	26.1	26.1	95	25.2	0.4	E	0.03	0.9	E	26.1	29.8	29.8	29.2	753.0	0.00	0.0	0	0.00	0	0.0	0.00	0.0	0.000	0.005	31.7	61	23.3	36.7	10.79	 .0696	0.00	23	1	100.0	1
14/05/15	2:57 a	26.1	26.1	26.1	95	25.2	0.4	E	0.03	0.9	E	26.1	29.8	29.8	29.2	753.1	0.00	0.0	0	0.00	0	0.0	0.00	0.0	0.000	0.005	31.7	61	23.3	36.7	10.79	 .0696	0.00	23	1	100.0	1
14/05/15	2:58 a	26.1	26.1	26.1	95	25.2	0.4	E	0.03	0.9	E	26.1	29.8	29.8	29.2	753.1	0.00	0.0	0	0.00	0	0.0	0.00	0.0	0.000	0.005	31.7	61	23.3	36.7	10.79	 .0696	0.00	24	1	100.0	1
14/05/15	2:59 a	26.1	26.1	26.1	95	25.2	0.0	---	0.00	0.0	---	26.1	29.8	29.8	29.2	753.1	0.00	0.0	0	0.00	0	0.0	0.00	0.0	0.000	0.005	31.7	61	23.3	36.7	10.79	 .0696	0.00	23	1	100.0	1
14/05/15	3:00 a	26.1	26.1	26.1	95	25.2	0.0	---	0.00	0.0	---	26.1	29.8	29.8	29.2	753.0	0.00	0.0	0	0.00	0	0.0	0.00	0.0	0.000	0.005	31.8	61	23.3	36.8	10.78	 .0696	0.00	24	1	100.0	1
14/05/15	3:01 a	26.1	26.1	26.1	95	25.2	0.0	---	0.00	0.0	---	26.1	29.8	29.8	29.2	753.0	0.00	0.0	0	0.00	0	0.0	0.00	0.0	0.000	0.005	31.7	61	23.3	36.7	10.79	 .0696	0.00	23	1	100.0	1
14/05/15	3:02 a	26.1	26.1	26.1	95	25.2	0.0	---	0.00	0.0	---	26.1	29.8	29.8	29.2	753.1	0.00	0.0	0	0.00	0	0.0	0.00	0.0	0.000	0.005	31.7	61	23.3	36.7	10.79	 .0696	0.00	24	1	100.0	1
14/05/15	3:03 a	26.1	26.1	26.1	95	25.2	0.0	---	0.00	0.0	---	26.1	29.8	29.8	29.2	753.1	0.00	0.0	0	0.00	0	0.0	0.00	0.0	0.000	0.005	31.7	61	23.3	36.7	10.79	 .0696	0.00	23	1	100.0	1
14/05/15	3:04 a	26.1	26.1	26.1	95	25.2	0.0	---	0.00	0.0	---	26.1	29.8	29.8	29.2	753.1	0.00	0.0	0	0.00	0	0.0	0.00	0.0	0.000	0.005	31.7	61	23.3	36.7	10.79	 .0696	0.00	23	1	100.0	1
14/05/15	3:05 a	26.1	26.1	26.1	95	25.2	0.0	---	0.00	0.0	---	26.1	29.8	29.8	29.2	753.1	0.00	0.0	0	0.00	0	0.0	0.00	0.0	0.000	0.005	31.7	61	23.3	36.7	10.79	 .0696	0.00	24	1	100.0	1
14/05/15	3:06 a	26.1	26.1	26.1	95	25.2	0.0	---	0.00	0.0	---	26.1	29.8	29.8	29.2	753.0	0.00	0.0	0	0.00	0	0.0	0.00	0.0	0.000	0.005	31.7	61	23.3	36.7	10.79	 .0696	0.00	23	1	100.0	1
14/05/15	3:07 a	26.1	26.1	26.1	95	25.2	0.0	---	0.00	0.0	---	26.1	29.8	29.8	29.2	753.0	0.00	0.0	0	0.00	0	0.0	0.00	0.0	0.000	0.005	31.7	61	23.3	36.7	10.79	 .0696	0.00	24	1	100.0	1
14/05/15	3:08 a	26.1	26.1	26.1	95	25.2	0.0	E	0.00	0.4	E	26.1	29.8	29.8	29.2	753.1	0.00	0.0	0	0.00	0	0.0	0.00	0.0	0.000	0.005	31.8	61	23.3	36.8	10.78	 .0696	0.00	23	1	100.0	1
14/05/15	3:09 a	26.1	26.1	26.1	95	25.2	0.0	E	0.00	0.4	E	26.1	29.8	29.8	29.2	753.1	0.00	0.0	0	0.00	0	0.0	0.00	0.0	0.000	0.005	31.7	61	23.3	36.7	10.79	 .0696	0.00	23	1	100.0	1
14/05/15	3:10 a	26.1	26.1	26.1	95	25.2	0.0	E	0.00	0.4	E	26.1	29.8	29.8	29.2	753.1	0.00	0.0	0	0.00	0	0.0	0.00	0.0	0.000	0.005	31.8	61	23.3	36.8	10.78	 .0696	0.00	24	1	100.0	1
14/05/15	3:11 a	26.1	26.1	26.1	95	25.2	0.0	E	0.00	0.4	E	26.1	29.8	29.8	29.2	753.1	0.00	0.0	0	0.00	0	0.0	0.00	0.0	0.000	0.005	31.7	61	23.3	36.7	10.79	 .0696	0.00	23	1	100.0	1
14/05/15	3:12 a	26.1	26.1	26.1	95	25.2	0.4	E	0.03	1.8	E	26.1	29.8	29.8	29.2	753.1	0.00	0.0	0	0.00	0	0.0	0.00	0.0	0.000	0.005	31.7	61	23.3	36.7	10.79	 .0696	0.00	24	1	100.0	1
14/05/15	3:13 a	26.1	26.1	26.1	95	25.2	0.4	E	0.03	0.9	E	26.1	29.8	29.8	29.2	753.2	0.00	0.0	0	0.00	0	0.0	0.00	0.0	0.000	0.005	31.7	61	23.3	36.7	10.79	 .0696	0.00	23	1	100.0	1
14/05/15	3:14 a	26.1	26.1	26.1	95	25.2	0.0	E	0.00	0.4	E	26.1	29.8	29.8	29.2	753.2	0.00	0.0	0	0.00	0	0.0	0.00	0.0	0.000	0.005	31.7	61	23.3	36.7	10.79	 .0696	0.00	24	1	100.0	1
14/05/15	3:15 a	26.1	26.1	26.1	95	25.2	0.0	---	0.00	0.0	---	26.1	29.8	29.8	29.2	753.2	0.00	0.0	0	0.00	0	0.0	0.00	0.0	0.000	0.005	31.7	61	23.3	36.7	10.79	 .0696	0.00	23	1	100.0	1
14/05/15	3:16 a	26.1	26.1	26.1	95	25.2	0.0	---	0.00	0.0	---	26.1	29.8	29.8	29.2	753.2	0.00	0.0	0	0.00	0	0.0	0.00	0.0	0.000	0.005	31.7	61	23.3	36.7	10.79	 .0696	0.00	23	1	100.0	1
14/05/15	3:17 a	26.1	26.1	26.1	95	25.2	0.0	E	0.00	0.4	E	26.1	29.8	29.8	29.2	753.2	0.00	0.0	0	0.00	0	0.0	0.00	0.0	0.000	0.005	31.7	61	23.3	36.7	10.79	 .0696	0.00	24	1	100.0	1
14/05/15	3:18 a	26.1	26.1	26.1	95	25.2	0.0	---	0.00	0.0	---	26.1	29.8	29.8	29.2	753.2	0.00	0.0	0	0.00	0	0.0	0.00	0.0	0.000	0.005	31.7	61	23.3	36.7	10.79	 .0696	0.00	23	1	100.0	1
14/05/15	3:19 a	26.1	26.1	26.1	95	25.2	0.0	E	0.00	1.3	E	26.1	29.8	29.8	29.2	753.2	0.00	0.0	0	0.00	0	0.0	0.00	0.0	0.000	0.005	31.7	61	23.3	36.7	10.79	 .0696	0.00	24	1	100.0	1
14/05/15	3:20 a	26.1	26.1	26.1	95	25.2	0.0	E	0.00	0.4	E	26.1	29.8	29.8	29.2	753.2	0.00	0.0	0	0.00	0	0.0	0.00	0.0	0.000	0.005	31.7	61	23.3	36.7	10.79	 .0696	0.00	23	1	100.0	1
14/05/15	3:21 a	26.1	26.1	26.1	95	25.2	0.4	E	0.03	0.4	E	26.1	29.8	29.8	29.2	753.2	0.00	0.0	0	0.00	0	0.0	0.00	0.0	0.000	0.005	31.7	61	23.3	36.7	10.79	 .0696	0.00	23	1	100.0	1
14/05/15	3:22 a	26.1	26.1	26.1	95	25.2	0.0	E	0.00	0.4	E	26.1	29.8	29.8	29.2	753.2	0.00	0.0	0	0.00	0	0.0	0.00	0.0	0.000	0.005	31.7	61	23.3	36.7	10.79	 .0696	0.00	24	1	100.0	1
14/05/15	3:23 a	26.1	26.1	26.1	95	25.2	0.0	E	0.00	0.4	E	26.1	29.8	29.8	29.2	753.2	0.00	0.0	0	0.00	0	0.0	0.00	0.0	0.000	0.005	31.7	61	23.3	36.7	10.79	 .0696	0.00	23	1	100.0	1
14/05/15	3:24 a	26.1	26.1	26.1	95	25.2	0.0	E	0.00	0.4	E	26.1	29.8	29.8	29.2	753.2	0.00	0.0	0	0.00	0	0.0	0.00	0.0	0.000	0.005	31.7	61	23.3	36.7	10.79	 .0696	0.00	24	1	100.0	1
14/05/15	3:25 a	26.1	26.1	26.1	95	25.2	0.0	E	0.00	0.4	E	26.1	29.8	29.8	29.2	753.2	0.00	0.0	0	0.00	0	0.0	0.00	0.0	0.000	0.005	31.7	61	23.3	36.7	10.79	 .0696	0.00	23	1	100.0	1
14/05/15	3:26 a	26.0	26.1	26.0	95	25.1	0.4	E	0.03	0.9	E	26.0	29.6	29.6	29.1	753.2	0.00	0.0	0	0.00	0	0.0	0.00	0.0	0.000	0.005	31.7	61	23.3	36.7	10.79	 .0696	0.00	23	1	100.0	1
14/05/15	3:27 a	26.0	26.1	26.0	95	25.1	0.4	E	0.03	0.9	E	26.0	29.6	29.6	29.1	753.2	0.00	0.0	0	0.00	0	0.0	0.00	0.0	0.000	0.005	31.7	61	23.3	36.7	10.79	 .0696	0.00	24	1	100.0	1
14/05/15	3:28 a	26.0	26.1	26.0	95	25.1	0.4	E	0.03	0.4	E	26.0	29.6	29.6	29.1	753.3	0.00	0.0	0	0.00	0	0.0	0.00	0.0	0.000	0.005	31.7	61	23.3	36.7	10.79	 .0696	0.00	23	1	100.0	1
14/05/15	3:29 a	26.0	26.0	26.0	95	25.1	0.0	E	0.00	0.4	E	26.0	29.6	29.6	29.1	753.3	0.00	0.0	0	0.00	0	0.0	0.00	0.0	0.000	0.005	31.7	61	23.3	36.7	10.79	 .0696	0.00	24	1	100.0	1
14/05/15	3:30 a	26.0	26.0	26.0	95	25.1	0.0	E	0.00	0.4	E	26.0	29.6	29.6	29.1	753.3	0.00	0.0	0	0.00	0	0.0	0.00	0.0	0.000	0.005	31.7	61	23.3	36.7	10.79	 .0696	0.00	23	1	100.0	1
14/05/15	3:31 a	26.0	26.0	26.0	95	25.1	0.0	E	0.00	0.4	E	26.0	29.6	29.6	29.1	753.3	0.00	0.0	0	0.00	0	0.0	0.00	0.0	0.000	0.005	31.7	61	23.3	36.7	10.79	 .0696	0.00	24	1	100.0	1
14/05/15	3:32 a	26.0	26.0	26.0	95	25.1	0.0	E	0.00	0.4	E	26.0	29.6	29.6	29.1	753.4	0.00	0.0	0	0.00	0	0.0	0.00	0.0	0.000	0.005	31.7	61	23.3	36.7	10.79	 .0697	0.00	23	1	100.0	1
14/05/15	3:33 a	26.0	26.0	26.0	95	25.1	0.0	---	0.00	0.0	---	26.0	29.6	29.6	29.1	753.4	0.00	0.0	0	0.00	0	0.0	0.00	0.0	0.000	0.005	31.7	61	23.3	36.7	10.79	 .0697	0.00	23	1	100.0	1
14/05/15	3:34 a	26.0	26.0	26.0	95	25.1	0.0	E	0.00	0.4	E	26.0	29.6	29.6	29.1	753.4	0.00	0.0	0	0.00	0	0.0	0.00	0.0	0.000	0.005	31.7	61	23.3	36.7	10.79	 .0697	0.00	24	1	100.0	1
14/05/15	3:35 a	26.0	26.0	26.0	95	25.1	0.0	---	0.00	0.0	---	26.0	29.6	29.6	29.1	753.4	0.00	0.0	0	0.00	0	0.0	0.00	0.0	0.000	0.005	31.7	61	23.3	36.7	10.79	 .0697	0.00	23	1	100.0	1
14/05/15	3:36 a	26.0	26.0	26.0	95	25.1	0.0	---	0.00	0.0	---	26.0	29.6	29.6	29.1	753.5	0.00	0.0	0	0.00	0	0.0	0.00	0.0	0.000	0.005	31.7	61	23.3	36.7	10.79	 .0697	0.00	24	1	100.0	1
14/05/15	3:37 a	26.0	26.0	26.0	95	25.1	0.0	---	0.00	0.0	---	26.0	29.6	29.6	29.1	753.5	0.00	0.0	0	0.00	0	0.0	0.00	0.0	0.000	0.005	31.7	61	23.3	36.7	10.79	 .0697	0.00	23	1	100.0	1
14/05/15	3:38 a	26.0	26.0	26.0	95	25.1	0.0	---	0.00	0.0	---	26.0	29.6	29.6	29.1	753.5	0.00	0.0	0	0.00	0	0.0	0.00	0.0	0.000	0.005	31.7	61	23.2	36.6	10.79	 .0697	0.00	23	1	100.0	1
14/05/15	3:39 a	26.0	26.0	26.0	95	25.1	0.0	---	0.00	0.0	---	26.0	29.6	29.6	29.1	753.5	0.00	0.0	0	0.00	0	0.0	0.00	0.0	0.000	0.005	31.7	61	23.3	36.7	10.79	 .0697	0.00	24	1	100.0	1
14/05/15	3:40 a	26.0	26.0	26.0	95	25.1	0.0	---	0.00	0.0	---	26.0	29.6	29.6	29.1	753.5	0.00	0.0	0	0.00	0	0.0	0.00	0.0	0.000	0.005	31.7	61	23.3	36.7	10.79	 .0697	0.00	23	1	100.0	1
14/05/15	3:41 a	26.0	26.0	26.0	95	25.1	0.0	---	0.00	0.0	---	26.0	29.6	29.6	29.1	753.5	0.00	0.0	0	0.00	0	0.0	0.00	0.0	0.000	0.005	31.7	61	23.3	36.7	10.79	 .0697	0.00	24	1	100.0	1
14/05/15	3:42 a	26.0	26.0	26.0	95	25.1	0.0	---	0.00	0.0	---	26.0	29.6	29.6	29.1	753.6	0.00	0.0	0	0.00	0	0.0	0.00	0.0	0.000	0.005	31.7	61	23.2	36.6	10.79	 .0697	0.00	23	1	100.0	1
14/05/15	3:43 a	26.0	26.0	26.0	95	25.1	0.0	---	0.00	0.0	---	26.0	29.6	29.6	29.1	753.6	0.00	0.0	0	0.00	0	0.0	0.00	0.0	0.000	0.005	31.7	61	23.2	36.6	10.79	 .0697	0.00	24	1	100.0	1
14/05/15	3:44 a	26.0	26.0	26.0	95	25.1	0.0	---	0.00	0.0	---	26.0	29.6	29.6	29.1	753.7	0.00	0.0	0	0.00	0	0.0	0.00	0.0	0.000	0.005	31.7	61	23.2	36.6	10.79	 .0697	0.00	23	1	100.0	1
14/05/15	3:45 a	26.0	26.0	26.0	95	25.1	0.0	---	0.00	0.0	---	26.0	29.6	29.6	29.1	753.7	0.00	0.0	0	0.00	0	0.0	0.00	0.0	0.000	0.005	31.7	61	23.3	36.7	10.79	 .0697	0.00	23	1	100.0	1
14/05/15	3:46 a	26.0	26.0	26.0	95	25.1	0.0	---	0.00	0.0	---	26.0	29.6	29.6	29.1	753.7	0.00	0.0	0	0.00	0	0.0	0.00	0.0	0.000	0.005	31.7	61	23.2	36.6	10.79	 .0697	0.00	24	1	100.0	1
14/05/15	3:47 a	26.0	26.0	26.0	95	25.1	0.0	E	0.00	0.4	E	26.0	29.6	29.6	29.1	753.7	0.00	0.0	0	0.00	0	0.0	0.00	0.0	0.000	0.005	31.7	61	23.2	36.6	10.79	 .0697	0.00	23	1	100.0	1
14/05/15	3:48 a	26.0	26.0	26.0	95	25.1	0.4	E	0.03	0.9	E	26.0	29.6	29.6	29.1	753.7	0.00	0.0	0	0.00	0	0.0	0.00	0.0	0.000	0.005	31.7	61	23.3	36.7	10.79	 .0697	0.00	24	1	100.0	1
14/05/15	3:49 a	26.0	26.0	26.0	95	25.1	0.0	E	0.00	0.4	E	26.0	29.6	29.6	29.1	753.7	0.00	0.0	0	0.00	0	0.0	0.00	0.0	0.000	0.005	31.7	61	23.2	36.6	10.79	 .0697	0.00	23	1	100.0	1
14/05/15	3:50 a	26.0	26.0	26.0	95	25.1	0.4	E	0.03	0.9	E	26.0	29.6	29.6	29.1	753.7	0.00	0.0	0	0.00	0	0.0	0.00	0.0	0.000	0.005	31.7	61	23.3	36.7	10.79	 .0697	0.00	23	1	100.0	1
14/05/15	3:51 a	26.0	26.0	26.0	95	25.1	0.4	E	0.03	0.4	E	26.0	29.6	29.6	29.1	753.8	0.00	0.0	0	0.00	0	0.0	0.00	0.0	0.000	0.005	31.7	61	23.3	36.7	10.79	 .0697	0.00	24	1	100.0	1
14/05/15	3:52 a	26.0	26.0	26.0	95	25.1	0.0	---	0.00	0.0	---	26.0	29.6	29.6	29.1	753.8	0.00	0.0	0	0.00	0	0.0	0.00	0.0	0.000	0.005	31.7	61	23.2	36.6	10.79	 .0697	0.00	23	1	100.0	1
14/05/15	3:53 a	26.0	26.0	26.0	95	25.1	0.0	---	0.00	0.0	---	26.0	29.6	29.6	29.1	753.8	0.00	0.0	0	0.00	0	0.0	0.00	0.0	0.000	0.005	31.7	61	23.2	36.6	10.79	 .0697	0.00	24	1	100.0	1
14/05/15	3:54 a	26.0	26.0	26.0	95	25.1	0.0	---	0.00	0.0	---	26.0	29.6	29.6	29.1	753.8	0.00	0.0	0	0.00	0	0.0	0.00	0.0	0.000	0.005	31.7	61	23.3	36.7	10.79	 .0697	0.00	23	1	100.0	1
14/05/15	3:55 a	26.0	26.1	26.0	95	25.1	0.4	E	0.03	0.9	E	26.0	29.6	29.6	29.1	753.8	0.00	0.0	0	0.00	0	0.0	0.00	0.0	0.000	0.005	31.7	61	23.2	36.6	10.79	 .0697	0.00	24	1	100.0	1
14/05/15	3:56 a	26.0	26.0	26.0	95	25.1	0.4	E	0.03	0.9	E	26.0	29.6	29.6	29.1	753.8	0.00	0.0	0	0.00	0	0.0	0.00	0.0	0.000	0.005	31.7	61	23.2	36.6	10.79	 .0697	0.00	23	1	100.0	1
14/05/15	3:57 a	26.0	26.0	26.0	95	25.1	0.0	E	0.00	0.4	E	26.0	29.6	29.6	29.1	753.8	0.00	0.0	0	0.00	0	0.0	0.00	0.0	0.000	0.005	31.7	61	23.2	36.6	10.79	 .0697	0.00	23	1	100.0	1
14/05/15	3:58 a	26.0	26.0	26.0	95	25.1	0.4	E	0.03	0.9	E	26.0	29.6	29.6	29.1	753.9	0.00	0.0	0	0.00	0	0.0	0.00	0.0	0.000	0.005	31.7	61	23.2	36.6	10.79	 .0697	0.00	24	1	100.0	1
14/05/15	3:59 a	26.0	26.0	26.0	95	25.1	0.4	E	0.03	0.9	E	26.0	29.6	29.6	29.1	753.8	0.00	0.0	0	0.00	0	0.0	0.00	0.0	0.000	0.005	31.7	61	23.2	36.6	10.79	 .0697	0.00	23	1	100.0	1
14/05/15	4:00 a	26.0	26.0	26.0	95	25.1	0.4	E	0.03	0.4	E	26.0	29.6	29.6	29.1	753.8	0.00	0.0	0	0.00	0	0.0	0.00	0.0	0.000	0.005	31.7	61	23.2	36.6	10.79	 .0697	0.00	24	1	100.0	1
14/05/15	4:01 a	26.0	26.0	26.0	95	25.1	0.0	E	0.00	0.4	E	26.0	29.6	29.6	29.1	753.8	0.00	0.0	0	0.00	0	0.0	0.00	0.0	0.000	0.005	31.7	61	23.2	36.6	10.79	 .0697	0.00	23	1	100.0	1
14/05/15	4:02 a	26.0	26.0	26.0	95	25.1	0.0	E	0.00	0.4	E	26.0	29.6	29.6	29.1	753.8	0.00	0.0	0	0.00	0	0.0	0.00	0.0	0.000	0.005	31.7	61	23.2	36.6	10.79	 .0697	0.00	23	1	100.0	1
14/05/15	4:03 a	26.0	26.0	26.0	95	25.1	0.0	E	0.00	0.4	E	26.0	29.6	29.6	29.1	753.8	0.00	0.0	0	0.00	0	0.0	0.00	0.0	0.000	0.005	31.7	61	23.2	36.6	10.79	 .0697	0.00	24	1	100.0	1
14/05/15	4:04 a	26.0	26.0	26.0	95	25.1	0.0	E	0.00	0.4	E	26.0	29.6	29.6	29.1	753.8	0.00	0.0	0	0.00	0	0.0	0.00	0.0	0.000	0.005	31.7	61	23.2	36.6	10.79	 .0697	0.00	23	1	100.0	1
14/05/15	4:05 a	26.0	26.0	26.0	95	25.1	0.0	E	0.00	0.4	E	26.0	29.6	29.6	29.1	753.8	0.00	0.0	0	0.00	0	0.0	0.00	0.0	0.000	0.005	31.7	61	23.2	36.6	10.79	 .0697	0.00	24	1	100.0	1
14/05/15	4:06 a	26.0	26.0	26.0	95	25.1	0.0	E	0.00	0.9	E	26.0	29.6	29.6	29.1	753.8	0.00	0.0	0	0.00	0	0.0	0.00	0.0	0.000	0.005	31.7	61	23.3	36.7	10.79	 .0697	0.00	23	1	100.0	1
14/05/15	4:07 a	26.0	26.0	26.0	95	25.1	0.4	E	0.03	0.9	E	26.0	29.6	29.6	29.1	753.8	0.00	0.0	0	0.00	0	0.0	0.00	0.0	0.000	0.005	31.7	61	23.2	36.6	10.79	 .0697	0.00	23	1	100.0	1
14/05/15	4:08 a	26.0	26.0	26.0	95	25.1	0.4	E	0.03	0.9	E	26.0	29.6	29.6	29.1	753.8	0.00	0.0	0	0.00	0	0.0	0.00	0.0	0.000	0.005	31.7	61	23.3	36.7	10.79	 .0697	0.00	24	1	100.0	1
14/05/15	4:09 a	26.0	26.0	26.0	95	25.1	0.0	E	0.00	0.4	E	26.0	29.6	29.6	29.1	753.7	0.00	0.0	0	0.00	0	0.0	0.00	0.0	0.000	0.005	31.7	61	23.3	36.7	10.79	 .0697	0.00	23	1	100.0	1
14/05/15	4:10 a	26.0	26.0	26.0	95	25.1	0.0	E	0.00	0.9	E	26.0	29.6	29.6	29.1	753.7	0.00	0.0	0	0.00	0	0.0	0.00	0.0	0.000	0.005	31.7	61	23.3	36.7	10.79	 .0697	0.00	24	1	100.0	1
14/05/15	4:11 a	26.0	26.0	26.0	95	25.1	0.4	E	0.03	0.9	E	26.0	29.6	29.6	29.1	753.7	0.00	0.0	0	0.00	0	0.0	0.00	0.0	0.000	0.005	31.7	61	23.3	36.7	10.79	 .0697	0.00	23	1	100.0	1
14/05/15	4:12 a	26.0	26.0	26.0	95	25.1	0.4	E	0.03	0.9	E	26.0	29.6	29.6	29.1	753.8	0.00	0.0	0	0.00	0	0.0	0.00	0.0	0.000	0.005	31.7	61	23.3	36.7	10.79	 .0697	0.00	24	1	100.0	1
14/05/15	4:13 a	26.0	26.0	26.0	95	25.1	0.9	E	0.05	1.3	ESE	26.0	29.6	29.6	29.1	753.7	0.00	0.0	0	0.00	0	0.0	0.00	0.0	0.000	0.005	31.7	61	23.3	36.7	10.79	 .0697	0.00	23	1	100.0	1
14/05/15	4:14 a	26.0	26.0	26.0	95	25.1	0.4	ESE	0.03	0.9	ESE	26.0	29.6	29.6	29.1	753.7	0.00	0.0	0	0.00	0	0.0	0.00	0.0	0.000	0.005	31.7	61	23.3	36.7	10.79	 .0697	0.00	23	1	100.0	1
14/05/15	4:15 a	26.0	26.0	26.0	95	25.1	0.0	ESE	0.00	0.4	ESE	26.0	29.6	29.6	29.1	753.8	0.00	0.0	0	0.00	0	0.0	0.00	0.0	0.000	0.005	31.7	61	23.3	36.7	10.79	 .0697	0.00	24	1	100.0	1
14/05/15	4:16 a	26.0	26.0	26.0	95	25.1	0.9	ESE	0.05	1.8	ESE	26.0	29.6	29.6	29.1	753.7	0.00	0.0	0	0.00	0	0.0	0.00	0.0	0.000	0.005	31.7	61	23.3	36.7	10.79	 .0697	0.00	23	1	100.0	1
14/05/15	4:17 a	26.0	26.0	26.0	95	25.1	0.0	---	0.00	0.0	---	26.0	29.6	29.6	29.1	753.7	0.00	0.0	0	0.00	0	0.0	0.00	0.0	0.000	0.005	31.7	61	23.3	36.7	10.79	 .0697	0.00	24	1	100.0	1
14/05/15	4:18 a	26.0	26.0	26.0	95	25.1	0.0	---	0.00	0.0	---	26.0	29.6	29.6	29.1	753.7	0.00	0.0	0	0.00	0	0.0	0.00	0.0	0.000	0.005	31.7	61	23.3	36.7	10.79	 .0697	0.00	23	1	100.0	1
14/05/15	4:19 a	26.0	26.0	26.0	95	25.1	0.0	---	0.00	0.0	---	26.0	29.6	29.6	29.1	753.7	0.00	0.0	0	0.00	0	0.0	0.00	0.0	0.000	0.005	31.7	61	23.3	36.7	10.79	 .0697	0.00	23	1	100.0	1
14/05/15	4:20 a	26.0	26.0	26.0	95	25.1	0.0	ESE	0.00	0.4	ESE	26.0	29.6	29.6	29.1	753.7	0.00	0.0	0	0.00	0	0.0	0.00	0.0	0.000	0.005	31.7	61	23.3	36.7	10.79	 .0697	0.00	24	1	100.0	1
14/05/15	4:21 a	26.0	26.0	26.0	95	25.1	0.0	---	0.00	0.0	---	26.0	29.6	29.6	29.1	753.7	0.00	0.0	0	0.00	0	0.0	0.00	0.0	0.000	0.005	31.7	61	23.3	36.7	10.79	 .0697	0.00	23	1	100.0	1
14/05/15	4:22 a	26.0	26.0	26.0	95	25.1	0.0	ESE	0.00	0.4	ESE	26.0	29.6	29.6	29.1	753.7	0.00	0.0	0	0.00	0	0.0	0.00	0.0	0.000	0.005	31.7	61	23.3	36.7	10.79	 .0697	0.00	24	1	100.0	1
14/05/15	4:23 a	26.0	26.0	26.0	95	25.1	0.0	ESE	0.00	0.4	ESE	26.0	29.6	29.6	29.1	753.7	0.00	0.0	0	0.00	0	0.0	0.00	0.0	0.000	0.005	31.7	61	23.2	36.6	10.79	 .0697	0.00	23	1	100.0	1
14/05/15	4:24 a	26.0	26.0	26.0	95	25.1	0.0	---	0.00	0.0	---	26.0	29.6	29.6	29.1	753.7	0.00	0.0	0	0.00	0	0.0	0.00	0.0	0.000	0.005	31.7	61	23.3	36.7	10.79	 .0697	0.00	24	1	100.0	1
14/05/15	4:25 a	26.0	26.0	26.0	95	25.1	0.0	---	0.00	0.0	---	26.0	29.6	29.6	29.1	753.7	0.00	0.0	0	0.00	0	0.0	0.00	0.0	0.000	0.005	31.7	61	23.3	36.7	10.79	 .0697	0.00	23	1	100.0	1
14/05/15	4:26 a	26.0	26.0	26.0	95	25.1	0.0	---	0.00	0.0	---	26.0	29.6	29.6	29.1	753.7	0.00	0.0	0	0.00	0	0.0	0.00	0.0	0.000	0.005	31.7	61	23.3	36.7	10.79	 .0697	0.00	23	1	100.0	1
14/05/15	4:27 a	26.0	26.0	26.0	95	25.1	0.0	---	0.00	0.0	---	26.0	29.6	29.6	29.1	753.7	0.00	0.0	0	0.00	0	0.0	0.00	0.0	0.000	0.005	31.7	61	23.3	36.7	10.79	 .0697	0.00	24	1	100.0	1
14/05/15	4:28 a	26.0	26.0	26.0	95	25.1	0.0	ESE	0.00	0.4	ESE	26.0	29.6	29.6	29.1	753.7	0.00	0.0	0	0.00	0	0.0	0.00	0.0	0.000	0.005	31.7	61	23.3	36.7	10.79	 .0697	0.00	23	1	100.0	1
14/05/15	4:29 a	26.0	26.1	26.0	95	25.1	0.0	ESE	0.00	0.4	ESE	26.0	29.6	29.6	29.1	753.7	0.00	0.0	0	0.00	0	0.0	0.00	0.0	0.000	0.005	31.7	61	23.3	36.7	10.79	 .0697	0.00	24	1	100.0	1
14/05/15	4:30 a	26.0	26.0	26.0	95	25.1	0.0	ESE	0.00	0.4	ESE	26.0	29.6	29.6	29.1	753.7	0.00	0.0	0	0.00	0	0.0	0.00	0.0	0.000	0.005	31.7	61	23.3	36.7	10.79	 .0697	0.00	23	1	100.0	1
14/05/15	4:31 a	26.0	26.0	26.0	95	25.1	0.4	ESE	0.03	0.9	ESE	26.0	29.6	29.6	29.1	753.7	0.00	0.0	0	0.00	0	0.0	0.00	0.0	0.000	0.005	31.7	61	23.3	36.7	10.79	 .0697	0.00	24	1	100.0	1
14/05/15	4:32 a	26.0	26.0	26.0	95	25.1	0.0	ESE	0.00	0.9	ESE	26.0	29.6	29.6	29.1	753.7	0.00	0.0	0	0.00	0	0.0	0.00	0.0	0.000	0.005	31.7	61	23.3	36.7	10.79	 .0697	0.00	23	1	100.0	1
14/05/15	4:33 a	26.0	26.0	26.0	95	25.1	0.0	ESE	0.00	0.4	ESE	26.0	29.6	29.6	29.1	753.6	0.00	0.0	0	0.00	0	0.0	0.00	0.0	0.000	0.005	31.7	61	23.3	36.7	10.79	 .0697	0.00	23	1	100.0	1
14/05/15	4:34 a	26.0	26.0	26.0	95	25.1	0.0	---	0.00	0.0	---	26.0	29.6	29.6	29.1	753.7	0.00	0.0	0	0.00	0	0.0	0.00	0.0	0.000	0.005	31.7	61	23.3	36.7	10.79	 .0697	0.00	24	1	100.0	1
14/05/15	4:35 a	26.0	26.0	26.0	95	25.1	0.0	---	0.00	0.0	---	26.0	29.6	29.6	29.1	753.6	0.00	0.0	0	0.00	0	0.0	0.00	0.0	0.000	0.005	31.7	61	23.3	36.7	10.79	 .0697	0.00	23	1	100.0	1
14/05/15	4:36 a	26.1	26.1	26.0	95	25.2	0.4	ESE	0.03	0.9	ESE	26.1	29.8	29.8	29.2	753.6	0.00	0.0	0	0.00	0	0.0	0.00	0.0	0.000	0.005	31.7	61	23.3	36.7	10.79	 .0697	0.00	24	1	100.0	1
14/05/15	4:37 a	26.1	26.1	26.0	95	25.2	0.0	ESE	0.00	0.4	ESE	26.1	29.8	29.8	29.2	753.6	0.00	0.0	0	0.00	0	0.0	0.00	0.0	0.000	0.005	31.7	61	23.3	36.7	10.79	 .0697	0.00	23	1	100.0	1
14/05/15	4:38 a	26.1	26.1	26.0	95	25.2	0.4	ESE	0.03	0.4	ESE	26.1	29.8	29.8	29.2	753.6	0.00	0.0	0	0.00	0	0.0	0.00	0.0	0.000	0.005	31.7	61	23.3	36.7	10.79	 .0697	0.00	23	1	100.0	1
14/05/15	4:39 a	26.1	26.1	26.0	95	25.2	0.0	ESE	0.00	0.4	ESE	26.1	29.8	29.8	29.2	753.6	0.00	0.0	0	0.00	0	0.0	0.00	0.0	0.000	0.005	31.7	61	23.3	36.7	10.79	 .0697	0.00	24	1	100.0	1
14/05/15	4:40 a	26.1	26.1	26.0	95	25.2	0.0	ESE	0.00	0.4	ESE	26.1	29.8	29.8	29.2	753.7	0.00	0.0	0	0.00	0	0.0	0.00	0.0	0.000	0.005	31.7	61	23.3	36.7	10.79	 .0697	0.00	23	1	100.0	1
14/05/15	4:41 a	26.1	26.1	26.0	95	25.2	0.0	ESE	0.00	0.4	ESE	26.1	29.8	29.8	29.2	753.7	0.00	0.0	0	0.00	0	0.0	0.00	0.0	0.000	0.005	31.7	61	23.3	36.7	10.79	 .0697	0.00	24	1	100.0	1
14/05/15	4:42 a	26.1	26.1	26.0	95	25.2	0.4	ESE	0.03	0.4	ESE	26.1	29.8	29.8	29.2	753.7	0.00	0.0	0	0.00	0	0.0	0.00	0.0	0.000	0.005	31.7	61	23.3	36.7	10.79	 .0697	0.00	23	1	100.0	1
14/05/15	4:43 a	26.1	26.1	26.1	95	25.2	0.0	ESE	0.00	0.4	ESE	26.1	29.8	29.8	29.2	753.6	0.00	0.0	0	0.00	0	0.0	0.00	0.0	0.000	0.005	31.7	61	23.3	36.7	10.79	 .0697	0.00	23	1	100.0	1
14/05/15	4:44 a	26.1	26.1	26.1	95	25.2	0.0	ESE	0.00	0.4	ESE	26.1	29.8	29.8	29.2	753.6	0.00	0.0	0	0.00	0	0.0	0.00	0.0	0.000	0.005	31.7	61	23.3	36.7	10.79	 .0697	0.00	24	1	100.0	1
14/05/15	4:45 a	26.1	26.1	26.1	95	25.2	0.0	ESE	0.00	0.4	ESE	26.1	29.8	29.8	29.2	753.6	0.00	0.0	0	0.00	0	0.0	0.00	0.0	0.000	0.005	31.7	61	23.3	36.7	10.79	 .0697	0.00	23	1	100.0	1
14/05/15	4:46 a	26.1	26.1	26.1	95	25.2	0.0	---	0.00	0.0	---	26.1	29.8	29.8	29.2	753.6	0.00	0.0	0	0.00	0	0.0	0.00	0.0	0.000	0.005	31.7	61	23.3	36.7	10.79	 .0697	0.00	24	1	100.0	1
14/05/15	4:47 a	26.1	26.1	26.1	95	25.2	0.0	---	0.00	0.0	---	26.1	29.8	29.8	29.2	753.6	0.00	0.0	0	0.00	0	0.0	0.00	0.0	0.000	0.005	31.7	61	23.3	36.7	10.79	 .0697	0.00	23	1	100.0	1
14/05/15	4:48 a	26.1	26.1	26.1	95	25.2	0.0	ESE	0.00	0.4	ESE	26.1	29.8	29.8	29.2	753.6	0.00	0.0	0	0.00	0	0.0	0.00	0.0	0.000	0.005	31.7	61	23.3	36.7	10.79	 .0697	0.00	24	1	100.0	1
14/05/15	4:49 a	26.1	26.1	26.1	95	25.2	0.0	ESE	0.00	0.4	ESE	26.1	29.8	29.8	29.2	753.6	0.00	0.0	0	0.00	0	0.0	0.00	0.0	0.000	0.005	31.7	61	23.3	36.7	10.79	 .0697	0.00	23	1	100.0	1
14/05/15	4:50 a	26.1	26.1	26.1	95	25.2	0.0	ESE	0.00	0.4	ESE	26.1	29.8	29.8	29.2	753.6	0.00	0.0	0	0.00	0	0.0	0.00	0.0	0.000	0.005	31.7	61	23.3	36.7	10.79	 .0697	0.00	23	1	100.0	1
14/05/15	4:51 a	26.1	26.1	26.1	95	25.2	0.0	ESE	0.00	0.4	ESE	26.1	29.8	29.8	29.2	753.6	0.00	0.0	0	0.00	0	0.0	0.00	0.0	0.000	0.005	31.7	61	23.3	36.7	10.79	 .0697	0.00	24	1	100.0	1
14/05/15	4:52 a	26.1	26.1	26.1	95	25.2	0.0	ESE	0.00	0.4	ESE	26.1	29.8	29.8	29.2	753.6	0.00	0.0	0	0.00	0	0.0	0.00	0.0	0.000	0.005	31.7	61	23.3	36.7	10.79	 .0697	0.00	23	1	100.0	1
14/05/15	4:53 a	26.1	26.1	26.1	95	25.2	0.0	ESE	0.00	0.4	ESE	26.1	29.8	29.8	29.2	753.7	0.00	0.0	0	0.00	0	0.0	0.00	0.0	0.000	0.005	31.7	61	23.3	36.7	10.79	 .0697	0.00	24	1	100.0	1
14/05/15	4:54 a	26.1	26.1	26.1	95	25.2	0.0	---	0.00	0.0	---	26.1	29.8	29.8	29.2	753.6	0.00	0.0	0	0.00	0	0.0	0.00	0.0	0.000	0.005	31.7	61	23.3	36.7	10.79	 .0697	0.00	23	1	100.0	1
14/05/15	4:55 a	26.1	26.1	26.1	95	25.2	0.0	ESE	0.00	0.9	SE	26.1	29.9	29.9	29.3	753.6	0.00	0.0	0	0.00	0	0.0	0.00	0.0	0.000	0.005	31.7	61	23.3	36.7	10.79	 .0697	0.00	23	1	100.0	1
14/05/15	4:56 a	26.1	26.1	26.1	95	25.2	0.4	SE	0.03	1.3	SE	26.1	29.9	29.9	29.3	753.6	0.00	0.0	0	0.00	0	0.0	0.00	0.0	0.000	0.005	31.7	61	23.3	36.7	10.79	 .0697	0.00	24	1	100.0	1
14/05/15	4:57 a	26.1	26.1	26.1	95	25.2	0.0	SE	0.00	0.4	SE	26.1	29.9	29.9	29.3	753.7	0.00	0.0	0	0.00	0	0.0	0.00	0.0	0.000	0.005	31.7	61	23.3	36.7	10.79	 .0697	0.00	23	1	100.0	1
14/05/15	4:58 a	26.1	26.1	26.1	95	25.2	0.4	SE	0.03	0.9	SE	26.1	29.8	29.8	29.2	753.7	0.00	0.0	0	0.00	0	0.0	0.00	0.0	0.000	0.005	31.7	61	23.3	36.7	10.79	 .0697	0.00	24	1	100.0	1
14/05/15	4:59 a	26.1	26.1	26.1	95	25.2	0.4	SE	0.03	0.9	SE	26.1	29.9	29.9	29.3	753.7	0.00	0.0	0	0.00	0	0.0	0.00	0.0	0.000	0.005	31.7	61	23.3	36.7	10.79	 .0697	0.00	23	1	100.0	1
14/05/15	5:00 a	26.1	26.1	26.1	95	25.2	0.0	SE	0.00	0.4	SE	26.1	29.9	29.9	29.3	753.6	0.00	0.0	0	0.00	0	0.0	0.00	0.0	0.000	0.005	31.7	61	23.3	36.7	10.79	 .0697	0.00	24	1	100.0	1
14/05/15	5:01 a	26.1	26.1	26.1	95	25.2	0.0	SE	0.00	0.9	SE	26.1	29.8	29.8	29.2	753.6	0.00	0.0	0	0.00	0	0.0	0.00	0.0	0.000	0.005	31.7	61	23.3	36.7	10.79	 .0697	0.00	23	1	100.0	1
14/05/15	5:02 a	26.1	26.1	26.1	95	25.2	0.0	SE	0.00	0.4	SE	26.1	29.9	29.9	29.3	753.6	0.00	0.0	0	0.00	0	0.0	0.00	0.0	0.000	0.005	31.7	61	23.3	36.7	10.79	 .0697	0.00	23	1	100.0	1
14/05/15	5:03 a	26.1	26.1	26.1	95	25.2	0.0	SE	0.00	0.4	SE	26.1	29.9	29.9	29.3	753.7	0.00	0.0	0	0.00	0	0.0	0.00	0.0	0.000	0.005	31.7	61	23.3	36.7	10.79	 .0697	0.00	24	1	100.0	1
14/05/15	5:04 a	26.1	26.1	26.1	95	25.2	0.0	SE	0.00	0.4	SE	26.1	29.9	29.9	29.3	753.7	0.00	0.0	0	0.00	0	0.0	0.00	0.0	0.000	0.005	31.7	61	23.3	36.7	10.79	 .0697	0.00	23	1	100.0	1
14/05/15	5:05 a	26.1	26.1	26.1	95	25.2	0.0	SE	0.00	0.4	SE	26.1	29.9	29.9	29.3	753.6	0.00	0.0	0	0.00	0	0.0	0.00	0.0	0.000	0.005	31.7	61	23.3	36.7	10.79	 .0697	0.00	24	1	100.0	1
14/05/15	5:06 a	26.1	26.1	26.1	95	25.2	0.0	SE	0.00	0.4	SE	26.1	29.8	29.8	29.2	753.7	0.00	0.0	0	0.00	0	0.0	0.00	0.0	0.000	0.005	31.7	61	23.3	36.7	10.79	 .0697	0.00	23	1	100.0	1
14/05/15	5:07 a	26.1	26.1	26.1	95	25.2	0.4	SE	0.03	0.9	SE	26.1	29.9	29.9	29.3	753.7	0.00	0.0	0	0.00	0	0.0	0.00	0.0	0.000	0.005	31.7	61	23.3	36.7	10.79	 .0697	0.00	23	1	100.0	1
14/05/15	5:08 a	26.1	26.1	26.1	95	25.2	0.0	SE	0.00	0.4	SE	26.1	29.9	29.9	29.3	753.7	0.00	0.0	0	0.00	0	0.0	0.00	0.0	0.000	0.005	31.7	61	23.3	36.7	10.79	 .0697	0.00	24	1	100.0	1
14/05/15	5:09 a	26.1	26.1	26.1	95	25.2	0.4	SE	0.03	0.9	SE	26.1	29.8	29.8	29.2	753.7	0.00	0.0	0	0.00	0	0.0	0.00	0.0	0.000	0.005	31.7	61	23.3	36.7	10.79	 .0697	0.00	23	1	100.0	1
14/05/15	5:10 a	26.1	26.1	26.1	95	25.2	0.4	SE	0.03	0.9	SE	26.1	29.8	29.8	29.2	753.7	0.00	0.0	0	0.00	0	0.0	0.00	0.0	0.000	0.005	31.7	61	23.3	36.7	10.79	 .0697	0.00	24	1	100.0	1
14/05/15	5:11 a	26.1	26.1	26.1	95	25.2	0.0	SE	0.00	0.4	SE	26.1	29.8	29.8	29.2	753.7	0.00	0.0	0	0.00	0	0.0	0.00	0.0	0.000	0.005	31.7	61	23.3	36.7	10.79	 .0697	0.00	23	1	100.0	1
14/05/15	5:12 a	26.1	26.1	26.1	95	25.2	0.4	SE	0.03	0.9	SE	26.1	29.8	29.8	29.2	753.7	0.00	0.0	0	0.00	0	0.0	0.00	0.0	0.000	0.005	31.7	61	23.3	36.7	10.79	 .0697	0.00	23	1	100.0	1
14/05/15	5:13 a	26.1	26.1	26.1	95	25.2	0.4	SE	0.03	0.4	SE	26.1	29.8	29.8	29.2	753.8	0.00	0.0	0	0.00	0	0.0	0.00	0.0	0.000	0.005	31.7	61	23.3	36.7	10.79	 .0697	0.00	24	1	100.0	1
14/05/15	5:14 a	26.1	26.1	26.1	95	25.2	0.4	SE	0.03	0.9	SE	26.1	29.8	29.8	29.2	753.7	0.00	0.0	0	0.00	0	0.0	0.00	0.0	0.000	0.005	31.7	61	23.3	36.7	10.79	 .0697	0.00	23	1	100.0	1
14/05/15	5:15 a	26.1	26.1	26.1	95	25.2	0.4	SE	0.03	0.9	SE	26.1	29.8	29.8	29.2	753.8	0.00	0.0	0	0.00	0	0.0	0.00	0.0	0.000	0.005	31.7	61	23.3	36.7	10.79	 .0697	0.00	24	1	100.0	1
14/05/15	5:16 a	26.1	26.1	26.1	95	25.2	0.0	SE	0.00	0.4	SE	26.1	29.8	29.8	29.2	753.8	0.00	0.0	0	0.00	0	0.0	0.00	0.0	0.000	0.005	31.7	61	23.3	36.7	10.79	 .0697	0.00	23	1	100.0	1
14/05/15	5:17 a	26.1	26.1	26.1	95	25.2	0.4	SE	0.03	0.4	SE	26.1	29.8	29.8	29.2	753.7	0.00	0.0	0	0.00	0	0.0	0.00	0.0	0.000	0.005	31.7	61	23.3	36.7	10.79	 .0697	0.00	24	1	100.0	1
14/05/15	5:18 a	26.1	26.1	26.1	95	25.2	0.0	SE	0.00	0.4	SE	26.1	29.8	29.8	29.2	753.8	0.00	0.0	0	0.00	0	0.0	0.00	0.0	0.000	0.005	31.7	61	23.3	36.7	10.79	 .0697	0.00	23	1	100.0	1
14/05/15	5:19 a	26.1	26.1	26.1	95	25.2	0.0	SE	0.00	0.9	SE	26.1	29.8	29.8	29.2	753.7	0.00	0.0	0	0.00	0	0.0	0.00	0.0	0.000	0.005	31.7	61	23.3	36.7	10.79	 .0697	0.00	23	1	100.0	1
14/05/15	5:20 a	26.1	26.1	26.1	95	25.2	0.4	SE	0.03	0.9	SE	26.1	29.8	29.8	29.2	753.8	0.00	0.0	0	0.00	0	0.0	0.00	0.0	0.000	0.005	31.7	61	23.3	36.7	10.79	 .0697	0.00	24	1	100.0	1
14/05/15	5:21 a	26.1	26.1	26.1	95	25.2	0.4	SE	0.03	0.9	SE	26.1	29.8	29.8	29.2	753.8	0.00	0.0	0	0.00	0	0.0	0.00	0.0	0.000	0.005	31.8	61	23.3	36.8	10.78	 .0697	0.00	23	1	100.0	1
14/05/15	5:22 a	26.0	26.0	26.0	95	25.1	0.4	SE	0.03	0.9	SE	26.0	29.6	29.6	29.1	753.8	0.00	0.0	0	0.00	0	0.0	0.00	0.0	0.000	0.005	31.8	61	23.3	36.8	10.78	 .0697	0.00	24	1	100.0	1
14/05/15	5:23 a	26.0	26.0	26.0	95	25.1	0.9	SE	0.05	1.8	SE	26.0	29.6	29.6	29.1	753.8	0.00	0.0	0	0.00	0	0.0	0.00	0.0	0.000	0.005	31.8	61	23.3	36.8	10.78	 .0697	0.00	23	1	100.0	1
14/05/15	5:24 a	26.0	26.0	26.0	95	25.1	0.9	SE	0.05	1.8	SE	26.0	29.6	29.6	29.1	753.8	0.00	0.0	0	0.00	0	0.0	0.00	0.0	0.000	0.005	31.7	61	23.3	36.7	10.79	 .0697	0.00	23	1	100.0	1
14/05/15	5:25 a	26.0	26.0	26.0	95	25.1	0.4	SE	0.03	0.9	SE	26.0	29.6	29.6	29.1	753.8	0.00	0.0	0	0.00	0	0.0	0.00	0.0	0.000	0.005	31.7	61	23.3	36.7	10.79	 .0697	0.00	24	1	100.0	1
14/05/15	5:26 a	26.0	26.0	26.0	95	25.1	0.4	SE	0.03	0.9	SE	26.0	29.6	29.6	29.1	753.8	0.00	0.0	0	0.00	0	0.0	0.00	0.0	0.000	0.005	31.7	61	23.3	36.7	10.79	 .0697	0.00	23	1	100.0	1
14/05/15	5:27 a	26.0	26.0	26.0	95	25.1	0.9	SE	0.05	2.2	SE	26.0	29.6	29.6	29.1	753.8	0.00	0.0	0	0.00	0	0.0	0.00	0.0	0.000	0.005	31.7	61	23.3	36.7	10.79	 .0697	0.00	24	1	100.0	1
14/05/15	5:28 a	26.0	26.0	26.0	95	25.1	0.9	SE	0.05	1.3	SE	26.0	29.6	29.6	29.1	753.8	0.00	0.0	0	0.00	0	0.0	0.00	0.0	0.000	0.005	31.7	61	23.3	36.7	10.79	 .0697	0.00	23	1	100.0	1
14/05/15	5:29 a	26.0	26.0	26.0	95	25.1	0.4	SE	0.03	0.9	SE	26.0	29.6	29.6	29.1	753.8	0.00	0.0	0	0.00	0	0.0	0.00	0.0	0.000	0.005	31.7	61	23.3	36.7	10.79	 .0697	0.00	24	1	100.0	1
14/05/15	5:30 a	26.0	26.0	26.0	95	25.1	0.9	SE	0.05	1.8	SE	26.0	29.6	29.6	29.1	753.9	0.00	0.0	0	0.00	0	0.0	0.00	0.0	0.000	0.005	31.7	61	23.3	36.7	10.79	 .0697	0.00	23	1	100.0	1
14/05/15	5:31 a	26.0	26.0	26.0	95	25.1	0.4	SE	0.03	0.9	SE	26.0	29.6	29.6	29.1	753.8	0.00	0.0	0	0.00	0	0.0	0.00	0.0	0.000	0.005	31.7	61	23.3	36.7	10.79	 .0697	0.00	23	1	100.0	1
14/05/15	5:32 a	26.0	26.0	26.0	95	25.1	0.9	SE	0.05	2.2	SE	26.0	29.6	29.6	29.1	753.9	0.00	0.0	0	0.00	0	0.0	0.00	0.0	0.000	0.005	31.7	61	23.3	36.7	10.79	 .0697	0.00	24	1	100.0	1
14/05/15	5:33 a	26.0	26.0	26.0	95	25.1	0.4	SE	0.03	0.9	SE	26.0	29.6	29.6	29.1	753.8	0.00	0.0	0	0.00	0	0.0	0.00	0.0	0.000	0.005	31.7	61	23.3	36.7	10.79	 .0697	0.00	23	1	100.0	1
14/05/15	5:34 a	26.0	26.0	26.0	95	25.1	0.9	SSE	0.05	1.3	SSE	26.0	29.6	29.6	29.1	753.8	0.00	0.0	0	0.00	0	0.0	0.00	0.0	0.000	0.005	31.7	61	23.3	36.7	10.79	 .0697	0.00	24	1	100.0	1
14/05/15	5:35 a	26.0	26.0	26.0	95	25.1	0.4	SSE	0.03	0.9	SSE	26.0	29.6	29.6	29.1	753.8	0.00	0.0	0	0.00	0	0.0	0.00	0.0	0.000	0.005	31.7	61	23.3	36.7	10.79	 .0697	0.00	23	1	100.0	1
14/05/15	5:36 a	26.0	26.0	26.0	95	25.1	0.4	SSE	0.03	0.9	SE	26.0	29.6	29.6	29.1	753.9	0.00	0.0	0	0.00	0	0.0	0.00	0.0	0.000	0.005	31.7	61	23.3	36.7	10.79	 .0697	0.00	23	1	100.0	1
14/05/15	5:37 a	26.0	26.0	26.0	95	25.1	0.4	SSE	0.03	0.9	SE	26.0	29.6	29.6	29.1	753.8	0.00	0.0	0	0.00	0	0.0	0.00	0.0	0.000	0.005	31.7	61	23.3	36.7	10.79	 .0697	0.00	24	1	100.0	1
14/05/15	5:38 a	26.0	26.0	26.0	95	25.1	0.0	SSE	0.00	0.4	SSE	26.0	29.6	29.6	29.1	753.8	0.00	0.0	0	0.00	0	0.0	0.00	0.0	0.000	0.005	31.7	61	23.3	36.7	10.79	 .0697	0.00	23	1	100.0	1
14/05/15	5:39 a	26.0	26.0	26.0	95	25.1	0.0	SSE	0.00	0.4	SSE	26.0	29.6	29.6	29.1	753.8	0.00	0.0	0	0.00	0	0.0	0.00	0.0	0.000	0.005	31.7	61	23.3	36.7	10.79	 .0697	0.00	24	1	100.0	1
14/05/15	5:40 a	26.0	26.0	26.0	95	25.1	0.0	SSE	0.00	0.4	SE	26.0	29.6	29.6	29.1	753.8	0.00	0.0	0	0.00	0	0.0	0.00	0.0	0.000	0.005	31.7	61	23.3	36.7	10.79	 .0697	0.00	23	1	100.0	1
14/05/15	5:41 a	26.0	26.0	26.0	95	25.1	0.4	SSE	0.03	1.3	SSE	26.0	29.6	29.6	29.1	753.9	0.00	0.0	0	0.00	0	0.0	0.00	0.0	0.000	0.005	31.7	61	23.3	36.7	10.79	 .0697	0.00	24	1	100.0	1
14/05/15	5:42 a	26.0	26.0	25.9	95	25.1	0.4	SE	0.03	0.9	SSE	26.0	29.6	29.6	29.1	753.9	0.00	0.0	0	0.00	0	0.0	0.00	0.0	0.000	0.005	31.7	61	23.3	36.7	10.79	 .0697	0.00	23	1	100.0	1
14/05/15	5:43 a	26.0	26.0	25.9	95	25.1	0.4	SSE	0.03	0.9	SSE	26.0	29.6	29.6	29.1	753.9	0.00	0.0	0	0.00	0	0.0	0.00	0.0	0.000	0.005	31.7	61	23.3	36.7	10.79	 .0697	0.00	23	1	100.0	1
14/05/15	5:44 a	26.0	26.0	25.9	95	25.1	0.0	---	0.00	0.0	---	26.0	29.6	29.6	29.1	753.9	0.00	0.0	0	0.00	0	0.0	0.00	0.0	0.000	0.005	31.8	61	23.3	36.8	10.78	 .0697	0.00	24	1	100.0	1
14/05/15	5:45 a	26.0	26.0	25.9	95	25.1	0.0	SE	0.00	0.4	SE	26.0	29.6	29.6	29.1	753.9	0.00	0.0	0	0.00	0	0.0	0.00	0.0	0.000	0.005	31.7	61	23.3	36.7	10.79	 .0697	0.00	23	1	100.0	1
14/05/15	5:46 a	25.9	26.0	25.9	95	25.1	0.0	SSE	0.00	0.4	SE	25.9	29.5	29.5	28.9	753.9	0.00	0.0	0	0.00	0	0.0	0.00	0.0	0.000	0.005	31.8	61	23.3	36.8	10.78	 .0697	0.00	24	1	100.0	1
14/05/15	5:47 a	26.0	26.0	26.0	95	25.1	0.0	SSE	0.00	0.4	SSE	26.0	29.6	29.6	29.1	753.9	0.00	0.0	0	0.00	0	0.0	0.00	0.0	0.000	0.005	31.7	61	23.3	36.7	10.79	 .0697	0.00	23	1	100.0	1
14/05/15	5:48 a	26.0	26.0	26.0	95	25.1	0.0	SSE	0.00	0.4	SSE	26.0	29.6	29.6	29.1	754.0	0.00	0.0	0	0.00	0	0.0	0.00	0.0	0.000	0.005	31.7	61	23.3	36.7	10.79	 .0697	0.00	23	1	100.0	1
14/05/15	5:49 a	26.0	26.0	25.9	95	25.1	0.0	---	0.00	0.0	---	26.0	29.6	29.6	29.1	754.0	0.00	0.0	0	0.00	0	0.0	0.00	0.0	0.000	0.005	31.7	61	23.3	36.7	10.79	 .0697	0.00	24	1	100.0	1
14/05/15	5:50 a	26.0	26.0	26.0	95	25.1	0.0	---	0.00	0.0	---	26.0	29.6	29.6	29.1	754.0	0.00	0.0	0	0.00	0	0.0	0.00	0.0	0.000	0.005	31.7	61	23.3	36.7	10.79	 .0697	0.00	23	1	100.0	1
14/05/15	5:51 a	26.0	26.0	26.0	95	25.1	0.0	---	0.00	0.0	---	26.0	29.6	29.6	29.1	753.9	0.00	0.0	0	0.00	0	0.0	0.00	0.0	0.000	0.005	31.7	61	23.3	36.7	10.79	 .0697	0.00	24	1	100.0	1
14/05/15	5:52 a	26.0	26.0	26.0	95	25.1	0.0	---	0.00	0.0	---	26.0	29.6	29.6	29.1	754.0	0.00	0.0	0	0.00	0	0.0	0.00	0.0	0.000	0.005	31.7	61	23.3	36.7	10.79	 .0697	0.00	23	1	100.0	1
14/05/15	5:53 a	26.0	26.0	26.0	95	25.1	0.0	SSE	0.00	0.4	SSE	26.0	29.6	29.6	29.1	753.9	0.00	0.0	0	0.00	0	0.0	0.00	0.0	0.000	0.005	31.7	61	23.3	36.7	10.79	 .0697	0.00	24	1	100.0	1
14/05/15	5:54 a	26.0	26.0	26.0	95	25.1	0.4	SE	0.03	0.9	SE	26.0	29.6	29.6	29.1	754.0	0.00	0.0	0	0.00	0	0.0	0.00	0.0	0.000	0.005	31.7	61	23.3	36.7	10.79	 .0697	0.00	23	1	100.0	1
14/05/15	5:55 a	26.0	26.0	26.0	95	25.1	0.4	SSE	0.03	0.9	SSE	26.0	29.6	29.6	29.1	754.0	0.00	0.0	0	0.00	0	0.0	0.00	0.0	0.000	0.005	31.7	61	23.2	36.6	10.79	 .0697	0.00	23	1	100.0	1
14/05/15	5:56 a	26.0	26.0	26.0	95	25.1	0.0	SSE	0.00	0.4	SSE	26.0	29.6	29.6	29.1	754.0	0.00	0.0	0	0.00	0	0.0	0.00	0.0	0.000	0.005	31.7	61	23.3	36.7	10.79	 .0697	0.00	24	1	100.0	1
14/05/15	5:57 a	26.0	26.0	26.0	95	25.1	0.0	---	0.00	0.0	---	26.0	29.6	29.6	29.1	754.0	0.00	0.0	0	0.00	0	0.0	0.00	0.0	0.000	0.005	31.7	61	23.2	36.6	10.79	 .0697	0.00	23	1	100.0	1
14/05/15	5:58 a	26.0	26.0	26.0	95	25.1	0.0	---	0.00	0.0	---	26.0	29.6	29.6	29.1	754.0	0.00	0.0	0	0.00	0	0.0	0.00	0.0	0.000	0.005	31.7	61	23.2	36.6	10.79	 .0697	0.00	24	1	100.0	1
14/05/15	5:59 a	26.0	26.0	26.0	95	25.1	0.0	---	0.00	0.0	---	26.0	29.6	29.6	29.1	754.1	0.00	0.0	0	0.00	0	0.0	0.00	0.0	0.000	0.005	31.7	61	23.2	36.6	10.79	 .0697	0.00	23	1	100.0	1
14/05/15	6:00 a	26.0	26.0	26.0	95	25.1	0.0	---	0.00	0.0	---	26.0	29.6	29.6	29.1	754.1	0.00	0.0	0	0.00	0	0.0	0.00	0.0	0.000	0.005	31.7	61	23.2	36.6	10.79	 .0697	0.00	23	1	100.0	1
14/05/15	6:01 a	26.0	26.0	26.0	95	25.1	0.0	---	0.00	0.0	---	26.0	29.6	29.6	29.1	754.1	0.00	0.0	0	0.00	0	0.0	0.00	0.0	0.000	0.005	31.7	61	23.2	36.6	10.79	 .0697	0.00	24	1	100.0	1
14/05/15	6:02 a	26.0	26.0	25.9	95	25.1	0.0	---	0.00	0.0	---	26.0	29.6	29.6	29.1	754.2	0.00	0.0	0	0.00	0	0.0	0.00	0.0	0.000	0.005	31.7	61	23.2	36.6	10.79	 .0697	0.00	23	1	100.0	1
14/05/15	6:03 a	26.0	26.0	26.0	95	25.1	0.0	---	0.00	0.0	---	26.0	29.6	29.6	29.1	754.1	0.00	0.0	0	0.00	0	0.0	0.00	0.0	0.000	0.005	31.7	61	23.2	36.6	10.79	 .0697	0.00	24	1	100.0	1
14/05/15	6:04 a	26.0	26.0	26.0	95	25.1	0.0	---	0.00	0.0	---	26.0	29.6	29.6	29.1	754.2	0.00	0.0	0	0.00	0	0.0	0.00	0.0	0.000	0.005	31.7	61	23.2	36.6	10.79	 .0697	0.00	23	1	100.0	1
14/05/15	6:05 a	26.0	26.0	26.0	95	25.1	0.0	SSE	0.00	0.4	SSE	26.0	29.6	29.6	29.1	754.2	0.00	0.0	0	0.00	0	0.0	0.00	0.0	0.000	0.005	31.7	61	23.2	36.6	10.79	 .0697	0.00	23	1	100.0	1
14/05/15	6:06 a	26.0	26.0	26.0	95	25.1	0.0	---	0.00	0.0	---	26.0	29.6	29.6	29.1	754.2	0.00	0.0	0	0.00	0	0.0	0.00	0.0	0.000	0.005	31.7	61	23.2	36.6	10.79	 .0697	0.00	24	1	100.0	1
14/05/15	6:07 a	25.9	26.0	25.9	95	25.1	0.0	SSE	0.00	0.4	SSE	25.9	29.5	29.5	28.9	754.2	0.00	0.0	0	0.00	0	0.0	0.00	0.0	0.000	0.005	31.7	61	23.2	36.6	10.79	 .0697	0.00	23	1	100.0	1
14/05/15	6:08 a	25.9	26.0	25.9	95	25.1	0.9	SSE	0.05	1.8	SSE	25.9	29.5	29.5	29.0	754.2	0.00	0.0	5	0.01	5	0.0	0.00	0.0	0.000	0.005	31.7	61	23.2	36.6	10.79	 .0698	0.00	24	1	100.0	1
14/05/15	6:09 a	25.9	26.0	25.9	95	25.1	0.4	SSE	0.03	0.9	SSE	25.9	29.5	29.5	29.0	754.2	0.00	0.0	5	0.01	5	0.0	0.00	0.0	0.000	0.005	31.7	61	23.2	36.6	10.79	 .0698	0.00	23	1	100.0	1
14/05/15	6:10 a	25.9	25.9	25.9	95	25.1	0.4	SSE	0.03	0.9	SSE	25.9	29.5	29.5	29.0	754.2	0.00	0.0	7	0.01	7	0.0	0.00	0.0	0.000	0.005	31.7	61	23.2	36.6	10.79	 .0698	0.00	24	1	100.0	1
14/05/15	6:11 a	25.9	25.9	25.9	95	25.1	0.0	SSE	0.00	0.9	SSE	25.9	29.5	29.5	29.0	754.2	0.00	0.0	7	0.01	7	0.0	0.00	0.0	0.000	0.005	31.7	61	23.2	36.6	10.79	 .0698	0.00	23	1	100.0	1
14/05/15	6:12 a	25.9	25.9	25.9	95	25.1	0.4	SE	0.03	0.9	SSE	25.9	29.5	29.5	29.0	754.3	0.00	0.0	7	0.01	7	0.0	0.00	0.0	0.000	0.005	31.7	61	23.2	36.6	10.79	 .0698	0.00	23	1	100.0	1
14/05/15	6:13 a	25.9	25.9	25.9	95	25.1	0.4	SSE	0.03	0.4	SE	25.9	29.5	29.5	29.1	754.2	0.00	0.0	9	0.01	9	0.0	0.00	0.0	0.000	0.005	31.7	61	23.2	36.6	10.79	 .0698	0.00	24	1	100.0	1
14/05/15	6:14 a	25.9	25.9	25.9	95	25.1	0.4	SSE	0.03	0.9	SSE	25.9	29.5	29.5	29.1	754.3	0.00	0.0	11	0.02	11	0.0	0.00	0.0	0.000	0.005	31.6	61	23.2	36.4	10.79	 .0698	0.00	23	1	100.0	1
14/05/15	6:15 a	25.9	25.9	25.9	95	25.1	0.4	SSE	0.03	0.9	SE	25.9	29.5	29.5	29.1	754.3	0.00	0.0	11	0.02	11	0.0	0.00	0.0	0.000	0.005	31.6	61	23.2	36.4	10.79	 .0698	0.00	24	1	100.0	1
14/05/15	6:16 a	25.9	25.9	25.9	95	25.1	0.4	SE	0.03	0.9	SE	25.9	29.5	29.5	29.1	754.3	0.00	0.0	12	0.02	12	0.0	0.00	0.0	0.000	0.005	31.6	61	23.2	36.4	10.79	 .0698	0.00	23	1	100.0	1
14/05/15	6:17 a	25.9	25.9	25.9	95	25.1	0.0	SSE	0.00	0.4	SE	25.9	29.5	29.5	29.1	754.3	0.00	0.0	12	0.02	12	0.0	0.00	0.0	0.000	0.005	31.6	61	23.2	36.4	10.79	 .0698	0.00	23	1	100.0	1
14/05/15	6:18 a	25.9	25.9	25.9	95	25.1	0.0	SSE	0.00	0.4	SSE	25.9	29.5	29.5	29.1	754.3	0.00	0.0	15	0.02	16	0.0	0.00	0.0	0.000	0.005	31.6	61	23.2	36.4	10.79	 .0698	0.00	24	1	100.0	1
14/05/15	6:19 a	25.9	25.9	25.9	95	25.1	0.4	SSE	0.03	0.9	SE	25.9	29.5	29.5	29.2	754.3	0.00	0.0	16	0.02	16	0.0	0.00	0.0	0.000	0.005	31.6	61	23.2	36.4	10.79	 .0698	0.00	23	1	100.0	1
14/05/15	6:20 a	25.9	25.9	25.9	95	25.1	0.0	---	0.00	0.0	---	25.9	29.5	29.5	29.2	754.3	0.00	0.0	18	0.03	18	0.0	0.00	0.0	0.000	0.005	31.6	61	23.2	36.4	10.79	 .0698	0.00	24	1	100.0	1
14/05/15	6:21 a	25.9	25.9	25.9	95	25.1	0.0	---	0.00	0.0	---	25.9	29.5	29.5	29.2	754.3	0.00	0.0	18	0.03	18	0.0	0.00	0.0	0.000	0.005	31.6	61	23.2	36.4	10.79	 .0698	0.00	23	1	100.0	1
14/05/15	6:22 a	25.9	25.9	25.9	95	25.1	0.0	---	0.00	0.0	---	25.9	29.5	29.5	29.2	754.3	0.00	0.0	19	0.03	19	0.0	0.00	0.0	0.000	0.005	31.6	61	23.2	36.4	10.79	 .0698	0.00	24	1	100.0	1
14/05/15	6:23 a	25.9	25.9	25.9	95	25.1	0.0	---	0.00	0.0	---	25.9	29.5	29.5	29.2	754.3	0.00	0.0	19	0.03	19	0.0	0.00	0.0	0.000	0.005	31.6	61	23.2	36.4	10.79	 .0698	0.00	23	1	100.0	1
14/05/15	6:24 a	25.9	25.9	25.9	95	25.1	0.0	SSE	0.00	0.4	SSE	25.9	29.5	29.5	29.2	754.3	0.00	0.0	22	0.03	23	0.0	0.00	0.0	0.000	0.005	31.6	61	23.1	36.3	10.80	 .0698	0.00	23	1	100.0	1
14/05/15	6:25 a	25.9	25.9	25.9	95	25.1	0.0	SE	0.00	0.4	SE	25.9	29.5	29.5	29.2	754.3	0.00	0.0	23	0.03	23	0.0	0.00	0.0	0.000	0.005	31.6	61	23.1	36.3	10.80	 .0698	0.00	24	1	100.0	1
14/05/15	6:26 a	26.0	26.0	25.9	95	25.1	0.0	---	0.00	0.0	---	26.0	29.6	29.6	29.4	754.4	0.00	0.0	25	0.04	25	0.0	0.00	0.0	0.000	0.005	31.6	61	23.1	36.3	10.80	 .0698	0.00	23	1	100.0	1
14/05/15	6:27 a	26.0	26.0	25.9	95	25.1	0.0	---	0.00	0.0	---	26.0	29.6	29.6	29.4	754.4	0.00	0.0	25	0.04	25	0.0	0.00	0.0	0.000	0.005	31.6	61	23.1	36.3	10.80	 .0698	0.00	24	1	100.0	1
14/05/15	6:28 a	26.0	26.0	26.0	95	25.1	0.0	---	0.00	0.0	---	26.0	29.6	29.6	29.4	754.3	0.00	0.0	26	0.04	26	0.0	0.00	0.0	0.000	0.005	31.6	61	23.1	36.3	10.80	 .0698	0.00	23	1	100.0	1
14/05/15	6:29 a	26.0	26.0	26.0	95	25.1	0.4	SSE	0.03	0.4	SE	26.0	29.6	29.6	29.4	754.4	0.00	0.0	26	0.04	26	0.0	0.00	0.0	0.000	0.005	31.6	61	23.2	36.4	10.79	 .0698	0.00	23	1	100.0	1
14/05/15	6:30 a	26.0	26.0	26.0	95	25.1	0.0	SE	0.00	0.4	SE	26.0	29.6	29.6	29.4	754.4	0.00	0.0	28	0.04	28	0.0	0.00	0.0	0.000	0.005	31.6	61	23.1	36.3	10.80	 .0698	0.00	24	1	100.0	1
14/05/15	6:31 a	26.0	26.0	26.0	95	25.1	0.0	SE	0.00	0.9	SSE	26.0	29.6	29.6	29.4	754.4	0.00	0.0	30	0.04	30	0.0	0.00	0.0	0.000	0.005	31.6	61	23.1	36.3	10.80	 .0698	0.00	23	1	100.0	1
14/05/15	6:32 a	26.0	26.0	26.0	95	25.1	0.4	SSE	0.03	0.9	SE	26.0	29.6	29.6	29.4	754.4	0.00	0.0	30	0.04	30	0.0	0.00	0.0	0.000	0.005	31.6	61	23.1	36.3	10.80	 .0698	0.00	24	1	100.0	1
14/05/15	6:33 a	26.0	26.0	26.0	95	25.1	0.4	SSE	0.03	0.9	SE	26.0	29.6	29.6	29.4	754.5	0.00	0.0	30	0.04	30	0.0	0.00	0.0	0.000	0.005	31.6	61	23.1	36.3	10.80	 .0698	0.00	23	1	100.0	1
14/05/15	6:34 a	26.0	26.0	26.0	95	25.1	0.9	SSE	0.05	0.9	SE	26.0	29.6	29.6	29.4	754.5	0.00	0.0	30	0.04	30	0.0	0.00	0.0	0.000	0.005	31.6	61	23.1	36.3	10.80	 .0698	0.00	24	1	100.0	1
14/05/15	6:35 a	26.0	26.0	26.0	95	25.1	0.4	SSE	0.03	0.9	SSE	26.0	29.6	29.6	29.4	754.5	0.00	0.0	32	0.05	32	0.0	0.00	0.0	0.000	0.005	31.6	61	23.1	36.3	10.80	 .0698	0.00	23	1	100.0	1
14/05/15	6:36 a	26.0	26.0	26.0	95	25.1	0.9	SSE	0.05	1.8	SSE	26.0	29.6	29.6	29.5	754.5	0.00	0.0	33	0.05	33	0.0	0.00	0.0	0.000	0.005	31.6	61	23.1	36.3	10.80	 .0698	0.00	23	1	100.0	1
14/05/15	6:37 a	26.0	26.0	26.0	95	25.1	0.4	SE	0.03	0.9	SSE	26.0	29.6	29.6	29.5	754.5	0.00	0.0	33	0.05	33	0.0	0.00	0.0	0.000	0.005	31.6	61	23.1	36.3	10.80	 .0698	0.00	24	1	100.0	1
14/05/15	6:38 a	26.0	26.0	26.0	95	25.1	0.9	SSE	0.05	1.8	SSE	26.0	29.6	29.6	29.5	754.5	0.00	0.0	35	0.05	35	0.0	0.00	0.0	0.000	0.005	31.6	61	23.1	36.3	10.80	 .0698	0.00	23	1	100.0	1
14/05/15	6:39 a	26.0	26.0	26.0	95	25.1	0.4	SSE	0.03	0.9	SSE	26.0	29.6	29.6	29.6	754.5	0.00	0.0	37	0.05	37	0.0	0.00	0.0	0.000	0.005	31.6	61	23.1	36.3	10.80	 .0698	0.00	24	1	100.0	1
14/05/15	6:40 a	26.0	26.0	26.0	95	25.1	0.4	SSE	0.03	0.9	SSE	26.0	29.6	29.6	29.6	754.5	0.00	0.0	37	0.05	37	0.0	0.00	0.0	0.000	0.005	31.6	61	23.1	36.3	10.80	 .0698	0.00	23	1	100.0	1
14/05/15	6:41 a	26.0	26.0	26.0	95	25.1	0.4	SSE	0.03	0.9	SSE	26.0	29.6	29.6	29.6	754.5	0.00	0.0	39	0.06	39	0.0	0.00	0.0	0.000	0.005	31.6	61	23.1	36.3	10.80	 .0698	0.00	23	1	100.0	1
14/05/15	6:42 a	26.0	26.0	26.0	95	25.1	0.4	SSE	0.03	0.9	SSE	26.0	29.6	29.6	29.6	754.6	0.00	0.0	41	0.06	42	0.0	0.00	0.0	0.000	0.005	31.6	61	23.1	36.3	10.80	 .0698	0.00	24	1	100.0	1
14/05/15	6:43 a	26.0	26.0	26.0	95	25.1	0.9	SSE	0.05	2.2	SSE	26.0	29.6	29.6	29.6	754.5	0.00	0.0	42	0.06	42	0.0	0.00	0.0	0.000	0.005	31.6	61	23.1	36.3	10.80	 .0698	0.00	23	1	100.0	1
14/05/15	6:44 a	26.0	26.0	26.0	95	25.1	0.0	SSE	0.00	0.4	SSE	26.0	29.6	29.6	29.6	754.6	0.00	0.0	44	0.06	44	0.0	0.00	0.0	0.000	0.005	31.6	61	23.1	36.3	10.80	 .0698	0.00	24	1	100.0	1
14/05/15	6:45 a	26.0	26.0	26.0	95	25.1	0.4	SSE	0.03	0.9	SSE	26.0	29.6	29.6	29.7	754.6	0.00	0.0	46	0.07	46	0.0	0.00	0.0	0.000	0.005	31.6	61	23.1	36.3	10.80	 .0698	0.00	23	1	100.0	1
14/05/15	6:46 a	26.0	26.0	26.0	95	25.1	0.9	SSE	0.05	1.3	SSE	26.0	29.6	29.6	29.7	754.6	0.00	0.0	47	0.07	47	0.0	0.00	0.0	0.000	0.005	31.6	61	23.1	36.3	10.80	 .0698	0.00	24	1	100.0	1
14/05/15	6:47 a	26.0	26.0	26.0	95	25.1	0.0	SSE	0.00	0.4	SSE	26.0	29.6	29.6	29.7	754.6	0.00	0.0	48	0.07	49	0.0	0.00	0.0	0.000	0.005	31.6	61	23.1	36.3	10.80	 .0698	0.00	23	1	100.0	1
14/05/15	6:48 a	26.0	26.0	26.0	95	25.1	0.4	SSE	0.03	0.9	SSE	26.0	29.6	29.6	29.7	754.6	0.00	0.0	51	0.07	51	0.0	0.00	0.0	0.000	0.005	31.6	61	23.1	36.3	10.80	 .0698	0.00	23	1	100.0	1
14/05/15	6:49 a	26.0	26.0	26.0	95	25.1	0.4	SSE	0.03	1.8	SSE	26.0	29.6	29.6	29.7	754.6	0.00	0.0	53	0.08	53	0.0	0.00	0.0	0.000	0.005	31.6	61	23.1	36.3	10.80	 .0698	0.00	24	1	100.0	1
14/05/15	6:50 a	26.0	26.0	26.0	95	25.1	0.9	SSE	0.05	1.3	SSE	26.0	29.6	29.6	29.7	754.6	0.00	0.0	53	0.08	53	0.0	0.00	0.0	0.000	0.005	31.6	61	23.1	36.3	10.80	 .0698	0.00	23	1	100.0	1
14/05/15	6:51 a	26.0	26.0	26.0	95	25.1	0.9	SSE	0.05	1.8	SSE	26.0	29.6	29.6	29.8	754.6	0.00	0.0	54	0.08	54	0.0	0.00	0.0	0.000	0.005	31.6	61	23.1	36.3	10.80	 .0698	0.00	24	1	100.0	1
14/05/15	6:52 a	26.0	26.0	26.0	95	25.1	0.9	SSE	0.05	1.3	SSE	26.0	29.6	29.6	29.8	754.7	0.00	0.0	56	0.08	56	0.0	0.00	0.0	0.000	0.005	31.6	61	23.1	36.3	10.80	 .0698	0.00	23	1	100.0	1
14/05/15	6:53 a	26.0	26.0	26.0	95	25.1	0.9	SSE	0.05	1.8	SSE	26.0	29.6	29.6	29.8	754.7	0.00	0.0	57	0.08	58	0.0	0.00	0.0	0.000	0.005	31.6	61	23.1	36.3	10.80	 .0698	0.00	23	1	100.0	1
14/05/15	6:54 a	26.0	26.0	26.0	95	25.1	0.4	SSE	0.03	1.8	SSE	26.0	29.6	29.6	29.8	754.7	0.00	0.0	60	0.09	60	0.0	0.00	0.0	0.000	0.005	31.6	61	23.1	36.3	10.80	 .0698	0.00	24	1	100.0	1
14/05/15	6:55 a	26.0	26.0	26.0	95	25.1	0.9	S	0.05	2.2	S	26.0	29.6	29.6	29.8	754.7	0.00	0.0	60	0.09	60	0.0	0.00	0.0	0.000	0.005	31.6	61	23.1	36.3	10.80	 .0698	0.00	23	1	100.0	1
14/05/15	6:56 a	26.0	26.0	26.0	95	25.1	0.4	S	0.03	0.9	S	26.0	29.6	29.6	29.8	754.8	0.00	0.0	58	0.08	58	0.0	0.00	0.0	0.000	0.005	31.6	61	23.1	36.3	10.80	 .0698	0.00	24	1	100.0	1
14/05/15	6:57 a	26.0	26.0	26.0	95	25.1	0.4	S	0.03	0.9	S	26.0	29.6	29.6	29.9	754.8	0.00	0.0	62	0.09	62	0.0	0.00	0.0	0.000	0.005	31.6	61	23.1	36.3	10.80	 .0698	0.00	23	1	100.0	1
14/05/15	6:58 a	26.0	26.0	26.0	95	25.1	0.4	S	0.03	0.9	S	26.0	29.6	29.6	29.9	754.8	0.00	0.0	63	0.09	63	0.0	0.00	0.0	0.000	0.005	31.6	61	23.1	36.3	10.80	 .0698	0.00	24	1	100.0	1
14/05/15	6:59 a	26.0	26.0	26.0	95	25.1	0.4	S	0.03	0.9	S	26.0	29.6	29.6	29.9	754.8	0.00	0.0	66	0.09	67	0.0	0.00	0.0	0.000	0.005	31.6	61	23.1	36.3	10.80	 .0698	0.00	23	1	100.0	1
14/05/15	7:00 a	26.0	26.0	26.0	95	25.1	0.9	S	0.05	1.3	S	26.0	29.6	29.6	29.9	754.9	0.00	0.0	67	0.10	67	0.0	0.00	0.0	0.000	0.005	31.6	61	23.1	36.3	10.80	 .0699	0.03	23	1	100.0	1
14/05/15	7:01 a	26.0	26.0	26.0	95	25.1	0.4	S	0.03	0.9	S	26.0	29.6	29.6	29.9	754.9	0.00	0.0	69	0.10	69	0.0	0.00	0.0	0.000	0.005	31.6	61	23.1	36.3	10.80	 .0699	0.00	24	1	100.0	1
14/05/15	7:02 a	26.1	26.1	26.0	95	25.2	0.0	---	0.00	0.0	---	26.1	29.8	29.8	30.2	754.9	0.00	0.0	72	0.10	72	0.0	0.00	0.0	0.000	0.005	31.6	61	23.1	36.3	10.80	 .0699	0.00	23	1	100.0	1
14/05/15	7:03 a	26.1	26.1	26.1	95	25.2	0.4	S	0.03	0.9	S	26.1	29.8	29.8	30.2	754.9	0.00	0.0	74	0.11	74	0.0	0.00	0.0	0.000	0.005	31.6	61	23.1	36.3	10.80	 .0699	0.00	24	1	100.0	1
14/05/15	7:04 a	26.1	26.1	26.1	95	25.2	0.0	S	0.00	0.4	S	26.1	29.8	29.8	30.2	754.9	0.00	0.0	74	0.11	74	0.0	0.00	0.0	0.000	0.005	31.6	61	23.1	36.3	10.80	 .0699	0.00	23	1	100.0	1
14/05/15	7:05 a	26.1	26.1	26.1	95	25.2	0.0	S	0.00	0.4	S	26.1	29.8	29.8	30.2	755.0	0.00	0.0	76	0.11	76	0.0	0.00	0.0	0.000	0.005	31.6	61	23.1	36.3	10.80	 .0699	0.00	23	1	100.0	1
14/05/15	7:06 a	26.1	26.1	26.1	95	25.2	0.0	---	0.00	0.0	---	26.1	29.8	29.8	30.2	755.0	0.00	0.0	76	0.11	76	0.0	0.00	0.0	0.000	0.005	31.6	61	23.1	36.3	10.80	 .0699	0.00	24	1	100.0	1
14/05/15	7:07 a	26.1	26.1	26.1	95	25.2	0.0	S	0.00	0.9	S	26.1	29.8	29.8	30.2	755.0	0.00	0.0	76	0.11	76	0.0	0.00	0.0	0.000	0.005	31.6	61	23.1	36.3	10.80	 .0699	0.00	23	1	100.0	1
14/05/15	7:08 a	26.1	26.1	26.1	95	25.2	0.4	S	0.03	0.9	S	26.1	29.9	29.9	30.3	755.1	0.00	0.0	76	0.11	76	0.5	0.00	0.5	0.000	0.005	31.6	61	23.1	36.3	10.80	 .0699	0.00	24	1	100.0	1
14/05/15	7:09 a	26.1	26.1	26.1	95	25.2	0.4	S	0.03	0.9	S	26.1	29.9	29.9	30.3	755.1	0.00	0.0	74	0.11	74	0.5	0.00	0.5	0.000	0.005	31.6	61	23.1	36.3	10.80	 .0699	0.00	23	1	100.0	1
14/05/15	7:10 a	26.1	26.1	26.1	95	25.2	0.4	S	0.03	0.9	S	26.1	29.9	29.9	30.3	755.1	0.00	0.0	76	0.11	76	0.5	0.00	0.5	0.000	0.005	31.6	61	23.1	36.3	10.80	 .0699	0.00	24	1	100.0	1
14/05/15	7:11 a	26.1	26.1	26.1	95	25.2	0.0	S	0.00	0.4	S	26.1	29.9	29.9	30.3	755.1	0.00	0.0	77	0.11	77	0.5	0.00	0.5	0.000	0.005	31.6	61	23.1	36.3	10.80	 .0699	0.00	23	1	100.0	1
14/05/15	7:12 a	26.1	26.1	26.1	95	25.2	0.4	S	0.03	0.9	S	26.1	29.9	29.9	30.4	755.1	0.00	0.0	79	0.11	79	0.5	0.00	0.5	0.000	0.005	31.6	61	23.1	36.3	10.80	 .0699	0.00	23	1	100.0	1
14/05/15	7:13 a	26.1	26.1	26.1	95	25.2	0.4	S	0.03	0.9	S	26.1	29.9	29.9	30.4	755.1	0.00	0.0	79	0.11	79	0.5	0.00	0.5	0.000	0.005	31.6	61	23.1	36.3	10.80	 .0699	0.00	24	1	100.0	1
14/05/15	7:14 a	26.1	26.2	26.1	95	25.2	0.4	S	0.03	1.8	S	26.1	29.9	29.9	30.4	755.1	0.00	0.0	81	0.12	81	0.5	0.00	0.5	0.000	0.005	31.6	61	23.1	36.3	10.80	 .0699	0.00	23	1	100.0	1
14/05/15	7:15 a	26.1	26.2	26.1	95	25.2	0.9	S	0.05	0.9	S	26.1	29.9	29.9	30.4	755.2	0.00	0.0	83	0.12	83	0.5	0.00	0.5	0.000	0.005	31.6	61	23.1	36.3	10.80	 .0699	0.00	24	1	100.0	1
14/05/15	7:16 a	26.1	26.2	26.1	95	25.2	0.9	S	0.05	1.3	S	26.1	29.9	29.9	30.4	755.1	0.00	0.0	84	0.12	84	0.5	0.00	0.5	0.000	0.005	31.6	61	23.1	36.3	10.80	 .0699	0.00	23	1	100.0	1
14/05/15	7:17 a	26.1	26.2	26.1	95	25.2	0.9	S	0.05	1.8	S	26.1	29.9	29.9	30.5	755.1	0.00	0.0	88	0.13	90	0.5	0.00	0.5	0.000	0.005	31.6	61	23.1	36.3	10.80	 .0699	0.00	23	1	100.0	1
14/05/15	7:18 a	26.1	26.1	26.1	95	25.2	1.3	S	0.08	2.2	S	26.1	29.9	29.9	30.6	755.2	0.00	0.0	91	0.13	91	0.5	0.00	0.5	0.000	0.005	31.6	61	23.1	36.3	10.80	 .0699	0.00	24	1	100.0	1
14/05/15	7:19 a	26.1	26.1	26.1	95	25.2	0.9	S	0.05	1.3	S	26.1	29.9	29.9	30.6	755.2	0.00	0.0	95	0.14	95	0.5	0.00	0.5	0.000	0.005	31.6	61	23.1	36.3	10.80	 .0699	0.00	23	1	100.0	1
14/05/15	7:20 a	26.1	26.1	26.1	95	25.2	0.9	S	0.05	1.8	S	26.1	29.9	29.9	30.6	755.2	0.00	0.0	95	0.14	95	0.5	0.00	0.5	0.000	0.005	31.6	61	23.1	36.3	10.80	 .0699	0.00	24	1	100.0	1
14/05/15	7:21 a	26.1	26.1	26.1	94	25.1	1.8	S	0.11	2.2	S	26.1	29.8	29.8	30.5	755.2	0.00	0.0	97	0.14	97	0.5	0.00	0.5	0.000	0.005	31.6	61	23.1	36.3	10.80	 .0699	0.00	23	1	100.0	1
14/05/15	7:22 a	26.1	26.1	26.1	94	25.1	1.3	S	0.08	1.8	SSE	26.1	29.8	29.8	30.5	755.2	0.00	0.0	95	0.14	95	0.5	0.00	0.5	0.000	0.005	31.6	61	23.1	36.3	10.80	 .0699	0.00	24	1	100.0	1
14/05/15	7:23 a	26.1	26.1	26.1	94	25.0	0.9	S	0.05	1.3	S	26.1	29.7	29.7	30.4	755.2	0.00	0.0	95	0.14	95	0.5	0.00	0.5	0.000	0.005	31.6	61	23.1	36.3	10.80	 .0699	0.00	23	1	100.0	1
14/05/15	7:24 a	26.1	26.1	26.1	94	25.1	0.4	S	0.03	1.3	S	26.1	29.8	29.8	30.5	755.2	0.00	0.0	95	0.14	95	0.5	0.00	0.5	0.000	0.005	31.6	61	23.1	36.3	10.80	 .0699	0.00	23	1	100.0	1
14/05/15	7:25 a	26.1	26.1	26.1	94	25.1	1.3	SSE	0.08	2.2	SSE	26.1	29.8	29.8	30.5	755.3	0.00	0.0	95	0.14	95	0.5	0.00	0.5	0.000	0.005	31.6	61	23.1	36.3	10.80	 .0699	0.00	24	1	100.0	1
14/05/15	7:26 a	26.1	26.1	26.1	94	25.1	1.3	SSE	0.08	2.2	SSW	26.1	29.8	29.8	30.5	755.3	0.00	0.0	97	0.14	97	0.5	0.00	0.5	0.000	0.005	31.6	61	23.1	36.3	10.80	 .0699	0.00	23	1	100.0	1
14/05/15	7:27 a	26.1	26.1	26.1	94	25.1	1.3	S	0.08	1.8	SSE	26.1	29.8	29.8	30.5	755.3	0.00	0.0	97	0.14	97	0.5	0.00	0.5	0.000	0.005	31.6	61	23.1	36.3	10.80	 .0699	0.00	24	1	100.0	1
14/05/15	7:28 a	26.1	26.1	26.1	94	25.1	0.0	S	0.00	0.9	S	26.1	29.8	29.8	30.5	755.3	0.00	0.0	96	0.14	97	0.5	0.00	0.5	0.000	0.005	31.6	61	23.1	36.3	10.80	 .0699	0.00	23	1	100.0	1
14/05/15	7:29 a	26.1	26.1	26.1	94	25.1	0.0	S	0.00	0.4	S	26.1	29.8	29.8	30.4	755.4	0.00	0.0	91	0.13	91	0.5	0.00	0.5	0.000	0.005	31.6	61	23.2	36.4	10.79	 .0699	0.00	23	1	100.0	1
14/05/15	7:30 a	26.1	26.1	26.1	94	25.1	0.0	---	0.00	0.0	---	26.1	29.8	29.8	30.4	755.4	0.00	0.0	88	0.13	88	0.5	0.00	0.5	0.000	0.005	31.6	61	23.2	36.4	10.79	 .0699	0.00	24	1	100.0	1
14/05/15	7:31 a	26.1	26.2	26.1	94	25.1	0.0	S	0.00	0.4	S	26.1	29.8	29.8	30.3	755.4	0.00	0.0	83	0.12	83	0.5	0.00	0.5	0.000	0.005	31.6	61	23.2	36.4	10.79	 .0699	0.00	23	1	100.0	1
14/05/15	7:32 a	26.2	26.2	26.2	94	25.1	0.0	S	0.00	0.4	S	26.2	29.9	29.9	30.4	755.4	0.00	0.0	81	0.12	81	0.5	0.00	0.5	0.000	0.005	31.6	61	23.2	36.4	10.79	 .0699	0.00	24	1	100.0	1
14/05/15	7:33 a	26.2	26.2	26.2	94	25.1	0.4	S	0.03	0.9	S	26.2	29.9	29.9	30.4	755.5	0.00	0.0	79	0.11	79	0.5	0.00	0.5	0.000	0.005	31.6	61	23.2	36.4	10.79	 .0699	0.00	23	1	100.0	1
14/05/15	7:34 a	26.2	26.2	26.2	94	25.1	0.9	S	0.05	1.8	S	26.2	29.9	29.9	30.4	755.5	0.00	0.0	79	0.11	79	0.5	0.00	0.5	0.000	0.005	31.6	61	23.2	36.4	10.79	 .0699	0.00	23	1	100.0	1
14/05/15	7:35 a	26.2	26.2	26.2	94	25.1	0.9	S	0.05	1.3	S	26.2	29.9	29.9	30.4	755.5	0.00	0.0	81	0.12	81	0.5	0.00	0.5	0.000	0.005	31.6	61	23.2	36.4	10.79	 .0699	0.00	24	1	100.0	1
14/05/15	7:36 a	26.2	26.2	26.2	94	25.1	0.4	S	0.03	1.8	S	26.2	29.9	29.9	30.4	755.5	0.00	0.0	86	0.12	86	0.5	0.00	0.5	0.000	0.005	31.6	61	23.2	36.4	10.79	 .0699	0.00	23	1	100.0	1
14/05/15	7:37 a	26.2	26.2	26.2	94	25.2	0.4	S	0.03	1.3	S	26.2	30.0	30.0	30.6	755.5	0.00	0.0	88	0.13	88	0.5	0.00	0.5	0.000	0.005	31.6	61	23.2	36.4	10.79	 .0699	0.00	24	1	100.0	1
14/05/15	7:38 a	26.2	26.2	26.2	94	25.2	0.0	S	0.00	0.4	S	26.2	30.0	30.0	30.6	755.5	0.00	0.0	86	0.12	86	0.5	0.00	0.5	0.000	0.005	31.6	61	23.2	36.4	10.79	 .0699	0.00	23	1	100.0	1
14/05/15	7:39 a	26.2	26.2	26.2	94	25.2	0.4	S	0.03	0.4	S	26.2	30.0	30.0	30.6	755.5	0.00	0.0	83	0.12	83	0.5	0.00	0.5	0.000	0.005	31.6	61	23.2	36.4	10.79	 .0699	0.00	24	1	100.0	1
14/05/15	7:40 a	26.3	26.3	26.2	94	25.2	0.0	S	0.00	0.9	S	26.3	30.2	30.2	30.7	755.5	0.00	0.0	79	0.11	81	0.5	0.00	0.5	0.000	0.006	31.6	61	23.2	36.4	10.79	 .0699	0.00	23	1	100.0	1
14/05/15	7:41 a	26.3	26.3	26.3	94	25.2	0.4	S	0.03	1.3	S	26.3	30.2	30.2	30.6	755.5	0.00	0.0	76	0.11	76	0.5	0.00	0.5	0.000	0.006	31.6	61	23.2	36.4	10.79	 .0699	0.00	23	1	100.0	1
14/05/15	7:42 a	26.3	26.3	26.3	94	25.2	0.9	S	0.05	1.8	S	26.3	30.2	30.2	30.6	755.5	0.00	0.0	76	0.11	76	0.5	0.00	0.5	0.000	0.006	31.6	61	23.1	36.3	10.80	 .0699	0.00	24	1	100.0	1
14/05/15	7:43 a	26.3	26.3	26.3	94	25.2	0.4	S	0.03	2.2	S	26.3	30.2	30.2	30.6	755.5	0.00	0.0	76	0.11	76	0.5	0.00	0.5	0.000	0.006	31.6	61	23.1	36.3	10.80	 .0699	0.00	23	1	100.0	1
14/05/15	7:44 a	26.3	26.3	26.3	94	25.2	0.9	S	0.05	1.3	S	26.3	30.2	30.2	30.6	755.6	0.00	0.0	76	0.11	76	0.5	0.00	0.5	0.000	0.006	31.6	61	23.1	36.3	10.80	 .0699	0.00	24	1	100.0	1
14/05/15	7:45 a	26.3	26.3	26.3	94	25.2	0.9	S	0.05	1.8	S	26.3	30.2	30.2	30.6	755.6	0.00	0.0	76	0.11	76	0.5	0.00	0.5	0.000	0.006	31.6	61	23.2	36.4	10.79	 .0699	0.00	23	1	100.0	1
14/05/15	7:46 a	26.3	26.3	26.3	94	25.2	0.4	S	0.03	0.9	S	26.3	30.2	30.2	30.6	755.7	0.00	0.0	76	0.11	76	0.5	0.00	0.5	0.000	0.006	31.6	61	23.1	36.3	10.80	 .0699	0.00	23	1	100.0	1
14/05/15	7:47 a	26.3	26.3	26.3	94	25.3	0.9	S	0.05	1.8	S	26.3	30.3	30.3	30.7	755.7	0.00	0.0	74	0.11	74	0.5	0.00	0.5	0.000	0.006	31.6	61	23.2	36.4	10.79	 .0699	0.00	24	1	100.0	1
14/05/15	7:48 a	26.3	26.3	26.3	94	25.3	0.9	SSW	0.05	2.7	SSW	26.3	30.3	30.3	30.7	755.7	0.00	0.0	72	0.10	72	0.5	0.00	0.5	0.000	0.006	31.6	61	23.1	36.3	10.80	 .0699	0.00	23	1	100.0	1
14/05/15	7:49 a	26.3	26.3	26.3	93	25.1	0.9	SSW	0.05	1.8	S	26.3	30.1	30.1	30.5	755.7	0.00	0.0	70	0.10	70	0.5	0.00	0.5	0.000	0.006	31.6	61	23.1	36.3	10.80	 .0699	0.00	24	1	100.0	1
14/05/15	7:50 a	26.3	26.3	26.3	93	25.1	1.3	SSE	0.08	2.2	S	26.3	30.1	30.1	30.4	755.8	0.00	0.0	69	0.10	69	0.5	0.00	0.5	0.000	0.006	31.6	61	23.1	36.3	10.80	 .0699	0.00	23	1	100.0	1
14/05/15	7:51 a	26.3	26.3	26.3	93	25.1	0.4	SSE	0.03	0.9	SSE	26.3	30.1	30.1	31.4	755.8	0.00	0.0	69	0.10	69	0.5	0.00	0.5	0.000	0.006	31.6	61	23.1	36.3	10.80	 .0699	0.00	24	1	100.0	1
14/05/15	7:52 a	26.3	26.3	26.3	93	25.1	0.9	S	0.05	2.2	S	26.3	30.1	30.1	31.5	755.8	0.00	0.0	70	0.10	70	0.5	0.00	0.5	0.000	0.006	31.6	61	23.1	36.3	10.80	 .0699	0.00	23	1	100.0	1
14/05/15	7:53 a	26.3	26.3	26.3	93	25.1	0.4	SSW	0.03	1.3	SW	26.3	30.1	30.1	31.6	755.8	0.00	0.0	72	0.10	72	0.5	0.00	0.5	0.000	0.006	31.6	61	23.1	36.3	10.80	 .0699	0.00	23	1	100.0	1
14/05/15	7:54 a	26.3	26.3	26.3	93	25.1	1.3	S	0.08	2.2	SSE	26.3	30.1	30.1	31.6	755.8	0.00	0.0	74	0.11	74	0.5	0.00	0.5	0.000	0.006	31.6	61	23.1	36.3	10.80	 .0699	0.00	24	1	100.0	1
14/05/15	7:55 a	26.3	26.3	26.3	93	25.1	0.9	S	0.05	1.8	SSW	26.3	30.1	30.1	31.7	755.8	0.00	0.0	76	0.11	76	0.5	0.00	0.5	0.000	0.006	31.6	61	23.1	36.3	10.80	 .0699	0.00	23	1	100.0	1
14/05/15	7:56 a	26.3	26.3	26.3	93	25.1	1.3	SSW	0.08	2.2	SSW	26.3	30.1	30.1	31.8	755.8	0.00	0.0	81	0.12	81	0.5	0.00	0.5	0.000	0.006	31.6	61	23.1	36.3	10.80	 .0699	0.00	24	1	100.0	1
14/05/15	7:57 a	26.3	26.3	26.3	93	25.1	1.3	S	0.08	2.2	SSE	26.3	30.1	30.1	31.9	755.8	0.00	0.0	86	0.12	86	0.5	0.00	0.5	0.000	0.006	31.6	61	23.1	36.3	10.80	 .0699	0.00	23	1	100.0	1
14/05/15	7:58 a	26.3	26.3	26.3	93	25.1	1.8	SSE	0.11	2.2	SSE	26.3	30.1	30.1	32.1	755.8	0.00	0.0	94	0.13	97	0.5	0.00	0.5	0.000	0.006	31.6	61	23.2	36.4	10.79	 .0699	0.00	23	1	100.0	1
14/05/15	7:59 a	26.4	26.4	26.3	93	25.2	0.9	SSE	0.05	1.3	SSE	26.4	30.3	30.3	32.4	755.7	0.00	0.0	102	0.15	102	0.5	0.00	0.5	0.000	0.006	31.6	61	23.2	36.4	10.79	 .0699	0.00	24	1	100.0	1
14/05/15	8:00 a	26.4	26.4	26.4	93	25.2	1.8	S	0.11	2.2	SSE	26.4	30.3	30.3	32.5	755.8	0.00	0.0	107	0.15	107	0.6	0.00	0.6	0.000	0.006	31.6	61	23.2	36.4	10.79	 .0699	0.05	23	1	100.0	1
14/05/15	8:01 a	26.4	26.4	26.4	93	25.2	0.9	SSE	0.05	2.2	SSE	26.4	30.3	30.3	32.6	755.8	0.00	0.0	111	0.16	111	0.6	0.00	0.6	0.000	0.006	31.6	61	23.2	36.4	10.79	 .0699	0.00	24	1	100.0	1
14/05/15	8:02 a	26.4	26.4	26.4	93	25.2	0.9	S	0.05	1.3	S	26.4	30.3	30.3	32.7	755.8	0.00	0.0	114	0.16	114	0.6	0.00	0.6	0.000	0.006	31.6	61	23.2	36.4	10.79	 .0699	0.00	23	1	100.0	1
14/05/15	8:03 a	26.4	26.4	26.4	93	25.2	1.8	S	0.11	2.2	SSW	26.4	30.4	30.4	32.8	755.8	0.00	0.0	118	0.17	118	0.6	0.00	0.6	0.000	0.006	31.6	61	23.2	36.4	10.79	 .0699	0.00	23	1	100.0	1
14/05/15	8:04 a	26.4	26.4	26.4	93	25.2	1.3	S	0.08	2.2	S	26.4	30.4	30.4	32.9	755.8	0.00	0.0	123	0.18	125	0.6	0.00	0.6	0.000	0.006	31.6	61	23.2	36.4	10.79	 .0699	0.00	24	1	100.0	1
14/05/15	8:05 a	26.4	26.4	26.4	93	25.2	0.4	S	0.03	1.8	S	26.4	30.4	30.4	33.0	755.8	0.00	0.0	127	0.18	127	0.6	0.00	0.6	0.000	0.006	31.6	61	23.2	36.4	10.79	 .0699	0.00	23	1	100.0	1
14/05/15	8:06 a	26.4	26.4	26.4	93	25.2	0.4	S	0.03	1.3	S	26.4	30.4	30.4	33.1	755.8	0.00	0.0	128	0.18	128	0.6	0.00	0.6	0.000	0.006	31.6	61	23.2	36.4	10.79	 .0699	0.00	24	1	100.0	1
14/05/15	8:07 a	26.4	26.4	26.4	93	25.2	0.9	S	0.05	0.9	S	26.4	30.4	30.4	33.1	755.8	0.00	0.0	132	0.19	132	0.6	0.00	0.6	0.000	0.006	31.6	61	23.2	36.4	10.79	 .0699	0.00	23	1	100.0	1
14/05/15	8:08 a	26.5	26.5	26.5	93	25.3	0.4	S	0.03	0.9	S	26.5	30.5	30.5	33.3	755.8	0.00	0.0	135	0.19	135	0.6	0.00	0.6	0.000	0.006	31.6	61	23.2	36.4	10.79	 .0699	0.00	24	1	100.0	1
14/05/15	8:09 a	26.5	26.5	26.5	93	25.3	0.9	SSW	0.05	2.2	SSW	26.5	30.5	30.5	33.4	755.8	0.00	0.0	141	0.20	142	0.6	0.00	0.6	0.000	0.006	31.7	61	23.2	36.6	10.79	 .0699	0.00	23	1	100.0	1
14/05/15	8:10 a	26.5	26.5	26.5	93	25.3	0.4	SSW	0.03	0.9	SSW	26.5	30.5	30.5	33.6	755.8	0.00	0.0	146	0.21	146	0.6	0.00	0.6	0.000	0.006	31.6	61	23.2	36.4	10.79	 .0699	0.00	23	1	100.0	1
14/05/15	8:11 a	26.6	26.6	26.6	93	25.3	0.9	SW	0.05	1.8	WSW	26.6	30.6	30.6	33.8	755.8	0.00	0.0	151	0.22	151	0.7	0.00	0.7	0.000	0.006	31.7	61	23.2	36.6	10.79	 .0699	0.00	24	1	100.0	1
14/05/15	8:12 a	26.6	26.6	26.6	93	25.3	0.9	SSW	0.05	2.2	SSW	26.6	30.6	30.6	33.8	755.8	0.00	0.0	155	0.22	155	0.7	0.00	0.7	0.000	0.006	31.6	61	23.2	36.4	10.79	 .0699	0.00	23	1	100.0	1
14/05/15	8:13 a	26.6	26.6	26.6	93	25.3	0.9	S	0.05	2.2	S	26.6	30.6	30.6	33.8	755.9	0.00	0.0	155	0.22	155	0.7	0.00	0.7	0.000	0.006	31.7	61	23.2	36.6	10.79	 .0699	0.00	24	1	100.0	1
14/05/15	8:14 a	26.6	26.6	26.6	93	25.3	0.9	S	0.05	2.7	S	26.6	30.6	30.6	33.9	755.9	0.00	0.0	156	0.22	156	0.7	0.00	0.7	0.000	0.006	31.7	61	23.2	36.6	10.79	 .0699	0.00	23	1	100.0	1
14/05/15	8:15 a	26.6	26.6	26.6	93	25.4	0.9	SSW	0.05	2.2	SSW	26.6	30.8	30.8	34.1	755.9	0.00	0.0	162	0.23	163	0.7	0.00	0.7	0.000	0.006	31.7	61	23.2	36.6	10.79	 .0699	0.00	23	1	100.0	1
14/05/15	8:16 a	26.6	26.6	26.6	92	25.2	0.4	SSW	0.03	1.8	SSW	26.6	30.6	30.6	34.1	755.9	0.00	0.0	167	0.24	167	0.7	0.00	0.7	0.000	0.006	31.7	61	23.2	36.6	10.79	 .0699	0.00	24	1	100.0	1
14/05/15	8:17 a	26.6	26.6	26.6	92	25.2	0.4	SSW	0.03	1.8	SSW	26.6	30.6	30.6	34.1	755.9	0.00	0.0	171	0.25	171	0.7	0.00	0.7	0.000	0.006	31.7	61	23.2	36.6	10.79	 .0699	0.00	23	1	100.0	1
14/05/15	8:18 a	26.7	26.7	26.6	93	25.4	0.9	SSW	0.05	2.2	SSW	26.7	30.9	30.9	34.6	755.9	0.00	0.0	183	0.26	183	0.7	0.00	0.7	0.000	0.006	31.7	61	23.2	36.6	10.79	 .0699	0.00	24	1	100.0	1
14/05/15	8:19 a	26.7	26.7	26.7	92	25.3	0.9	SSW	0.05	1.8	S	26.7	30.7	30.7	34.6	755.9	0.00	0.0	193	0.28	193	0.7	0.00	0.7	0.000	0.006	31.7	61	23.2	36.6	10.79	 .0699	0.00	23	1	100.0	1
14/05/15	8:20 a	26.7	26.7	26.7	92	25.3	0.4	SSW	0.03	0.9	SSW	26.7	30.7	30.7	34.8	755.9	0.00	0.0	206	0.30	206	0.8	0.01	0.8	0.000	0.006	31.7	61	23.2	36.6	10.79	 .0699	0.00	24	1	100.0	1
14/05/15	8:21 a	26.7	26.7	26.7	92	25.3	0.4	S	0.03	0.9	S	26.7	30.9	30.9	35.1	755.9	0.00	0.0	218	0.31	223	0.8	0.01	0.8	0.000	0.006	31.7	61	23.2	36.6	10.79	 .0699	0.00	23	1	100.0	1
14/05/15	8:22 a	26.7	26.7	26.7	92	25.3	0.4	S	0.03	2.2	WSW	26.7	30.9	30.9	35.3	755.9	0.00	0.0	234	0.34	234	0.8	0.01	0.8	0.000	0.006	31.7	61	23.2	36.6	10.79	 .0699	0.00	23	1	100.0	1
14/05/15	8:23 a	26.8	26.8	26.7	93	25.6	1.3	SW	0.08	2.7	WSW	26.8	31.2	31.2	35.6	755.9	0.00	0.0	239	0.34	239	0.8	0.01	0.8	0.000	0.006	31.7	61	23.2	36.6	10.79	 .0699	0.00	24	1	100.0	1
14/05/15	8:24 a	26.8	26.8	26.8	92	25.4	2.7	SW	0.16	3.6	WSW	26.8	31.0	31.0	35.6	755.9	0.00	0.0	250	0.36	250	0.8	0.01	0.8	0.000	0.006	31.7	61	23.2	36.6	10.79	 .0699	0.00	23	1	100.0	1
14/05/15	8:25 a	26.8	26.8	26.8	92	25.4	2.2	SW	0.13	3.6	WSW	26.8	31.0	31.0	35.6	756.0	0.00	0.0	255	0.37	255	0.8	0.01	0.8	0.000	0.006	31.7	61	23.3	36.7	10.79	 .0699	0.00	24	1	100.0	1
14/05/15	8:26 a	26.8	26.8	26.8	92	25.4	1.8	SSW	0.11	2.7	S	26.8	31.0	31.0	35.6	755.9	0.00	0.0	257	0.37	257	0.8	0.01	0.8	0.000	0.006	31.7	61	23.2	36.6	10.79	 .0699	0.00	23	1	100.0	1
14/05/15	8:27 a	26.8	26.8	26.8	92	25.4	1.3	S	0.08	2.7	S	26.8	31.2	31.2	36.2	756.0	0.00	0.0	278	0.40	287	0.9	0.01	0.9	0.000	0.006	31.7	61	23.3	36.7	10.79	 .0699	0.00	23	1	100.0	1
14/05/15	8:28 a	26.8	26.8	26.8	92	25.4	0.9	S	0.05	2.2	S	26.8	31.2	31.2	36.3	756.0	0.00	0.0	283	0.41	283	0.9	0.01	0.9	0.000	0.006	31.7	61	23.3	36.7	10.79	 .0699	0.00	24	1	100.0	1
14/05/15	8:29 a	26.8	26.8	26.8	92	25.4	0.4	S	0.03	1.3	SSW	26.8	31.2	31.2	36.2	756.0	0.00	0.0	283	0.41	283	0.9	0.01	0.9	0.000	0.006	31.7	61	23.3	36.7	10.79	 .0699	0.00	23	1	100.0	1
14/05/15	8:30 a	26.9	26.9	26.9	92	25.5	0.9	SSW	0.05	2.2	SW	26.9	31.3	31.3	36.8	756.0	0.00	0.0	306	0.44	306	0.9	0.01	0.9	0.000	0.006	31.7	61	23.3	36.7	10.79	 .0699	0.00	24	1	100.0	1
14/05/15	8:31 a	26.9	26.9	26.9	92	25.5	2.2	S	0.13	3.1	SSE	26.9	31.4	31.4	37.3	756.0	0.00	0.0	323	0.46	323	0.9	0.01	0.9	0.000	0.006	31.7	61	23.3	36.7	10.79	 .0699	0.00	23	1	100.0	1
14/05/15	8:32 a	26.9	26.9	26.9	92	25.5	1.8	S	0.11	2.7	S	26.9	31.4	31.4	37.0	756.0	0.00	0.0	311	0.45	311	1.0	0.01	1.0	0.000	0.006	31.7	61	23.3	36.7	10.79	 .0699	0.00	24	1	100.0	1
14/05/15	8:33 a	26.9	26.9	26.9	91	25.3	1.8	SSE	0.11	2.7	SSE	26.9	31.3	31.3	36.3	756.0	0.00	0.0	292	0.42	297	1.0	0.01	1.0	0.000	0.006	31.7	61	23.3	36.7	10.79	 .0699	0.00	23	1	100.0	1
14/05/15	8:34 a	26.9	26.9	26.9	91	25.3	1.3	S	0.08	2.2	S	26.9	31.3	31.3	36.5	756.1	0.00	0.0	302	0.43	302	1.0	0.01	1.0	0.000	0.006	31.8	61	23.3	36.8	10.78	 .0699	0.00	23	1	100.0	1
14/05/15	8:35 a	27.0	27.0	26.9	91	25.4	1.8	SSW	0.11	2.7	S	27.0	31.4	31.4	36.2	756.0	0.00	0.0	262	0.38	262	1.0	0.01	1.0	0.000	0.006	31.8	61	23.3	36.8	10.78	 .0699	0.00	24	1	100.0	1
14/05/15	8:36 a	27.0	27.0	27.0	91	25.4	0.9	S	0.05	2.2	SSE	27.0	31.4	31.4	36.5	756.0	0.00	0.0	285	0.41	285	1.0	0.01	1.0	0.000	0.006	31.8	61	23.3	36.8	10.78	 .0699	0.00	23	1	100.0	1
14/05/15	8:37 a	27.1	27.1	27.0	91	25.5	1.3	SW	0.08	2.2	SSE	27.1	31.6	31.6	36.6	756.1	0.00	0.0	272	0.39	272	1.0	0.01	1.0	0.000	0.006	31.8	61	23.3	36.8	10.78	 .0699	0.00	24	1	100.0	1
14/05/15	8:38 a	27.1	27.1	27.1	91	25.5	0.9	SW	0.05	1.8	SW	27.1	31.6	31.6	36.4	756.0	0.00	0.0	264	0.38	264	1.0	0.01	1.0	0.000	0.006	31.8	61	23.3	36.8	10.78	 .0699	0.00	23	1	100.0	1
14/05/15	8:39 a	27.1	27.1	27.1	91	25.5	0.4	SW	0.03	0.9	SW	27.1	31.7	31.7	36.6	756.0	0.00	0.0	269	0.39	290	1.0	0.01	1.0	0.000	0.006	31.8	61	23.3	36.8	10.78	 .0699	0.00	23	1	100.0	1
14/05/15	8:40 a	27.1	27.1	27.1	91	25.5	0.4	SSW	0.03	0.9	SSW	27.1	31.7	31.7	36.9	756.1	0.00	0.0	294	0.42	294	1.0	0.01	1.0	0.000	0.006	31.8	61	23.3	36.8	10.78	 .0699	0.00	24	1	100.0	1
14/05/15	8:41 a	27.2	27.2	27.2	91	25.6	0.4	SW	0.03	0.9	SW	27.2	31.8	31.8	36.7	756.0	0.00	0.0	267	0.38	267	1.0	0.01	1.0	0.000	0.006	31.8	61	23.4	37.0	10.78	 .0699	0.00	23	1	100.0	1
14/05/15	8:42 a	27.2	27.2	27.2	91	25.6	0.4	S	0.03	0.9	ESE	27.2	31.9	31.9	37.7	756.0	0.00	0.0	346	0.50	346	1.0	0.01	1.0	0.000	0.006	31.8	61	23.4	37.0	10.78	 .0699	0.00	24	1	100.0	1
14/05/15	8:43 a	27.3	27.3	27.2	91	25.7	0.4	S	0.03	1.8	S	27.3	32.1	32.1	38.1	756.0	0.00	0.0	362	0.52	362	1.0	0.01	1.0	0.000	0.006	31.8	61	23.4	37.0	10.78	 .0699	0.00	23	1	100.0	1
14/05/15	8:44 a	27.3	27.3	27.2	91	25.7	0.4	S	0.03	0.9	S	27.3	32.1	32.1	38.1	756.0	0.00	0.0	360	0.52	366	1.0	0.01	1.0	0.000	0.006	31.8	61	23.4	37.0	10.78	 .0699	0.00	24	1	100.0	1
14/05/15	8:45 a	27.3	27.3	27.3	91	25.7	0.9	SSE	0.05	1.3	SSE	27.3	32.3	32.3	38.2	756.0	0.00	0.0	362	0.52	362	1.1	0.01	1.1	0.000	0.006	31.8	61	23.4	37.0	10.78	 .0699	0.00	23	1	100.0	1
14/05/15	8:46 a	27.4	27.4	27.3	91	25.8	0.9	SW	0.05	2.2	SSW	27.4	32.4	32.4	38.6	756.0	0.00	0.0	374	0.54	374	1.1	0.01	1.1	0.000	0.006	31.8	61	23.4	37.0	10.78	 .0699	0.00	23	1	100.0	1
14/05/15	8:47 a	27.4	27.4	27.4	91	25.8	1.8	SW	0.11	2.7	WSW	27.4	32.4	32.4	38.6	756.1	0.00	0.0	381	0.55	381	1.1	0.01	1.1	0.000	0.006	31.8	61	23.4	37.0	10.78	 .0699	0.00	24	1	100.0	1
14/05/15	8:48 a	27.4	27.4	27.4	91	25.8	0.9	WSW	0.05	1.8	WSW	27.4	32.6	32.6	38.6	756.1	0.00	0.0	376	0.54	376	1.1	0.01	1.1	0.000	0.006	31.8	61	23.4	37.0	10.78	 .0699	0.00	23	1	100.0	1
14/05/15	8:49 a	27.4	27.4	27.4	90	25.7	2.2	WSW	0.13	3.1	WSW	27.4	32.4	32.4	38.4	756.1	0.00	0.0	376	0.54	376	1.1	0.01	1.1	0.000	0.006	31.8	61	23.4	37.0	10.78	 .0699	0.00	24	1	100.0	1
14/05/15	8:50 a	27.4	27.4	27.4	90	25.7	2.7	SW	0.16	3.6	WSW	27.4	32.4	32.4	38.4	756.1	0.00	0.0	381	0.55	394	1.1	0.01	1.1	0.000	0.006	31.8	61	23.4	37.0	10.78	 .0699	0.00	23	1	100.0	1
14/05/15	8:51 a	27.5	27.5	27.4	90	25.7	2.2	SW	0.13	3.6	WSW	27.5	32.6	32.6	38.5	756.1	0.00	0.0	381	0.55	381	1.1	0.01	1.1	0.000	0.006	31.9	61	23.4	37.1	10.77	 .0699	0.00	23	1	100.0	1
14/05/15	8:52 a	27.5	27.5	27.5	89	25.5	1.3	WSW	0.08	3.1	WSW	27.5	32.4	32.4	38.0	756.1	0.00	0.0	338	0.48	338	1.1	0.01	1.1	0.000	0.006	31.9	61	23.4	37.1	10.77	 .0699	0.00	24	1	100.0	1
14/05/15	8:53 a	27.5	27.5	27.5	90	25.7	1.3	S	0.08	3.1	SSW	27.5	32.6	32.6	37.8	756.1	0.00	0.0	302	0.43	302	1.1	0.01	1.1	0.000	0.006	31.9	61	23.4	37.1	10.77	 .0699	0.00	23	1	100.0	1
14/05/15	8:54 a	27.5	27.5	27.5	89	25.5	1.3	SW	0.08	2.2	SW	27.5	32.4	32.4	37.3	756.1	0.00	0.0	281	0.40	281	1.1	0.01	1.1	0.000	0.006	31.9	61	23.4	37.1	10.77	 .0699	0.00	24	1	100.0	1
14/05/15	8:55 a	27.5	27.6	27.5	89	25.5	1.8	SSW	0.11	2.7	WSW	27.5	32.4	32.4	37.1	756.2	0.00	0.0	267	0.38	267	1.0	0.01	1.0	0.000	0.006	31.9	61	23.4	37.1	10.77	 .0699	0.00	23	1	100.0	1
14/05/15	8:56 a	27.5	27.5	27.5	89	25.5	2.7	SSW	0.16	3.6	WSW	27.5	32.4	32.4	37.3	756.2	0.00	0.0	283	0.41	287	1.0	0.01	1.0	0.000	0.006	31.9	61	23.5	37.3	10.77	 .0698	0.00	23	1	100.0	1
14/05/15	8:57 a	27.5	27.5	27.5	89	25.5	2.2	SW	0.13	3.6	SW	27.5	32.4	32.4	37.3	756.2	0.00	0.0	285	0.41	285	1.0	0.01	1.0	0.000	0.006	31.9	61	23.5	37.3	10.77	 .0698	0.00	24	1	100.0	1
14/05/15	8:58 a	27.5	27.5	27.5	89	25.5	1.3	SW	0.08	2.2	SW	27.5	32.4	32.4	38.0	756.2	0.00	0.0	343	0.49	343	1.1	0.01	1.1	0.000	0.006	31.9	61	23.5	37.3	10.77	 .0698	0.00	23	1	100.0	1
14/05/15	8:59 a	27.5	27.5	27.5	89	25.5	2.2	SSW	0.13	3.1	SSW	27.5	32.4	32.4	37.8	756.2	0.00	0.0	327	0.47	327	1.1	0.01	1.1	0.000	0.006	31.9	61	23.5	37.3	10.77	 .0698	0.00	24	1	100.0	1
14/05/15	9:00 a	27.5	27.5	27.5	89	25.5	1.8	SSW	0.11	3.1	SSW	27.5	32.4	32.4	37.9	756.1	0.00	0.0	338	0.48	338	1.1	0.01	1.1	0.000	0.006	31.9	61	23.5	37.3	10.77	 .0698	0.18	23	1	100.0	1
14/05/15	9:01 a	27.6	27.6	27.6	89	25.6	1.8	SW	0.11	2.2	SW	27.6	32.6	32.6	37.6	756.1	0.00	0.0	294	0.42	294	1.1	0.01	1.1	0.000	0.006	31.9	61	23.5	37.3	10.77	 .0698	0.00	24	1	100.0	1
14/05/15	9:02 a	27.6	27.6	27.6	89	25.6	1.8	SW	0.11	2.7	S	27.6	32.6	32.6	37.4	756.2	0.00	0.0	283	0.41	297	1.1	0.01	1.1	0.000	0.006	31.9	61	23.5	37.3	10.77	 .0698	0.00	23	1	100.0	1
14/05/15	9:03 a	27.6	27.6	27.6	89	25.6	1.8	SSE	0.11	2.7	S	27.6	32.6	32.6	37.0	756.1	0.00	0.0	258	0.37	258	1.1	0.01	1.1	0.000	0.006	31.9	61	23.5	37.3	10.77	 .0698	0.00	23	1	100.0	1
14/05/15	9:04 a	27.6	27.6	27.6	88	25.4	2.2	S	0.13	3.6	S	27.6	32.4	32.4	36.8	756.2	0.00	0.0	262	0.38	262	1.1	0.01	1.1	0.000	0.006	31.9	61	23.5	37.3	10.77	 .0698	0.00	24	1	100.0	1
14/05/15	9:05 a	27.6	27.6	27.6	88	25.4	1.8	SSE	0.11	3.1	SE	27.6	32.4	32.4	36.6	756.2	0.00	0.0	251	0.36	251	1.1	0.01	1.1	0.000	0.006	31.9	61	23.5	37.3	10.77	 .0698	0.00	23	1	100.0	1
14/05/15	9:06 a	27.6	27.6	27.6	88	25.4	1.8	S	0.11	2.7	S	27.6	32.4	32.4	36.2	756.2	0.00	0.0	223	0.32	223	1.0	0.01	1.0	0.000	0.006	32.0	61	23.5	37.4	10.77	 .0698	0.00	24	1	100.0	1
14/05/15	9:07 a	27.6	27.6	27.6	88	25.4	2.7	SW	0.16	4.0	S	27.6	32.4	32.4	36.0	756.2	0.00	0.0	214	0.31	214	1.0	0.01	1.0	0.000	0.006	32.0	61	23.5	37.4	10.77	 .0698	0.00	23	1	100.0	1
14/05/15	9:08 a	27.5	27.6	27.5	88	25.3	2.7	SSW	0.16	4.9	SSW	27.5	32.2	32.2	35.8	756.2	0.00	0.0	211	0.30	213	1.0	0.01	1.0	0.000	0.006	32.0	61	23.5	37.4	10.77	 .0698	0.00	24	1	100.0	1
14/05/15	9:09 a	27.6	27.6	27.6	88	25.4	1.3	SSE	0.08	4.9	SSW	27.6	32.4	32.4	35.8	756.2	0.00	0.0	200	0.29	200	1.0	0.01	1.0	0.000	0.006	32.0	61	23.5	37.4	10.77	 .0698	0.00	23	1	100.0	1
14/05/15	9:10 a	27.6	27.6	27.6	88	25.4	1.3	SSW	0.08	2.7	S	27.6	32.4	32.4	35.7	756.2	0.00	0.0	197	0.28	197	1.0	0.01	1.0	0.000	0.006	32.0	61	23.5	37.4	10.77	 .0698	0.00	23	1	100.0	1
14/05/15	9:11 a	27.6	27.6	27.6	89	25.6	1.3	SSW	0.08	3.1	SSW	27.6	32.6	32.6	36.3	756.2	0.00	0.0	221	0.32	221	1.0	0.01	1.0	0.000	0.006	32.0	61	23.5	37.4	10.77	 .0698	0.00	24	1	100.0	1
14/05/15	9:12 a	27.6	27.6	27.6	89	25.6	1.3	SW	0.08	3.1	SW	27.6	32.6	32.6	36.7	756.2	0.00	0.0	248	0.36	248	1.0	0.01	1.0	0.000	0.006	32.0	61	23.5	37.4	10.77	 .0698	0.00	23	1	100.0	1
14/05/15	9:13 a	27.6	27.6	27.6	89	25.6	1.8	S	0.11	2.7	SW	27.6	32.6	32.6	36.9	756.2	0.00	0.0	264	0.38	264	1.0	0.01	1.0	0.000	0.006	32.0	61	23.5	37.4	10.77	 .0698	0.00	24	1	100.0	1
14/05/15	9:14 a	27.6	27.6	27.6	88	25.4	2.2	S	0.13	3.1	SSE	27.6	32.4	32.4	36.8	756.2	0.00	0.0	272	0.39	295	1.0	0.01	1.0	0.000	0.006	32.0	61	23.5	37.4	10.77	 .0698	0.00	23	1	100.0	1
14/05/15	9:15 a	27.6	27.6	27.6	88	25.4	1.8	S	0.11	3.1	SE	27.6	32.4	32.4	36.4	756.1	0.00	0.0	250	0.36	250	1.0	0.01	1.0	0.000	0.006	32.0	61	23.5	37.4	10.77	 .0698	0.00	23	1	100.0	1
