		Temp	Hi	Low	Out	Dew	Wind	Wind	Wind	Hi	Hi	Wind	Heat	THW	THSW			Rain	Solar	Solar	Hi Solar	UV 	UV 	Hi 	Heat	Cool	In 	In	In 	In 	In 	In Air		Wind	Wind	ISS 	Arc.
Date	Time	Out	Temp	Temp	Hum	Pt.	Speed	Dir	Run	Speed	Dir	Chill	Index	Index	Index	Bar  	Rain	Rate	Rad.	Energy	Rad. 	Index	Dose	UV 	D-D 	D-D 	Temp	Hum	Dew	Heat	EMC	Density	ET 	Samp	Tx 	Recept	Int.
16/05/15	12:01 a	26.9	26.9	26.9	92	25.5	0.4	S	0.03	0.9	S	26.9	31.4	31.4	30.9	755.3	0.00	0.0	0	0.00	0	0.0	0.00	0.0	0.000	0.006	31.2	64	23.5	35.9	11.33	 .0699	0.00	22	1	95.7	1
16/05/15	12:02 a	26.9	26.9	26.9	92	25.5	0.4	S	0.03	0.4	S	26.9	31.3	31.3	30.7	755.3	0.00	0.0	0	0.00	0	0.0	0.00	0.0	0.000	0.006	31.2	64	23.5	35.9	11.33	 .0699	0.00	24	1	100.0	1
16/05/15	12:03 a	26.9	26.9	26.9	92	25.5	0.0	S	0.00	0.4	S	26.9	31.4	31.4	30.9	755.3	0.00	0.0	0	0.00	0	0.0	0.00	0.0	0.000	0.006	31.2	64	23.5	35.9	11.33	 .0699	0.00	23	1	100.0	1
16/05/15	12:04 a	26.9	26.9	26.9	92	25.5	0.4	S	0.03	0.9	S	26.9	31.4	31.4	30.9	755.3	0.00	0.0	0	0.00	0	0.0	0.00	0.0	0.000	0.006	31.2	64	23.5	35.9	11.33	 .0699	0.00	24	1	100.0	1
16/05/15	12:05 a	26.9	26.9	26.9	92	25.5	0.4	S	0.03	0.9	S	26.9	31.4	31.4	30.9	755.2	0.00	0.0	0	0.00	0	0.0	0.00	0.0	0.000	0.006	31.2	64	23.5	35.9	11.33	 .0699	0.00	23	1	100.0	1
16/05/15	12:06 a	26.9	26.9	26.9	92	25.5	0.4	S	0.03	0.9	S	26.9	31.4	31.4	30.9	755.2	0.00	0.0	0	0.00	0	0.0	0.00	0.0	0.000	0.006	31.2	64	23.5	35.9	11.33	 .0699	0.00	24	1	100.0	1
16/05/15	12:07 a	26.9	26.9	26.9	92	25.5	0.4	S	0.03	0.4	S	26.9	31.4	31.4	30.9	755.2	0.00	0.0	0	0.00	0	0.0	0.00	0.0	0.000	0.006	31.2	64	23.5	35.9	11.33	 .0699	0.00	23	1	100.0	1
16/05/15	12:08 a	26.9	26.9	26.9	92	25.5	0.0	S	0.00	0.4	S	26.9	31.4	31.4	30.9	755.2	0.00	0.0	0	0.00	0	0.0	0.00	0.0	0.000	0.006	31.2	64	23.5	35.9	11.33	 .0699	0.00	23	1	100.0	1
16/05/15	12:09 a	26.9	26.9	26.9	92	25.5	0.0	S	0.00	0.4	S	26.9	31.4	31.4	30.9	755.2	0.00	0.0	0	0.00	0	0.0	0.00	0.0	0.000	0.006	31.2	64	23.5	35.9	11.33	 .0699	0.00	24	1	100.0	1
16/05/15	12:10 a	26.9	26.9	26.9	92	25.5	0.0	S	0.00	0.4	S	26.9	31.4	31.4	30.9	755.2	0.00	0.0	0	0.00	0	0.0	0.00	0.0	0.000	0.006	31.2	64	23.6	36.1	11.32	 .0699	0.00	23	1	100.0	1
16/05/15	12:11 a	26.9	26.9	26.9	92	25.5	0.4	S	0.03	0.9	S	26.9	31.4	31.4	30.9	755.1	0.00	0.0	0	0.00	0	0.0	0.00	0.0	0.000	0.006	31.2	64	23.6	36.1	11.32	 .0699	0.00	24	1	100.0	1
16/05/15	12:12 a	26.9	26.9	26.9	92	25.5	0.4	S	0.03	0.9	S	26.9	31.4	31.4	30.9	755.1	0.00	0.0	0	0.00	0	0.0	0.00	0.0	0.000	0.006	31.2	64	23.6	36.1	11.32	 .0699	0.00	23	1	100.0	1
16/05/15	12:13 a	26.9	26.9	26.9	92	25.5	0.0	S	0.00	0.4	S	26.9	31.4	31.4	30.9	755.1	0.00	0.0	0	0.00	0	0.0	0.00	0.0	0.000	0.006	31.2	64	23.6	36.1	11.32	 .0699	0.00	23	1	100.0	1
16/05/15	12:14 a	26.9	26.9	26.9	92	25.5	0.0	S	0.00	0.4	S	26.9	31.4	31.4	30.9	755.1	0.00	0.0	0	0.00	0	0.0	0.00	0.0	0.000	0.006	31.2	64	23.6	36.1	11.32	 .0699	0.00	24	1	100.0	1
16/05/15	12:15 a	26.9	26.9	26.9	92	25.5	0.0	---	0.00	0.0	---	26.9	31.4	31.4	30.9	755.1	0.00	0.0	0	0.00	0	0.0	0.00	0.0	0.000	0.006	31.2	64	23.6	36.1	11.32	 .0699	0.00	23	1	100.0	1
16/05/15	12:16 a	26.9	26.9	26.9	92	25.5	0.0	S	0.00	0.4	S	26.9	31.4	31.4	30.9	755.1	0.00	0.0	0	0.00	0	0.0	0.00	0.0	0.000	0.006	31.2	64	23.6	36.1	11.32	 .0699	0.00	24	1	100.0	1
16/05/15	12:17 a	26.9	26.9	26.9	92	25.5	0.0	S	0.00	0.4	S	26.9	31.4	31.4	30.9	755.1	0.00	0.0	0	0.00	0	0.0	0.00	0.0	0.000	0.006	31.2	64	23.6	36.1	11.32	 .0699	0.00	23	1	100.0	1
16/05/15	12:18 a	26.9	26.9	26.9	92	25.5	0.0	S	0.00	0.4	S	26.9	31.4	31.4	30.9	755.1	0.00	0.0	0	0.00	0	0.0	0.00	0.0	0.000	0.006	31.2	64	23.6	36.1	11.32	 .0699	0.00	24	1	100.0	1
16/05/15	12:19 a	26.9	26.9	26.9	92	25.5	0.0	---	0.00	0.0	---	26.9	31.4	31.4	30.9	755.1	0.00	0.0	0	0.00	0	0.0	0.00	0.0	0.000	0.006	31.2	64	23.6	36.1	11.32	 .0699	0.00	23	1	100.0	1
16/05/15	12:20 a	26.9	26.9	26.9	92	25.5	0.0	S	0.00	0.4	S	26.9	31.4	31.4	30.9	755.1	0.00	0.0	0	0.00	0	0.0	0.00	0.0	0.000	0.006	31.2	64	23.6	36.1	11.32	 .0699	0.00	23	1	100.0	1
16/05/15	12:21 a	26.9	26.9	26.9	92	25.5	0.4	S	0.03	0.4	S	26.9	31.4	31.4	30.9	755.0	0.00	0.0	0	0.00	0	0.0	0.00	0.0	0.000	0.006	31.2	64	23.6	36.1	11.32	 .0699	0.00	24	1	100.0	1
16/05/15	12:22 a	26.9	26.9	26.9	92	25.5	0.9	S	0.05	1.3	S	26.9	31.4	31.4	30.9	755.0	0.00	0.0	0	0.00	0	0.0	0.00	0.0	0.000	0.006	31.2	64	23.6	36.1	11.32	 .0699	0.00	23	1	100.0	1
16/05/15	12:23 a	26.9	26.9	26.9	92	25.5	0.9	S	0.05	0.9	S	26.9	31.4	31.4	30.9	755.0	0.00	0.0	0	0.00	0	0.0	0.00	0.0	0.000	0.006	31.2	64	23.6	36.1	11.32	 .0699	0.00	24	1	100.0	1
16/05/15	12:24 a	26.9	26.9	26.9	92	25.5	0.4	S	0.03	1.8	S	26.9	31.4	31.4	30.9	755.0	0.00	0.0	0	0.00	0	0.0	0.00	0.0	0.000	0.006	31.2	64	23.6	36.1	11.32	 .0699	0.00	23	1	100.0	1
16/05/15	12:25 a	26.9	26.9	26.9	92	25.5	0.4	S	0.03	0.9	S	26.9	31.4	31.4	30.9	755.0	0.00	0.0	0	0.00	0	0.0	0.00	0.0	0.000	0.006	31.2	64	23.6	36.1	11.32	 .0699	0.00	23	1	100.0	1
16/05/15	12:26 a	26.9	26.9	26.9	92	25.5	0.4	S	0.03	0.9	S	26.9	31.3	31.3	30.7	755.0	0.00	0.0	0	0.00	0	0.0	0.00	0.0	0.000	0.006	31.2	64	23.6	36.1	11.32	 .0699	0.00	24	1	100.0	1
16/05/15	12:27 a	26.9	26.9	26.9	92	25.5	0.0	---	0.00	0.0	---	26.9	31.3	31.3	30.7	754.9	0.00	0.0	0	0.00	0	0.0	0.00	0.0	0.000	0.006	31.2	64	23.6	36.1	11.32	 .0699	0.00	23	1	100.0	1
16/05/15	12:28 a	26.9	26.9	26.9	92	25.5	0.0	---	0.00	0.0	---	26.9	31.3	31.3	30.7	754.9	0.00	0.0	0	0.00	0	0.0	0.00	0.0	0.000	0.006	31.2	64	23.6	36.1	11.32	 .0699	0.00	24	1	100.0	1
16/05/15	12:29 a	26.9	26.9	26.9	92	25.5	0.0	---	0.00	0.0	---	26.9	31.3	31.3	30.7	754.9	0.00	0.0	0	0.00	0	0.0	0.00	0.0	0.000	0.006	31.2	64	23.6	36.1	11.32	 .0699	0.00	23	1	100.0	1
16/05/15	12:30 a	26.9	26.9	26.9	92	25.5	0.0	---	0.00	0.0	---	26.9	31.3	31.3	30.7	754.9	0.00	0.0	0	0.00	0	0.0	0.00	0.0	0.000	0.006	31.2	64	23.6	36.1	11.32	 .0699	0.00	24	1	100.0	1
16/05/15	12:31 a	26.9	26.9	26.9	92	25.5	0.0	---	0.00	0.0	---	26.9	31.3	31.3	30.7	754.9	0.00	0.0	0	0.00	0	0.0	0.00	0.0	0.000	0.006	31.2	64	23.6	36.1	11.32	 .0699	0.00	23	1	100.0	1
16/05/15	12:32 a	26.9	26.9	26.9	92	25.5	0.0	---	0.00	0.0	---	26.9	31.3	31.3	30.7	754.9	0.00	0.0	0	0.00	0	0.0	0.00	0.0	0.000	0.006	31.2	64	23.6	36.1	11.32	 .0699	0.00	23	1	100.0	1
16/05/15	12:33 a	26.9	26.9	26.9	92	25.5	0.0	---	0.00	0.0	---	26.9	31.3	31.3	30.7	754.9	0.00	0.0	0	0.00	0	0.0	0.00	0.0	0.000	0.006	31.2	64	23.6	36.1	11.32	 .0699	0.00	24	1	100.0	1
16/05/15	12:34 a	26.9	26.9	26.9	92	25.5	0.0	---	0.00	0.0	---	26.9	31.3	31.3	30.7	754.8	0.00	0.0	0	0.00	0	0.0	0.00	0.0	0.000	0.006	31.2	64	23.6	36.1	11.32	 .0699	0.00	23	1	100.0	1
16/05/15	12:35 a	26.9	26.9	26.9	92	25.5	0.0	---	0.00	0.0	---	26.9	31.3	31.3	30.7	754.8	0.00	0.0	0	0.00	0	0.0	0.00	0.0	0.000	0.006	31.2	64	23.6	36.1	11.32	 .0699	0.00	24	1	100.0	1
16/05/15	12:36 a	26.9	26.9	26.9	92	25.5	0.0	---	0.00	0.0	---	26.9	31.3	31.3	30.7	754.8	0.00	0.0	0	0.00	0	0.0	0.00	0.0	0.000	0.006	31.2	64	23.6	36.1	11.32	 .0699	0.00	23	1	100.0	1
16/05/15	12:37 a	26.9	26.9	26.9	92	25.5	0.0	---	0.00	0.0	---	26.9	31.3	31.3	30.7	754.8	0.00	0.0	0	0.00	0	0.0	0.00	0.0	0.000	0.006	31.2	64	23.6	36.1	11.32	 .0699	0.00	23	1	100.0	1
16/05/15	12:38 a	26.9	26.9	26.9	92	25.5	0.0	S	0.00	0.4	S	26.9	31.3	31.3	30.7	754.8	0.00	0.0	0	0.00	0	0.0	0.00	0.0	0.000	0.006	31.2	64	23.6	36.1	11.32	 .0699	0.00	24	1	100.0	1
16/05/15	12:39 a	26.9	26.9	26.9	92	25.5	0.0	S	0.00	0.4	S	26.9	31.3	31.3	30.7	754.8	0.00	0.0	0	0.00	0	0.0	0.00	0.0	0.000	0.006	31.2	64	23.6	36.1	11.32	 .0699	0.00	23	1	100.0	1
16/05/15	12:40 a	26.9	26.9	26.9	92	25.5	0.0	---	0.00	0.0	---	26.9	31.3	31.3	30.7	754.8	0.00	0.0	0	0.00	0	0.0	0.00	0.0	0.000	0.006	31.2	64	23.6	36.1	11.32	 .0699	0.00	24	1	100.0	1
16/05/15	12:41 a	26.9	26.9	26.9	92	25.5	0.0	---	0.00	0.0	---	26.9	31.3	31.3	30.7	754.7	0.00	0.0	0	0.00	0	0.0	0.00	0.0	0.000	0.006	31.2	64	23.6	36.1	11.32	 .0699	0.00	23	1	100.0	1
16/05/15	12:42 a	26.9	26.9	26.8	92	25.5	0.0	---	0.00	0.0	---	26.9	31.3	31.3	30.7	754.7	0.00	0.0	0	0.00	0	0.0	0.00	0.0	0.000	0.006	31.2	64	23.6	36.1	11.32	 .0699	0.00	23	1	100.0	1
16/05/15	12:43 a	26.9	26.9	26.8	92	25.5	0.0	---	0.00	0.0	---	26.9	31.3	31.3	30.7	754.7	0.00	0.0	0	0.00	0	0.0	0.00	0.0	0.000	0.006	31.2	64	23.6	36.1	11.32	 .0699	0.00	24	1	100.0	1
16/05/15	12:44 a	26.8	26.9	26.8	92	25.4	0.0	S	0.00	0.4	S	26.8	31.2	31.2	30.6	754.8	0.00	0.0	0	0.00	0	0.0	0.00	0.0	0.000	0.006	31.2	64	23.6	36.1	11.32	 .0699	0.00	23	1	100.0	1
16/05/15	12:45 a	26.9	26.9	26.9	92	25.5	0.0	S	0.00	0.4	S	26.9	31.3	31.3	30.7	754.8	0.00	0.0	0	0.00	0	0.0	0.00	0.0	0.000	0.006	31.2	64	23.6	36.1	11.32	 .0699	0.00	24	1	100.0	1
16/05/15	12:46 a	26.9	26.9	26.9	92	25.5	0.0	S	0.00	0.4	S	26.9	31.3	31.3	30.7	754.7	0.00	0.0	0	0.00	0	0.0	0.00	0.0	0.000	0.006	31.2	64	23.6	36.1	11.32	 .0699	0.00	23	1	100.0	1
16/05/15	12:47 a	26.9	26.9	26.9	93	25.7	0.0	S	0.00	0.4	S	26.9	31.4	31.4	30.9	754.7	0.00	0.0	0	0.00	0	0.0	0.00	0.0	0.000	0.006	31.2	64	23.6	36.1	11.32	 .0699	0.00	24	1	100.0	1
16/05/15	12:48 a	26.9	26.9	26.9	93	25.7	0.0	S	0.00	0.4	S	26.9	31.6	31.6	31.0	754.7	0.00	0.0	0	0.00	0	0.0	0.00	0.0	0.000	0.006	31.2	64	23.6	36.1	11.32	 .0699	0.00	23	1	100.0	1
16/05/15	12:49 a	26.9	26.9	26.9	93	25.7	0.0	---	0.00	0.0	---	26.9	31.6	31.6	31.0	754.7	0.00	0.0	0	0.00	0	0.0	0.00	0.0	0.000	0.006	31.2	64	23.6	36.1	11.32	 .0699	0.00	23	1	100.0	1
16/05/15	12:50 a	26.9	26.9	26.9	92	25.5	0.0	---	0.00	0.0	---	26.9	31.4	31.4	30.9	754.7	0.00	0.0	0	0.00	0	0.0	0.00	0.0	0.000	0.006	31.2	64	23.6	36.1	11.32	 .0699	0.00	24	1	100.0	1
16/05/15	12:51 a	26.9	26.9	26.9	92	25.5	0.0	---	0.00	0.0	---	26.9	31.4	31.4	30.9	754.7	0.00	0.0	0	0.00	0	0.0	0.00	0.0	0.000	0.006	31.2	64	23.6	36.1	11.32	 .0699	0.00	23	1	100.0	1
16/05/15	12:52 a	26.9	26.9	26.9	92	25.5	0.0	---	0.00	0.0	---	26.9	31.4	31.4	30.9	754.7	0.00	0.0	0	0.00	0	0.0	0.00	0.0	0.000	0.006	31.2	64	23.6	36.1	11.32	 .0699	0.00	24	1	100.0	1
16/05/15	12:53 a	26.9	26.9	26.9	92	25.5	0.0	---	0.00	0.0	---	26.9	31.4	31.4	30.9	754.7	0.00	0.0	0	0.00	0	0.0	0.00	0.0	0.000	0.006	31.2	64	23.6	36.1	11.32	 .0699	0.00	23	1	100.0	1
16/05/15	12:54 a	26.9	26.9	26.9	92	25.5	0.0	---	0.00	0.0	---	26.9	31.4	31.4	30.9	754.7	0.00	0.0	0	0.00	0	0.0	0.00	0.0	0.000	0.006	31.2	64	23.6	36.1	11.32	 .0699	0.00	23	1	100.0	1
16/05/15	12:55 a	26.9	26.9	26.9	92	25.5	0.0	---	0.00	0.0	---	26.9	31.4	31.4	30.9	754.7	0.00	0.0	0	0.00	0	0.0	0.00	0.0	0.000	0.006	31.2	64	23.6	36.1	11.32	 .0699	0.00	24	1	100.0	1
16/05/15	12:56 a	26.9	26.9	26.9	92	25.5	0.0	---	0.00	0.0	---	26.9	31.4	31.4	30.9	754.7	0.00	0.0	0	0.00	0	0.0	0.00	0.0	0.000	0.006	31.2	64	23.6	36.1	11.32	 .0699	0.00	23	1	100.0	1
16/05/15	12:57 a	26.9	26.9	26.9	92	25.5	0.0	---	0.00	0.0	---	26.9	31.4	31.4	30.9	754.7	0.00	0.0	0	0.00	0	0.0	0.00	0.0	0.000	0.006	31.2	64	23.6	36.1	11.32	 .0699	0.00	24	1	100.0	1
16/05/15	12:58 a	26.9	26.9	26.9	92	25.5	0.0	---	0.00	0.0	---	26.9	31.4	31.4	30.9	754.7	0.00	0.0	0	0.00	0	0.0	0.00	0.0	0.000	0.006	31.2	64	23.6	36.1	11.32	 .0699	0.00	23	1	100.0	1
16/05/15	12:59 a	26.9	26.9	26.9	92	25.5	0.0	---	0.00	0.0	---	26.9	31.4	31.4	30.9	754.7	0.00	0.0	0	0.00	0	0.0	0.00	0.0	0.000	0.006	31.2	64	23.6	36.1	11.32	 .0699	0.00	24	1	100.0	1
16/05/15	1:00 a	26.9	26.9	26.9	92	25.5	0.0	---	0.00	0.0	---	26.9	31.4	31.4	30.9	754.7	0.00	0.0	0	0.00	0	0.0	0.00	0.0	0.000	0.006	31.2	64	23.6	36.1	11.32	 .0698	0.00	23	1	100.0	1
16/05/15	1:01 a	26.9	26.9	26.9	92	25.5	0.0	---	0.00	0.0	---	26.9	31.4	31.4	30.9	754.7	0.00	0.0	0	0.00	0	0.0	0.00	0.0	0.000	0.006	31.3	64	23.7	36.2	11.32	 .0698	0.00	23	1	100.0	1
16/05/15	1:02 a	27.0	27.0	26.9	92	25.6	0.0	---	0.00	0.0	---	27.0	31.6	31.6	31.0	754.7	0.00	0.0	0	0.00	0	0.0	0.00	0.0	0.000	0.006	31.2	64	23.6	36.1	11.32	 .0698	0.00	24	1	100.0	1
16/05/15	1:03 a	26.9	26.9	26.9	92	25.5	0.0	---	0.00	0.0	---	26.9	31.4	31.4	30.9	754.7	0.00	0.0	0	0.00	0	0.0	0.00	0.0	0.000	0.006	31.2	64	23.6	36.1	11.32	 .0699	0.00	23	1	100.0	1
16/05/15	1:04 a	26.9	26.9	26.9	92	25.5	0.0	---	0.00	0.0	---	26.9	31.4	31.4	30.9	754.6	0.00	0.0	0	0.00	0	0.0	0.00	0.0	0.000	0.006	31.2	64	23.6	36.1	11.32	 .0698	0.00	24	1	100.0	1
16/05/15	1:05 a	26.9	27.0	26.9	92	25.5	0.0	---	0.00	0.0	---	26.9	31.4	31.4	30.9	754.7	0.00	0.0	0	0.00	0	0.0	0.00	0.0	0.000	0.006	31.2	64	23.6	36.1	11.32	 .0698	0.00	23	1	100.0	1
16/05/15	1:06 a	26.9	26.9	26.9	92	25.5	0.0	---	0.00	0.0	---	26.9	31.4	31.4	30.9	754.6	0.00	0.0	0	0.00	0	0.0	0.00	0.0	0.000	0.006	31.2	64	23.6	36.1	11.32	 .0698	0.00	23	1	100.0	1
16/05/15	1:07 a	26.9	26.9	26.9	92	25.5	0.0	---	0.00	0.0	---	26.9	31.4	31.4	30.9	754.6	0.00	0.0	0	0.00	0	0.0	0.00	0.0	0.000	0.006	31.2	64	23.6	36.1	11.32	 .0698	0.00	24	1	100.0	1
16/05/15	1:08 a	26.9	26.9	26.9	92	25.5	0.0	---	0.00	0.0	---	26.9	31.4	31.4	30.9	754.6	0.00	0.0	0	0.00	0	0.0	0.00	0.0	0.000	0.006	31.2	64	23.6	36.1	11.32	 .0698	0.00	23	1	100.0	1
16/05/15	1:09 a	26.9	26.9	26.9	92	25.5	0.0	---	0.00	0.0	---	26.9	31.4	31.4	30.9	754.6	0.00	0.0	0	0.00	0	0.0	0.00	0.0	0.000	0.006	31.2	64	23.6	36.1	11.32	 .0698	0.00	24	1	100.0	1
16/05/15	1:10 a	26.9	27.0	26.9	92	25.5	0.0	---	0.00	0.0	---	26.9	31.4	31.4	30.9	754.6	0.00	0.0	0	0.00	0	0.0	0.00	0.0	0.000	0.006	31.2	64	23.6	36.1	11.32	 .0698	0.00	23	1	100.0	1
16/05/15	1:11 a	26.9	27.0	26.9	92	25.5	0.0	---	0.00	0.0	---	26.9	31.4	31.4	30.9	754.6	0.00	0.0	0	0.00	0	0.0	0.00	0.0	0.000	0.006	31.2	64	23.6	36.1	11.32	 .0698	0.00	24	1	100.0	1
16/05/15	1:12 a	27.0	27.0	26.9	92	25.6	0.0	---	0.00	0.0	---	27.0	31.6	31.6	31.0	754.6	0.00	0.0	0	0.00	0	0.0	0.00	0.0	0.000	0.006	31.2	64	23.6	36.1	11.32	 .0698	0.00	23	1	100.0	1
16/05/15	1:13 a	26.9	27.0	26.9	92	25.5	0.0	---	0.00	0.0	---	26.9	31.4	31.4	30.9	754.5	0.00	0.0	0	0.00	0	0.0	0.00	0.0	0.000	0.006	31.2	64	23.6	36.1	11.32	 .0698	0.00	23	1	100.0	1
16/05/15	1:14 a	26.9	26.9	26.9	92	25.5	0.0	---	0.00	0.0	---	26.9	31.4	31.4	30.9	754.5	0.00	0.0	0	0.00	0	0.0	0.00	0.0	0.000	0.006	31.2	64	23.6	36.1	11.32	 .0698	0.00	24	1	100.0	1
16/05/15	1:15 a	26.9	27.0	26.9	92	25.5	0.0	---	0.00	0.0	---	26.9	31.4	31.4	30.9	754.5	0.00	0.0	0	0.00	0	0.0	0.00	0.0	0.000	0.006	31.2	64	23.6	36.1	11.32	 .0698	0.00	23	1	100.0	1
16/05/15	1:16 a	26.9	26.9	26.9	92	25.5	0.0	---	0.00	0.0	---	26.9	31.4	31.4	30.9	754.4	0.00	0.0	0	0.00	0	0.0	0.00	0.0	0.000	0.006	31.2	64	23.6	36.1	11.32	 .0698	0.00	24	1	100.0	1
16/05/15	1:17 a	26.9	27.0	26.9	92	25.5	0.0	---	0.00	0.0	---	26.9	31.4	31.4	30.9	754.4	0.00	0.0	0	0.00	0	0.0	0.00	0.0	0.000	0.006	31.2	64	23.6	36.1	11.32	 .0698	0.00	23	1	100.0	1
16/05/15	1:18 a	26.9	26.9	26.9	92	25.5	0.0	---	0.00	0.0	---	26.9	31.4	31.4	30.9	754.4	0.00	0.0	0	0.00	0	0.0	0.00	0.0	0.000	0.006	31.2	64	23.6	36.1	11.32	 .0698	0.00	23	1	100.0	1
16/05/15	1:19 a	26.9	26.9	26.9	92	25.5	0.0	---	0.00	0.0	---	26.9	31.4	31.4	30.9	754.4	0.00	0.0	0	0.00	0	0.0	0.00	0.0	0.000	0.006	31.2	64	23.6	36.1	11.32	 .0698	0.00	24	1	100.0	1
16/05/15	1:20 a	26.9	26.9	26.9	92	25.5	0.0	---	0.00	0.0	---	26.9	31.4	31.4	30.9	754.4	0.00	0.0	0	0.00	0	0.0	0.00	0.0	0.000	0.006	31.2	64	23.6	36.1	11.32	 .0698	0.00	23	1	100.0	1
16/05/15	1:21 a	26.9	26.9	26.9	92	25.5	0.0	---	0.00	0.0	---	26.9	31.4	31.4	30.9	754.3	0.00	0.0	0	0.00	0	0.0	0.00	0.0	0.000	0.006	31.2	64	23.6	36.1	11.32	 .0698	0.00	24	1	100.0	1
16/05/15	1:22 a	26.9	26.9	26.9	92	25.5	0.0	---	0.00	0.0	---	26.9	31.4	31.4	30.9	754.3	0.00	0.0	0	0.00	0	0.0	0.00	0.0	0.000	0.006	31.2	64	23.6	36.1	11.32	 .0698	0.00	23	1	100.0	1
16/05/15	1:23 a	26.9	26.9	26.9	92	25.5	0.0	---	0.00	0.0	---	26.9	31.4	31.4	30.9	754.3	0.00	0.0	0	0.00	0	0.0	0.00	0.0	0.000	0.006	31.2	64	23.6	36.1	11.32	 .0698	0.00	24	1	100.0	1
16/05/15	1:24 a	26.9	26.9	26.9	92	25.5	0.0	---	0.00	0.0	---	26.9	31.4	31.4	30.9	754.3	0.00	0.0	0	0.00	0	0.0	0.00	0.0	0.000	0.006	31.2	64	23.6	36.1	11.32	 .0698	0.00	23	1	100.0	1
16/05/15	1:25 a	26.9	26.9	26.9	92	25.5	0.0	---	0.00	0.0	---	26.9	31.4	31.4	30.9	754.3	0.00	0.0	0	0.00	0	0.0	0.00	0.0	0.000	0.006	31.2	64	23.6	36.1	11.32	 .0698	0.00	23	1	100.0	1
16/05/15	1:26 a	26.9	26.9	26.9	92	25.5	0.0	---	0.00	0.0	---	26.9	31.4	31.4	30.9	754.3	0.00	0.0	0	0.00	0	0.0	0.00	0.0	0.000	0.006	31.2	64	23.6	36.1	11.32	 .0698	0.00	24	1	100.0	1
16/05/15	1:27 a	26.9	26.9	26.9	92	25.5	0.0	---	0.00	0.0	---	26.9	31.4	31.4	30.9	754.2	0.00	0.0	0	0.00	0	0.0	0.00	0.0	0.000	0.006	31.2	64	23.6	36.1	11.32	 .0698	0.00	23	1	100.0	1
16/05/15	1:28 a	26.9	26.9	26.9	92	25.5	0.0	---	0.00	0.0	---	26.9	31.4	31.4	30.9	754.2	0.00	0.0	0	0.00	0	0.0	0.00	0.0	0.000	0.006	31.2	64	23.6	36.1	11.32	 .0698	0.00	24	1	100.0	1
16/05/15	1:29 a	26.9	26.9	26.9	92	25.5	0.0	---	0.00	0.0	---	26.9	31.4	31.4	30.9	754.2	0.00	0.0	0	0.00	0	0.0	0.00	0.0	0.000	0.006	31.2	64	23.6	36.1	11.32	 .0698	0.00	23	1	100.0	1
16/05/15	1:30 a	26.9	26.9	26.9	92	25.5	0.0	---	0.00	0.0	---	26.9	31.4	31.4	30.9	754.2	0.00	0.0	0	0.00	0	0.0	0.00	0.0	0.000	0.006	31.2	64	23.6	36.1	11.32	 .0698	0.00	23	1	100.0	1
16/05/15	1:31 a	26.9	26.9	26.9	92	25.5	0.0	---	0.00	0.0	---	26.9	31.3	31.3	30.7	754.2	0.00	0.0	0	0.00	0	0.0	0.00	0.0	0.000	0.006	31.2	64	23.6	36.1	11.32	 .0698	0.00	24	1	100.0	1
16/05/15	1:32 a	26.9	26.9	26.9	92	25.5	0.0	---	0.00	0.0	---	26.9	31.3	31.3	30.7	754.2	0.00	0.0	0	0.00	0	0.0	0.00	0.0	0.000	0.006	31.2	64	23.6	36.1	11.32	 .0698	0.00	23	1	100.0	1
16/05/15	1:33 a	26.9	26.9	26.9	92	25.5	0.0	---	0.00	0.0	---	26.9	31.3	31.3	30.7	754.2	0.00	0.0	0	0.00	0	0.0	0.00	0.0	0.000	0.006	31.2	64	23.6	36.1	11.32	 .0698	0.00	24	1	100.0	1
16/05/15	1:34 a	26.9	26.9	26.9	92	25.5	0.0	---	0.00	0.0	---	26.9	31.3	31.3	30.7	754.1	0.00	0.0	0	0.00	0	0.0	0.00	0.0	0.000	0.006	31.2	64	23.6	36.1	11.32	 .0698	0.00	23	1	100.0	1
16/05/15	1:35 a	26.8	26.9	26.8	92	25.4	0.0	---	0.00	0.0	---	26.8	31.2	31.2	30.6	754.2	0.00	0.0	0	0.00	0	0.0	0.00	0.0	0.000	0.006	31.2	64	23.6	36.1	11.32	 .0698	0.00	23	1	100.0	1
16/05/15	1:36 a	26.8	26.9	26.8	92	25.4	0.0	---	0.00	0.0	---	26.8	31.2	31.2	30.6	754.1	0.00	0.0	0	0.00	0	0.0	0.00	0.0	0.000	0.006	31.2	64	23.6	36.1	11.32	 .0698	0.00	24	1	100.0	1
16/05/15	1:37 a	26.8	26.8	26.8	92	25.4	0.0	---	0.00	0.0	---	26.8	31.2	31.2	30.6	754.1	0.00	0.0	0	0.00	0	0.0	0.00	0.0	0.000	0.006	31.2	64	23.6	36.1	11.32	 .0698	0.00	23	1	100.0	1
16/05/15	1:38 a	26.8	26.8	26.8	92	25.4	0.0	---	0.00	0.0	---	26.8	31.2	31.2	30.6	754.1	0.00	0.0	0	0.00	0	0.0	0.00	0.0	0.000	0.006	31.2	64	23.6	36.1	11.32	 .0698	0.00	24	1	100.0	1
16/05/15	1:39 a	26.8	26.8	26.8	92	25.4	0.0	---	0.00	0.0	---	26.8	31.2	31.2	30.6	754.1	0.00	0.0	0	0.00	0	0.0	0.00	0.0	0.000	0.006	31.2	64	23.6	36.1	11.32	 .0698	0.00	23	1	100.0	1
16/05/15	1:40 a	26.8	26.8	26.8	92	25.4	0.0	---	0.00	0.0	---	26.8	31.2	31.2	30.6	754.0	0.00	0.0	0	0.00	0	0.0	0.00	0.0	0.000	0.006	31.2	64	23.6	36.1	11.32	 .0698	0.00	24	1	100.0	1
16/05/15	1:41 a	26.8	26.8	26.8	92	25.4	0.0	---	0.00	0.0	---	26.8	31.2	31.2	30.6	754.0	0.00	0.0	0	0.00	0	0.0	0.00	0.0	0.000	0.006	31.2	64	23.6	36.1	11.32	 .0698	0.00	23	1	100.0	1
16/05/15	1:42 a	26.8	26.8	26.8	92	25.4	0.0	---	0.00	0.0	---	26.8	31.2	31.2	30.6	754.0	0.00	0.0	0	0.00	0	0.0	0.00	0.0	0.000	0.006	31.2	64	23.6	36.1	11.32	 .0698	0.00	23	1	100.0	1
16/05/15	1:43 a	26.8	26.8	26.8	92	25.4	0.0	---	0.00	0.0	---	26.8	31.2	31.2	30.6	754.0	0.00	0.0	0	0.00	0	0.0	0.00	0.0	0.000	0.006	31.2	64	23.5	35.9	11.33	 .0698	0.00	24	1	100.0	1
16/05/15	1:44 a	26.8	26.8	26.8	92	25.4	0.0	---	0.00	0.0	---	26.8	31.2	31.2	30.6	754.0	0.00	0.0	0	0.00	0	0.0	0.00	0.0	0.000	0.006	31.2	64	23.5	35.9	11.33	 .0698	0.00	23	1	100.0	1
16/05/15	1:45 a	26.8	26.8	26.8	92	25.4	0.0	---	0.00	0.0	---	26.8	31.2	31.2	30.6	754.0	0.00	0.0	0	0.00	0	0.0	0.00	0.0	0.000	0.006	31.2	64	23.5	35.9	11.33	 .0698	0.00	24	1	100.0	1
16/05/15	1:46 a	26.8	26.8	26.8	92	25.4	0.0	---	0.00	0.0	---	26.8	31.2	31.2	30.6	754.0	0.00	0.0	0	0.00	0	0.0	0.00	0.0	0.000	0.006	31.2	64	23.5	35.9	11.33	 .0698	0.00	23	1	100.0	1
16/05/15	1:47 a	26.8	26.8	26.8	92	25.4	0.0	---	0.00	0.0	---	26.8	31.2	31.2	30.6	754.0	0.00	0.0	0	0.00	0	0.0	0.00	0.0	0.000	0.006	31.2	64	23.5	35.9	11.33	 .0698	0.00	23	1	100.0	1
16/05/15	1:48 a	26.8	26.8	26.8	92	25.4	0.0	---	0.00	0.0	---	26.8	31.2	31.2	30.6	754.0	0.00	0.0	0	0.00	0	0.0	0.00	0.0	0.000	0.006	31.2	64	23.5	35.9	11.33	 .0698	0.00	24	1	100.0	1
16/05/15	1:49 a	26.8	26.8	26.8	92	25.4	0.0	---	0.00	0.0	---	26.8	31.2	31.2	30.6	754.0	0.00	0.0	0	0.00	0	0.0	0.00	0.0	0.000	0.006	31.2	64	23.5	35.9	11.33	 .0698	0.00	23	1	100.0	1
16/05/15	1:50 a	26.8	26.8	26.8	92	25.4	0.0	---	0.00	0.0	---	26.8	31.2	31.2	30.6	754.0	0.00	0.0	0	0.00	0	0.0	0.00	0.0	0.000	0.006	31.2	64	23.6	36.1	11.32	 .0698	0.00	24	1	100.0	1
16/05/15	1:51 a	26.8	26.8	26.8	92	25.4	0.0	---	0.00	0.0	---	26.8	31.2	31.2	30.6	754.0	0.00	0.0	0	0.00	0	0.0	0.00	0.0	0.000	0.006	31.2	64	23.6	36.1	11.32	 .0698	0.00	23	1	100.0	1
16/05/15	1:52 a	26.8	26.8	26.8	92	25.4	0.0	---	0.00	0.0	---	26.8	31.2	31.2	30.6	753.9	0.00	0.0	0	0.00	0	0.0	0.00	0.0	0.000	0.006	31.2	64	23.6	36.1	11.32	 .0698	0.00	24	1	100.0	1
16/05/15	1:53 a	26.8	26.8	26.8	93	25.6	0.0	---	0.00	0.0	---	26.8	31.3	31.3	30.7	754.0	0.00	0.0	0	0.00	0	0.0	0.00	0.0	0.000	0.006	31.2	64	23.6	36.1	11.32	 .0698	0.00	23	1	100.0	1
16/05/15	1:54 a	26.8	26.8	26.8	92	25.4	0.0	---	0.00	0.0	---	26.8	31.0	31.0	30.4	754.0	0.00	0.0	0	0.00	0	0.0	0.00	0.0	0.000	0.006	31.2	64	23.6	36.1	11.32	 .0698	0.00	23	1	100.0	1
16/05/15	1:55 a	26.8	26.8	26.8	92	25.4	0.4	S	0.03	0.9	S	26.8	31.0	31.0	30.4	754.0	0.00	0.0	0	0.00	0	0.0	0.00	0.0	0.000	0.006	31.2	64	23.6	36.1	11.32	 .0698	0.00	24	1	100.0	1
16/05/15	1:56 a	26.8	26.8	26.8	92	25.4	0.9	S	0.05	1.8	S	26.8	31.0	31.0	30.4	754.0	0.00	0.0	0	0.00	0	0.0	0.00	0.0	0.000	0.006	31.2	64	23.5	35.9	11.33	 .0698	0.00	23	1	100.0	1
16/05/15	1:57 a	26.8	26.8	26.8	92	25.4	0.9	S	0.05	2.2	SSW	26.8	31.0	31.0	30.4	754.0	0.00	0.0	0	0.00	0	0.0	0.00	0.0	0.000	0.006	31.2	64	23.5	35.9	11.33	 .0698	0.00	24	1	100.0	1
16/05/15	1:58 a	26.8	26.8	26.8	92	25.4	0.9	SSW	0.05	1.8	SSW	26.8	31.0	31.0	30.4	753.9	0.00	0.0	0	0.00	0	0.0	0.00	0.0	0.000	0.006	31.2	64	23.6	36.1	11.32	 .0698	0.00	23	1	100.0	1
16/05/15	1:59 a	26.8	26.8	26.8	92	25.4	1.3	SSW	0.08	2.2	SSW	26.8	31.0	31.0	30.4	753.9	0.00	0.0	0	0.00	0	0.0	0.00	0.0	0.000	0.006	31.2	64	23.5	35.9	11.33	 .0698	0.00	23	1	100.0	1
16/05/15	2:00 a	26.7	26.8	26.7	93	25.5	0.9	SSW	0.05	1.8	SSW	26.7	31.0	31.0	30.4	753.9	0.00	0.0	0	0.00	0	0.0	0.00	0.0	0.000	0.006	31.2	64	23.5	35.9	11.33	 .0698	0.00	24	1	100.0	1
16/05/15	2:01 a	26.7	26.8	26.7	93	25.5	0.9	SSW	0.05	1.8	SSW	26.7	31.0	31.0	30.4	753.9	0.00	0.0	0	0.00	0	0.0	0.00	0.0	0.000	0.006	31.2	64	23.6	36.1	11.32	 .0698	0.00	23	1	100.0	1
16/05/15	2:02 a	26.7	26.7	26.7	93	25.5	1.3	SSW	0.08	2.2	SSW	26.7	31.0	31.0	30.4	753.9	0.00	0.0	0	0.00	0	0.0	0.00	0.0	0.000	0.006	31.2	64	23.6	36.1	11.32	 .0698	0.00	24	1	100.0	1
16/05/15	2:03 a	26.7	26.7	26.7	93	25.5	0.4	SSW	0.03	0.9	SSW	26.7	31.0	31.0	30.4	753.9	0.00	0.0	0	0.00	0	0.0	0.00	0.0	0.000	0.006	31.2	64	23.6	36.1	11.32	 .0698	0.00	23	1	100.0	1
16/05/15	2:04 a	26.7	26.7	26.7	93	25.5	0.9	SSW	0.05	0.9	SSW	26.7	31.0	31.0	30.4	753.9	0.00	0.0	0	0.00	0	0.0	0.00	0.0	0.000	0.006	31.2	64	23.6	36.1	11.32	 .0698	0.00	24	1	100.0	1
16/05/15	2:05 a	26.7	26.7	26.7	93	25.5	0.4	SSW	0.03	0.9	SSW	26.7	31.0	31.0	30.4	753.9	0.00	0.0	0	0.00	0	0.0	0.00	0.0	0.000	0.006	31.2	64	23.6	36.1	11.32	 .0698	0.00	23	1	100.0	1
16/05/15	2:06 a	26.7	26.7	26.7	93	25.4	0.9	SSW	0.05	0.9	SSW	26.7	30.9	30.9	30.3	753.8	0.00	0.0	0	0.00	0	0.0	0.00	0.0	0.000	0.006	31.2	64	23.5	35.9	11.33	 .0698	0.00	23	1	100.0	1
16/05/15	2:07 a	26.7	26.7	26.7	93	25.4	0.4	SSW	0.03	0.9	SSW	26.7	30.9	30.9	30.3	753.8	0.00	0.0	0	0.00	0	0.0	0.00	0.0	0.000	0.006	31.2	64	23.6	36.1	11.32	 .0698	0.00	24	1	100.0	1
16/05/15	2:08 a	26.7	26.7	26.7	93	25.4	0.4	SSW	0.03	0.4	SSW	26.7	30.9	30.9	30.3	753.8	0.00	0.0	0	0.00	0	0.0	0.00	0.0	0.000	0.006	31.2	64	23.5	35.9	11.33	 .0698	0.00	23	1	100.0	1
16/05/15	2:09 a	26.7	26.7	26.7	93	25.4	0.0	SSW	0.00	0.4	SSW	26.7	30.9	30.9	30.3	753.8	0.00	0.0	0	0.00	0	0.0	0.00	0.0	0.000	0.006	31.2	64	23.5	35.9	11.33	 .0698	0.00	24	1	100.0	1
16/05/15	2:10 a	26.7	26.7	26.7	93	25.4	0.4	SSW	0.03	0.4	SSW	26.7	30.9	30.9	30.3	753.8	0.00	0.0	0	0.00	0	0.0	0.00	0.0	0.000	0.006	31.2	64	23.5	35.9	11.33	 .0698	0.00	23	1	100.0	1
16/05/15	2:11 a	26.7	26.7	26.7	93	25.4	0.0	SSW	0.00	0.4	SSW	26.7	30.9	30.9	30.3	753.9	0.00	0.0	0	0.00	0	0.0	0.00	0.0	0.000	0.006	31.2	64	23.5	35.9	11.33	 .0698	0.00	23	1	100.0	1
16/05/15	2:12 a	26.7	26.7	26.7	93	25.4	0.0	---	0.00	0.0	---	26.7	30.9	30.9	30.3	753.8	0.00	0.0	0	0.00	0	0.0	0.00	0.0	0.000	0.006	31.2	64	23.5	35.9	11.33	 .0698	0.00	24	1	100.0	1
16/05/15	2:13 a	26.7	26.7	26.7	94	25.6	0.0	SSW	0.00	0.4	SSW	26.7	31.0	31.0	30.4	753.8	0.00	0.0	0	0.00	0	0.0	0.00	0.0	0.000	0.006	31.2	64	23.5	35.9	11.33	 .0698	0.00	23	1	100.0	1
16/05/15	2:14 a	26.7	26.7	26.7	94	25.6	0.0	---	0.00	0.0	---	26.7	31.0	31.0	30.4	753.8	0.00	0.0	0	0.00	0	0.0	0.00	0.0	0.000	0.006	31.2	64	23.5	35.9	11.33	 .0698	0.00	24	1	100.0	1
16/05/15	2:15 a	26.7	26.7	26.7	94	25.6	0.0	SSW	0.00	0.4	SSW	26.7	31.0	31.0	30.4	753.8	0.00	0.0	0	0.00	0	0.0	0.00	0.0	0.000	0.006	31.2	64	23.5	35.9	11.33	 .0698	0.00	23	1	100.0	1
16/05/15	2:16 a	26.7	26.7	26.7	94	25.6	0.0	SSW	0.00	0.4	SSW	26.7	31.0	31.0	30.4	753.8	0.00	0.0	0	0.00	0	0.0	0.00	0.0	0.000	0.006	31.2	64	23.5	35.9	11.33	 .0698	0.00	24	1	100.0	1
16/05/15	2:17 a	26.7	26.7	26.7	94	25.6	0.0	SSW	0.00	0.4	SSW	26.7	31.0	31.0	30.4	753.8	0.00	0.0	0	0.00	0	0.0	0.00	0.0	0.000	0.006	31.2	64	23.5	35.9	11.33	 .0698	0.00	23	1	100.0	1
16/05/15	2:18 a	26.7	26.7	26.7	94	25.6	0.0	SSW	0.00	0.4	SSW	26.7	31.0	31.0	30.4	753.8	0.00	0.0	0	0.00	0	0.0	0.00	0.0	0.000	0.006	31.2	64	23.5	35.9	11.33	 .0698	0.00	23	1	100.0	1
16/05/15	2:19 a	26.7	26.7	26.7	94	25.6	0.4	SSW	0.03	0.4	SSW	26.7	31.0	31.0	30.4	753.9	0.00	0.0	0	0.00	0	0.0	0.00	0.0	0.000	0.006	31.2	64	23.5	35.9	11.33	 .0698	0.00	24	1	100.0	1
16/05/15	2:20 a	26.7	26.7	26.7	94	25.7	0.0	SSW	0.00	0.4	SSW	26.7	31.2	31.2	30.6	753.9	0.00	0.0	0	0.00	0	0.0	0.00	0.0	0.000	0.006	31.2	64	23.5	35.9	11.33	 .0698	0.00	23	1	100.0	1
16/05/15	2:21 a	26.7	26.7	26.7	94	25.7	0.0	SSW	0.00	0.4	SSW	26.7	31.2	31.2	30.6	753.9	0.00	0.0	0	0.00	0	0.0	0.00	0.0	0.000	0.006	31.2	64	23.5	35.9	11.33	 .0698	0.00	24	1	100.0	1
16/05/15	2:22 a	26.7	26.7	26.7	94	25.7	0.0	---	0.00	0.0	---	26.7	31.2	31.2	30.6	753.9	0.00	0.0	0	0.00	0	0.0	0.00	0.0	0.000	0.006	31.2	64	23.5	35.9	11.33	 .0698	0.00	23	1	100.0	1
16/05/15	2:23 a	26.7	26.7	26.7	94	25.7	0.0	---	0.00	0.0	---	26.7	31.2	31.2	30.6	753.9	0.00	0.0	0	0.00	0	0.0	0.00	0.0	0.000	0.006	31.2	64	23.5	35.9	11.33	 .0698	0.00	23	1	100.0	1
16/05/15	2:24 a	26.7	26.7	26.7	94	25.7	0.0	SSW	0.00	0.4	SSW	26.7	31.2	31.2	30.6	753.9	0.00	0.0	0	0.00	0	0.0	0.00	0.0	0.000	0.006	31.2	64	23.5	35.9	11.33	 .0698	0.00	24	1	100.0	1
16/05/15	2:25 a	26.7	26.7	26.7	94	25.7	0.0	SSW	0.00	0.4	SSW	26.7	31.2	31.2	30.6	753.9	0.00	0.0	0	0.00	0	0.0	0.00	0.0	0.000	0.006	31.2	64	23.5	35.9	11.33	 .0698	0.00	23	1	100.0	1
16/05/15	2:26 a	26.7	26.7	26.7	94	25.7	0.0	SSW	0.00	0.4	SSW	26.7	31.2	31.2	30.6	753.9	0.00	0.0	0	0.00	0	0.0	0.00	0.0	0.000	0.006	31.2	64	23.5	35.9	11.33	 .0698	0.00	24	1	100.0	1
16/05/15	2:27 a	26.7	26.7	26.7	94	25.7	0.0	SSW	0.00	0.4	SSW	26.7	31.2	31.2	30.6	753.9	0.00	0.0	0	0.00	0	0.0	0.00	0.0	0.000	0.006	31.2	64	23.5	35.9	11.33	 .0698	0.00	23	1	100.0	1
16/05/15	2:28 a	26.7	26.7	26.7	94	25.7	0.0	---	0.00	0.0	---	26.7	31.2	31.2	30.6	753.9	0.00	0.0	0	0.00	0	0.0	0.00	0.0	0.000	0.006	31.2	65	23.8	36.2	11.53	 .0698	0.00	23	1	100.0	1
16/05/15	2:29 a	26.8	26.8	26.7	94	25.7	0.0	---	0.00	0.0	---	26.8	31.3	31.3	30.8	753.9	0.00	0.0	0	0.00	0	0.0	0.00	0.0	0.000	0.006	31.2	65	23.8	36.2	11.53	 .0698	0.00	24	1	100.0	1
16/05/15	2:30 a	26.8	26.8	26.8	94	25.7	0.0	SSW	0.00	0.9	SSW	26.8	31.3	31.3	30.8	753.9	0.00	0.0	0	0.00	0	0.0	0.00	0.0	0.000	0.006	31.2	65	23.8	36.2	11.53	 .0698	0.00	23	1	100.0	1
16/05/15	2:31 a	26.8	26.8	26.7	94	25.7	0.4	SSW	0.03	0.9	SSW	26.8	31.3	31.3	30.8	753.9	0.00	0.0	0	0.00	0	0.0	0.00	0.0	0.000	0.006	31.2	65	23.8	36.2	11.53	 .0698	0.00	24	1	100.0	1
16/05/15	2:32 a	26.8	26.8	26.7	94	25.7	0.0	SSW	0.00	0.4	SSW	26.8	31.3	31.3	30.8	753.9	0.00	0.0	0	0.00	0	0.0	0.00	0.0	0.000	0.006	31.2	65	23.8	36.2	11.53	 .0698	0.00	23	1	100.0	1
16/05/15	2:33 a	26.8	26.8	26.8	94	25.7	0.0	SSW	0.00	0.4	SSW	26.8	31.3	31.3	30.8	753.9	0.00	0.0	0	0.00	0	0.0	0.00	0.0	0.000	0.006	31.2	65	23.8	36.2	11.53	 .0698	0.00	24	1	100.0	1
16/05/15	2:34 a	26.8	26.8	26.8	94	25.7	0.0	SSW	0.00	0.4	SSW	26.8	31.3	31.3	30.8	753.9	0.00	0.0	0	0.00	0	0.0	0.00	0.0	0.000	0.006	31.2	65	23.8	36.2	11.53	 .0698	0.00	23	1	100.0	1
16/05/15	2:35 a	26.8	26.8	26.8	94	25.7	0.0	SSW	0.00	0.4	SSW	26.8	31.3	31.3	30.8	753.9	0.00	0.0	0	0.00	0	0.0	0.00	0.0	0.000	0.006	31.2	65	23.8	36.2	11.53	 .0698	0.00	23	1	100.0	1
16/05/15	2:36 a	26.8	26.8	26.8	94	25.7	0.4	SSW	0.03	0.4	SSW	26.8	31.3	31.3	30.8	753.9	0.00	0.0	0	0.00	0	0.0	0.00	0.0	0.000	0.006	31.2	65	23.8	36.2	11.53	 .0698	0.00	24	1	100.0	1
16/05/15	2:37 a	26.7	26.8	26.7	94	25.7	0.0	SSW	0.00	0.4	SSW	26.7	31.2	31.2	30.6	753.8	0.00	0.0	0	0.00	0	0.0	0.00	0.0	0.000	0.006	31.2	65	23.8	36.2	11.53	 .0698	0.00	23	1	100.0	1
16/05/15	2:38 a	26.8	26.8	26.7	94	25.7	0.0	SSW	0.00	0.4	SSW	26.8	31.3	31.3	30.8	753.8	0.00	0.0	0	0.00	0	0.0	0.00	0.0	0.000	0.006	31.2	65	23.8	36.2	11.53	 .0698	0.00	24	1	100.0	1
16/05/15	2:39 a	26.8	26.8	26.8	94	25.7	0.0	SSW	0.00	0.4	SSW	26.8	31.3	31.3	30.8	753.8	0.00	0.0	0	0.00	0	0.0	0.00	0.0	0.000	0.006	31.2	65	23.8	36.2	11.53	 .0698	0.00	23	1	100.0	1
16/05/15	2:40 a	26.8	26.8	26.7	94	25.7	0.0	SSW	0.00	0.4	SSW	26.8	31.3	31.3	30.8	753.8	0.00	0.0	0	0.00	0	0.0	0.00	0.0	0.000	0.006	31.2	65	23.8	36.2	11.53	 .0698	0.00	23	1	100.0	1
16/05/15	2:41 a	26.8	26.8	26.8	94	25.7	0.0	SSW	0.00	0.4	SSW	26.8	31.3	31.3	30.8	753.8	0.00	0.0	0	0.00	0	0.0	0.00	0.0	0.000	0.006	31.2	65	23.8	36.2	11.53	 .0698	0.00	24	1	100.0	1
16/05/15	2:42 a	26.8	26.8	26.8	94	25.7	0.4	SSW	0.03	0.9	SSW	26.8	31.3	31.3	30.8	753.8	0.00	0.0	0	0.00	0	0.0	0.00	0.0	0.000	0.006	31.2	65	23.8	36.2	11.53	 .0698	0.00	23	1	100.0	1
16/05/15	2:43 a	26.7	26.8	26.7	94	25.7	0.0	---	0.00	0.0	---	26.7	31.2	31.2	30.6	753.8	0.00	0.0	0	0.00	0	0.0	0.00	0.0	0.000	0.006	31.2	65	23.8	36.2	11.53	 .0698	0.00	24	1	100.0	1
16/05/15	2:44 a	26.8	26.8	26.8	94	25.7	0.0	SSW	0.00	0.4	SSW	26.8	31.3	31.3	30.8	753.8	0.00	0.0	0	0.00	0	0.0	0.00	0.0	0.000	0.006	31.2	65	23.8	36.2	11.53	 .0698	0.00	23	1	100.0	1
16/05/15	2:45 a	26.8	26.8	26.7	94	25.7	0.0	SSW	0.00	0.4	SSW	26.8	31.3	31.3	30.8	753.8	0.00	0.0	0	0.00	0	0.0	0.00	0.0	0.000	0.006	31.2	65	23.8	36.2	11.53	 .0698	0.00	24	1	100.0	1
16/05/15	2:46 a	26.8	26.8	26.7	94	25.7	0.4	SSW	0.03	1.3	SSW	26.8	31.3	31.3	30.8	753.8	0.00	0.0	0	0.00	0	0.0	0.00	0.0	0.000	0.006	31.2	65	23.8	36.2	11.53	 .0698	0.00	23	1	100.0	1
16/05/15	2:47 a	26.7	26.8	26.7	94	25.7	0.0	SSW	0.00	0.9	SSW	26.7	31.2	31.2	30.6	753.8	0.00	0.0	0	0.00	0	0.0	0.00	0.0	0.000	0.006	31.2	65	23.8	36.2	11.53	 .0698	0.00	23	1	100.0	1
16/05/15	2:48 a	26.7	26.8	26.7	94	25.7	0.0	SSW	0.00	0.4	SSW	26.7	31.2	31.2	30.6	753.8	0.00	0.0	0	0.00	0	0.0	0.00	0.0	0.000	0.006	31.2	65	23.8	36.2	11.53	 .0698	0.00	24	1	100.0	1
16/05/15	2:49 a	26.7	26.7	26.7	94	25.7	0.0	SSW	0.00	0.9	SSW	26.7	31.2	31.2	30.6	753.8	0.00	0.0	0	0.00	0	0.0	0.00	0.0	0.000	0.006	31.2	65	23.8	36.2	11.53	 .0698	0.00	23	1	100.0	1
16/05/15	2:50 a	26.7	26.7	26.7	94	25.7	0.0	SSW	0.00	0.4	SSW	26.7	31.2	31.2	30.6	753.8	0.00	0.0	0	0.00	0	0.0	0.00	0.0	0.000	0.006	31.2	65	23.8	36.2	11.53	 .0698	0.00	24	1	100.0	1
16/05/15	2:51 a	26.7	26.7	26.7	94	25.7	0.0	SSW	0.00	0.4	SSW	26.7	31.2	31.2	30.6	753.8	0.00	0.0	0	0.00	0	0.0	0.00	0.0	0.000	0.006	31.2	65	23.8	36.2	11.53	 .0698	0.00	23	1	100.0	1
16/05/15	2:52 a	26.7	26.7	26.7	94	25.7	0.0	SSW	0.00	0.4	SSW	26.7	31.2	31.2	30.6	753.8	0.00	0.0	0	0.00	0	0.0	0.00	0.0	0.000	0.006	31.2	65	23.8	36.2	11.53	 .0698	0.00	23	1	100.0	1
16/05/15	2:53 a	26.7	26.7	26.7	94	25.7	0.0	SSW	0.00	0.4	SSW	26.7	31.2	31.2	30.6	753.8	0.00	0.0	0	0.00	0	0.0	0.00	0.0	0.000	0.006	31.2	65	23.8	36.2	11.53	 .0698	0.00	24	1	100.0	1
16/05/15	2:54 a	26.7	26.7	26.7	94	25.7	0.0	SSW	0.00	0.4	SSW	26.7	31.2	31.2	30.6	753.8	0.00	0.0	0	0.00	0	0.0	0.00	0.0	0.000	0.006	31.2	65	23.8	36.2	11.53	 .0698	0.00	23	1	100.0	1
16/05/15	2:55 a	26.7	26.7	26.7	94	25.7	0.0	SSW	0.00	0.9	SSW	26.7	31.2	31.2	30.6	753.8	0.00	0.0	0	0.00	0	0.0	0.00	0.0	0.000	0.006	31.2	65	23.8	36.2	11.53	 .0698	0.00	24	1	100.0	1
16/05/15	2:56 a	26.7	26.7	26.7	94	25.7	0.4	SSW	0.03	0.4	SSW	26.7	31.2	31.2	30.6	753.8	0.00	0.0	0	0.00	0	0.0	0.00	0.0	0.000	0.006	31.2	65	23.8	36.2	11.53	 .0698	0.00	23	1	100.0	1
16/05/15	2:57 a	26.7	26.7	26.7	94	25.7	0.0	---	0.00	0.0	---	26.7	31.2	31.2	30.6	753.8	0.00	0.0	0	0.00	0	0.0	0.00	0.0	0.000	0.006	31.2	65	23.8	36.2	11.53	 .0698	0.00	24	1	100.0	1
16/05/15	2:58 a	26.7	26.7	26.7	94	25.7	0.0	---	0.00	0.0	---	26.7	31.2	31.2	30.6	753.8	0.00	0.0	0	0.00	0	0.0	0.00	0.0	0.000	0.006	31.2	65	23.8	36.2	11.53	 .0698	0.00	23	1	100.0	1
16/05/15	2:59 a	26.7	26.7	26.7	94	25.7	0.0	SSW	0.00	0.4	SSW	26.7	31.2	31.2	30.6	753.8	0.00	0.0	0	0.00	0	0.0	0.00	0.0	0.000	0.006	31.2	65	23.8	36.2	11.53	 .0698	0.00	23	1	100.0	1
16/05/15	3:00 a	26.7	26.7	26.7	94	25.7	0.0	SSW	0.00	0.4	SSW	26.7	31.2	31.2	30.6	753.8	0.00	0.0	0	0.00	0	0.0	0.00	0.0	0.000	0.006	31.2	65	23.8	36.2	11.53	 .0698	0.00	24	1	100.0	1
16/05/15	3:01 a	26.7	26.7	26.7	94	25.7	0.0	SSW	0.00	0.4	SSW	26.7	31.2	31.2	30.6	753.8	0.00	0.0	0	0.00	0	0.0	0.00	0.0	0.000	0.006	31.2	65	23.8	36.2	11.53	 .0698	0.00	23	1	100.0	1
16/05/15	3:02 a	26.7	26.7	26.7	94	25.7	0.4	SSW	0.03	0.9	SSW	26.7	31.2	31.2	30.6	753.8	0.00	0.0	0	0.00	0	0.0	0.00	0.0	0.000	0.006	31.2	65	23.8	36.2	11.53	 .0698	0.00	24	1	100.0	1
16/05/15	3:03 a	26.7	26.7	26.7	94	25.7	0.0	---	0.00	0.0	---	26.7	31.2	31.2	30.6	753.8	0.00	0.0	0	0.00	0	0.0	0.00	0.0	0.000	0.006	31.2	65	23.8	36.2	11.53	 .0698	0.00	23	1	100.0	1
16/05/15	3:04 a	26.7	26.7	26.7	94	25.7	0.0	SSW	0.00	0.4	SSW	26.7	31.2	31.2	30.6	753.8	0.00	0.0	0	0.00	0	0.0	0.00	0.0	0.000	0.006	31.2	65	23.8	36.2	11.53	 .0698	0.00	23	1	100.0	1
16/05/15	3:05 a	26.7	26.7	26.7	94	25.7	0.0	---	0.00	0.0	---	26.7	31.2	31.2	30.6	753.8	0.00	0.0	0	0.00	0	0.0	0.00	0.0	0.000	0.006	31.2	65	23.8	36.2	11.53	 .0698	0.00	24	1	100.0	1
16/05/15	3:06 a	26.7	26.7	26.7	94	25.7	0.0	---	0.00	0.0	---	26.7	31.2	31.2	30.6	753.8	0.00	0.0	0	0.00	0	0.0	0.00	0.0	0.000	0.006	31.2	65	23.8	36.2	11.53	 .0698	0.00	23	1	100.0	1
16/05/15	3:07 a	26.7	26.7	26.7	94	25.7	0.0	---	0.00	0.0	---	26.7	31.2	31.2	30.6	753.7	0.00	0.0	0	0.00	0	0.0	0.00	0.0	0.000	0.006	31.2	65	23.8	36.2	11.53	 .0697	0.00	24	1	100.0	1
16/05/15	3:08 a	26.7	26.7	26.7	94	25.7	0.0	---	0.00	0.0	---	26.7	31.2	31.2	30.6	753.7	0.00	0.0	0	0.00	0	0.0	0.00	0.0	0.000	0.006	31.2	65	23.8	36.2	11.53	 .0697	0.00	23	1	100.0	1
16/05/15	3:09 a	26.7	26.7	26.7	94	25.7	0.0	---	0.00	0.0	---	26.7	31.2	31.2	30.6	753.7	0.00	0.0	0	0.00	0	0.0	0.00	0.0	0.000	0.006	31.2	65	23.8	36.2	11.53	 .0697	0.00	24	1	100.0	1
16/05/15	3:10 a	26.7	26.7	26.7	94	25.7	0.0	---	0.00	0.0	---	26.7	31.2	31.2	30.6	753.7	0.00	0.0	0	0.00	0	0.0	0.00	0.0	0.000	0.006	31.2	65	23.8	36.2	11.53	 .0697	0.00	23	1	100.0	1
16/05/15	3:11 a	26.7	26.7	26.7	94	25.7	0.0	SSW	0.00	0.4	SSW	26.7	31.2	31.2	30.6	753.7	0.00	0.0	0	0.00	0	0.0	0.00	0.0	0.000	0.006	31.2	65	23.8	36.2	11.53	 .0697	0.00	23	1	100.0	1
16/05/15	3:12 a	26.7	26.7	26.7	94	25.7	0.0	SSW	0.00	0.4	SSW	26.7	31.2	31.2	30.6	753.7	0.00	0.0	0	0.00	0	0.0	0.00	0.0	0.000	0.006	31.2	65	23.8	36.2	11.53	 .0697	0.00	24	1	100.0	1
16/05/15	3:13 a	26.7	26.7	26.7	94	25.7	0.0	SSW	0.00	0.4	SSW	26.7	31.2	31.2	30.6	753.7	0.00	0.0	0	0.00	0	0.0	0.00	0.0	0.000	0.006	31.2	65	23.8	36.2	11.53	 .0697	0.00	23	1	100.0	1
16/05/15	3:14 a	26.7	26.7	26.7	94	25.7	0.0	SSW	0.00	0.4	SSW	26.7	31.2	31.2	30.6	753.7	0.00	0.0	0	0.00	0	0.0	0.00	0.0	0.000	0.006	31.2	65	23.8	36.2	11.53	 .0697	0.00	24	1	100.0	1
16/05/15	3:15 a	26.7	26.7	26.7	94	25.7	0.0	---	0.00	0.0	---	26.7	31.2	31.2	30.6	753.7	0.00	0.0	0	0.00	0	0.0	0.00	0.0	0.000	0.006	31.2	65	23.8	36.2	11.53	 .0697	0.00	23	1	100.0	1
16/05/15	3:16 a	26.7	26.7	26.7	94	25.7	0.0	---	0.00	0.0	---	26.7	31.2	31.2	30.6	753.7	0.00	0.0	0	0.00	0	0.0	0.00	0.0	0.000	0.006	31.2	65	23.8	36.2	11.53	 .0697	0.00	23	1	100.0	1
16/05/15	3:17 a	26.7	26.7	26.7	94	25.7	0.0	---	0.00	0.0	---	26.7	31.2	31.2	30.6	753.6	0.00	0.0	0	0.00	0	0.0	0.00	0.0	0.000	0.006	31.2	65	23.8	36.2	11.53	 .0697	0.00	24	1	100.0	1
16/05/15	3:18 a	26.7	26.7	26.7	94	25.7	0.0	---	0.00	0.0	---	26.7	31.2	31.2	30.6	753.6	0.00	0.0	0	0.00	0	0.0	0.00	0.0	0.000	0.006	31.2	65	23.8	36.2	11.53	 .0697	0.00	23	1	100.0	1
16/05/15	3:19 a	26.7	26.7	26.7	94	25.7	0.0	---	0.00	0.0	---	26.7	31.2	31.2	30.6	753.6	0.00	0.0	0	0.00	0	0.0	0.00	0.0	0.000	0.006	31.2	65	23.8	36.2	11.53	 .0697	0.00	24	1	100.0	1
16/05/15	3:20 a	26.7	26.7	26.7	94	25.7	0.0	---	0.00	0.0	---	26.7	31.2	31.2	30.6	753.6	0.00	0.0	0	0.00	0	0.0	0.00	0.0	0.000	0.006	31.2	65	23.8	36.2	11.53	 .0697	0.00	23	1	100.0	1
16/05/15	3:21 a	26.7	26.7	26.7	94	25.7	0.0	---	0.00	0.0	---	26.7	31.2	31.2	30.6	753.6	0.00	0.0	0	0.00	0	0.0	0.00	0.0	0.000	0.006	31.2	65	23.8	36.2	11.53	 .0697	0.00	23	1	100.0	1
16/05/15	3:22 a	26.7	26.7	26.7	94	25.7	0.0	---	0.00	0.0	---	26.7	31.2	31.2	30.6	753.6	0.00	0.0	0	0.00	0	0.0	0.00	0.0	0.000	0.006	31.2	65	23.8	36.2	11.53	 .0697	0.00	24	1	100.0	1
16/05/15	3:23 a	26.7	26.7	26.7	94	25.7	0.0	SSW	0.00	0.4	SSW	26.7	31.2	31.2	30.6	753.6	0.00	0.0	0	0.00	0	0.0	0.00	0.0	0.000	0.006	31.2	65	23.8	36.2	11.53	 .0697	0.00	23	1	100.0	1
16/05/15	3:24 a	26.7	26.7	26.7	94	25.7	0.0	---	0.00	0.0	---	26.7	31.2	31.2	30.6	753.6	0.00	0.0	0	0.00	0	0.0	0.00	0.0	0.000	0.006	31.2	65	23.8	36.2	11.53	 .0697	0.00	24	1	100.0	1
16/05/15	3:25 a	26.7	26.7	26.7	94	25.7	0.4	SSW	0.03	0.4	SSW	26.7	31.2	31.2	30.6	753.6	0.00	0.0	0	0.00	0	0.0	0.00	0.0	0.000	0.006	31.2	65	23.8	36.2	11.53	 .0697	0.00	23	1	100.0	1
16/05/15	3:26 a	26.7	26.8	26.7	94	25.7	0.4	SSW	0.03	0.9	SSW	26.7	31.2	31.2	30.6	753.6	0.00	0.0	0	0.00	0	0.0	0.00	0.0	0.000	0.006	31.2	65	23.8	36.2	11.53	 .0697	0.00	24	1	100.0	1
16/05/15	3:27 a	26.7	26.8	26.7	94	25.7	0.0	SSW	0.00	0.4	SSW	26.7	31.2	31.2	30.6	753.6	0.00	0.0	0	0.00	0	0.0	0.00	0.0	0.000	0.006	31.2	65	23.8	36.2	11.53	 .0697	0.00	23	1	100.0	1
16/05/15	3:28 a	26.7	26.7	26.7	94	25.7	0.0	SSW	0.00	0.4	SSW	26.7	31.2	31.2	30.6	753.6	0.00	0.0	0	0.00	0	0.0	0.00	0.0	0.000	0.006	31.2	65	23.8	36.2	11.53	 .0697	0.00	23	1	100.0	1
16/05/15	3:29 a	26.8	26.8	26.7	94	25.7	0.0	SSW	0.00	0.4	SSW	26.8	31.3	31.3	30.8	753.5	0.00	0.0	0	0.00	0	0.0	0.00	0.0	0.000	0.006	31.2	65	23.8	36.2	11.53	 .0697	0.00	24	1	100.0	1
16/05/15	3:30 a	26.8	26.8	26.7	94	25.7	0.0	SSW	0.00	0.4	SSW	26.8	31.3	31.3	30.8	753.6	0.00	0.0	0	0.00	0	0.0	0.00	0.0	0.000	0.006	31.2	65	23.8	36.2	11.53	 .0697	0.00	23	1	100.0	1
16/05/15	3:31 a	26.8	26.8	26.7	95	25.9	0.0	SSW	0.00	0.4	SSW	26.8	31.4	31.4	30.9	753.5	0.00	0.0	0	0.00	0	0.0	0.00	0.0	0.000	0.006	31.2	65	23.8	36.2	11.53	 .0697	0.00	24	1	100.0	1
16/05/15	3:32 a	26.8	26.8	26.8	94	25.7	0.0	SSW	0.00	0.9	SSW	26.8	31.3	31.3	30.8	753.5	0.00	0.0	0	0.00	0	0.0	0.00	0.0	0.000	0.006	31.2	65	23.8	36.2	11.53	 .0697	0.00	23	1	100.0	1
16/05/15	3:33 a	26.8	26.8	26.7	94	25.7	0.0	SSW	0.00	0.9	SSW	26.8	31.3	31.3	30.8	753.5	0.00	0.0	0	0.00	0	0.0	0.00	0.0	0.000	0.006	31.2	65	23.8	36.2	11.53	 .0697	0.00	23	1	100.0	1
16/05/15	3:34 a	26.8	26.8	26.7	94	25.7	0.4	SSW	0.03	0.9	SSW	26.8	31.3	31.3	30.8	753.5	0.00	0.0	0	0.00	0	0.0	0.00	0.0	0.000	0.006	31.2	65	23.8	36.2	11.53	 .0697	0.00	24	1	100.0	1
16/05/15	3:35 a	26.8	26.8	26.8	94	25.7	0.4	SSW	0.03	0.9	SSW	26.8	31.3	31.3	30.8	753.4	0.00	0.0	0	0.00	0	0.0	0.00	0.0	0.000	0.006	31.2	65	23.8	36.2	11.53	 .0697	0.00	23	1	100.0	1
16/05/15	3:36 a	26.8	26.8	26.8	94	25.7	0.0	SSW	0.00	0.4	SSW	26.8	31.3	31.3	30.8	753.4	0.00	0.0	0	0.00	0	0.0	0.00	0.0	0.000	0.006	31.2	65	23.8	36.2	11.53	 .0697	0.00	24	1	100.0	1
16/05/15	3:37 a	26.8	26.8	26.7	95	25.9	0.0	SSW	0.00	0.4	SSW	26.8	31.4	31.4	30.9	753.4	0.00	0.0	0	0.00	0	0.0	0.00	0.0	0.000	0.006	31.2	65	23.8	36.2	11.53	 .0697	0.00	23	1	100.0	1
16/05/15	3:38 a	26.8	26.8	26.8	95	25.9	0.0	---	0.00	0.0	---	26.8	31.4	31.4	30.9	753.4	0.00	0.0	0	0.00	0	0.0	0.00	0.0	0.000	0.006	31.2	65	23.8	36.2	11.53	 .0697	0.00	24	1	100.0	1
16/05/15	3:39 a	26.7	26.8	26.7	95	25.9	0.0	SSW	0.00	0.4	SSW	26.7	31.3	31.3	30.8	753.4	0.00	0.0	0	0.00	0	0.0	0.00	0.0	0.000	0.006	31.2	65	23.8	36.2	11.53	 .0697	0.00	23	1	100.0	1
16/05/15	3:40 a	26.8	26.8	26.8	95	25.9	0.0	SSW	0.00	0.4	SSW	26.8	31.4	31.4	30.9	753.4	0.00	0.0	0	0.00	0	0.0	0.00	0.0	0.000	0.006	31.2	65	23.8	36.2	11.53	 .0697	0.00	23	1	100.0	1
16/05/15	3:41 a	26.8	26.8	26.8	95	25.9	0.0	---	0.00	0.0	---	26.8	31.4	31.4	30.9	753.4	0.00	0.0	0	0.00	0	0.0	0.00	0.0	0.000	0.006	31.2	65	23.8	36.2	11.53	 .0697	0.00	24	1	100.0	1
16/05/15	3:42 a	26.8	26.8	26.8	95	25.9	0.0	---	0.00	0.0	---	26.8	31.4	31.4	30.9	753.4	0.00	0.0	0	0.00	0	0.0	0.00	0.0	0.000	0.006	31.2	65	23.8	36.2	11.53	 .0697	0.00	23	1	100.0	1
16/05/15	3:43 a	26.8	26.8	26.8	95	25.9	0.0	---	0.00	0.0	---	26.8	31.4	31.4	30.9	753.4	0.00	0.0	0	0.00	0	0.0	0.00	0.0	0.000	0.006	31.2	65	23.8	36.2	11.53	 .0697	0.00	24	1	100.0	1
16/05/15	3:44 a	26.8	26.8	26.8	95	25.9	0.0	---	0.00	0.0	---	26.8	31.4	31.4	30.9	753.4	0.00	0.0	0	0.00	0	0.0	0.00	0.0	0.000	0.006	31.2	65	23.8	36.2	11.53	 .0697	0.00	23	1	100.0	1
16/05/15	3:45 a	26.8	26.8	26.8	95	25.9	0.0	---	0.00	0.0	---	26.8	31.4	31.4	30.9	753.4	0.00	0.0	0	0.00	0	0.0	0.00	0.0	0.000	0.006	31.2	65	23.8	36.2	11.53	 .0697	0.00	23	1	100.0	1
16/05/15	3:46 a	26.8	26.8	26.8	95	25.9	0.0	---	0.00	0.0	---	26.8	31.4	31.4	30.9	753.3	0.00	0.0	0	0.00	0	0.0	0.00	0.0	0.000	0.006	31.2	65	23.8	36.2	11.53	 .0697	0.00	24	1	100.0	1
16/05/15	3:47 a	26.8	26.8	26.8	95	25.9	0.0	---	0.00	0.0	---	26.8	31.4	31.4	30.9	753.3	0.00	0.0	0	0.00	0	0.0	0.00	0.0	0.000	0.006	31.2	65	23.8	36.2	11.53	 .0697	0.00	23	1	100.0	1
16/05/15	3:48 a	26.8	26.8	26.8	95	25.9	0.0	---	0.00	0.0	---	26.8	31.4	31.4	30.9	753.3	0.00	0.0	0	0.00	0	0.0	0.00	0.0	0.000	0.006	31.2	65	23.8	36.2	11.53	 .0697	0.00	24	1	100.0	1
16/05/15	3:49 a	26.8	26.8	26.8	95	25.9	0.0	---	0.00	0.0	---	26.8	31.4	31.4	30.9	753.3	0.00	0.0	0	0.00	0	0.0	0.00	0.0	0.000	0.006	31.2	65	23.8	36.2	11.53	 .0697	0.00	23	1	100.0	1
16/05/15	3:50 a	26.8	26.8	26.7	95	25.9	0.0	---	0.00	0.0	---	26.8	31.4	31.4	30.9	753.4	0.00	0.0	0	0.00	0	0.0	0.00	0.0	0.000	0.006	31.2	65	23.8	36.2	11.53	 .0697	0.00	24	1	100.0	1
16/05/15	3:51 a	26.8	26.8	26.7	95	25.9	0.0	---	0.00	0.0	---	26.8	31.4	31.4	30.9	753.4	0.00	0.0	0	0.00	0	0.0	0.00	0.0	0.000	0.006	31.2	65	23.8	36.2	11.53	 .0697	0.00	23	1	100.0	1
16/05/15	3:52 a	26.8	26.8	26.8	95	25.9	0.0	---	0.00	0.0	---	26.8	31.4	31.4	30.9	753.4	0.00	0.0	0	0.00	0	0.0	0.00	0.0	0.000	0.006	31.2	65	23.8	36.2	11.53	 .0697	0.00	23	1	100.0	1
16/05/15	3:53 a	26.7	26.8	26.7	95	25.9	0.0	---	0.00	0.0	---	26.7	31.3	31.3	30.8	753.4	0.00	0.0	0	0.00	0	0.0	0.00	0.0	0.000	0.006	31.2	65	23.8	36.2	11.53	 .0697	0.00	24	1	100.0	1
16/05/15	3:54 a	26.8	26.8	26.7	95	25.9	0.0	---	0.00	0.0	---	26.8	31.4	31.4	30.9	753.4	0.00	0.0	0	0.00	0	0.0	0.00	0.0	0.000	0.006	31.1	65	23.8	36.0	11.53	 .0697	0.00	23	1	100.0	1
16/05/15	3:55 a	26.8	26.8	26.8	95	25.9	0.0	---	0.00	0.0	---	26.8	31.4	31.4	30.9	753.4	0.00	0.0	0	0.00	0	0.0	0.00	0.0	0.000	0.006	31.2	65	23.8	36.2	11.53	 .0697	0.00	24	1	100.0	1
16/05/15	3:56 a	26.8	26.8	26.7	95	25.9	0.0	---	0.00	0.0	---	26.8	31.4	31.4	30.9	753.5	0.00	0.0	0	0.00	0	0.0	0.00	0.0	0.000	0.006	31.2	65	23.8	36.2	11.53	 .0697	0.00	23	1	100.0	1
16/05/15	3:57 a	26.8	26.8	26.7	95	25.9	0.0	---	0.00	0.0	---	26.8	31.4	31.4	30.9	753.5	0.00	0.0	0	0.00	0	0.0	0.00	0.0	0.000	0.006	31.1	65	23.8	36.0	11.53	 .0697	0.00	23	1	100.0	1
16/05/15	3:58 a	26.7	26.7	26.7	95	25.9	0.0	---	0.00	0.0	---	26.7	31.3	31.3	30.8	753.5	0.00	0.0	0	0.00	0	0.0	0.00	0.0	0.000	0.006	31.1	65	23.8	36.0	11.53	 .0697	0.00	24	1	100.0	1
16/05/15	3:59 a	26.7	26.7	26.7	95	25.9	0.0	---	0.00	0.0	---	26.7	31.3	31.3	30.8	753.6	0.00	0.0	0	0.00	0	0.0	0.00	0.0	0.000	0.006	31.1	65	23.8	36.0	11.53	 .0698	0.00	23	1	100.0	1
16/05/15	4:00 a	26.7	26.8	26.7	95	25.9	0.0	---	0.00	0.0	---	26.7	31.3	31.3	30.8	753.6	0.00	0.0	0	0.00	0	0.0	0.00	0.0	0.000	0.006	31.1	65	23.8	36.0	11.53	 .0698	0.00	24	1	100.0	1
16/05/15	4:01 a	26.7	26.8	26.7	95	25.9	0.0	---	0.00	0.0	---	26.7	31.3	31.3	30.8	753.6	0.00	0.0	0	0.00	0	0.0	0.00	0.0	0.000	0.006	31.1	65	23.8	36.0	11.53	 .0698	0.00	23	1	100.0	1
16/05/15	4:02 a	26.7	26.8	26.7	95	25.9	0.0	---	0.00	0.0	---	26.7	31.3	31.3	30.8	753.6	0.00	0.0	0	0.00	0	0.0	0.00	0.0	0.000	0.006	31.1	65	23.8	36.0	11.53	 .0698	0.00	24	1	100.0	1
16/05/15	4:03 a	26.7	26.8	26.7	95	25.9	0.0	---	0.00	0.0	---	26.7	31.3	31.3	30.8	753.7	0.00	0.0	0	0.00	0	0.0	0.00	0.0	0.000	0.006	31.2	65	23.8	36.2	11.53	 .0697	0.00	23	1	100.0	1
16/05/15	4:04 a	26.7	26.7	26.7	95	25.9	0.0	---	0.00	0.0	---	26.7	31.3	31.3	30.8	753.7	0.00	0.0	0	0.00	0	0.0	0.00	0.0	0.000	0.006	31.1	65	23.8	36.0	11.53	 .0698	0.00	23	1	100.0	1
16/05/15	4:05 a	26.7	26.8	26.7	95	25.9	0.0	---	0.00	0.0	---	26.7	31.3	31.3	30.8	753.7	0.00	0.0	0	0.00	0	0.0	0.00	0.0	0.000	0.006	31.1	65	23.8	36.0	11.53	 .0698	0.00	24	1	100.0	1
16/05/15	4:06 a	26.7	26.7	26.7	95	25.9	0.0	---	0.00	0.0	---	26.7	31.3	31.3	30.8	753.7	0.00	0.0	0	0.00	0	0.0	0.00	0.0	0.000	0.006	31.1	65	23.8	36.0	11.53	 .0698	0.00	23	1	100.0	1
16/05/15	4:07 a	26.7	26.7	26.7	95	25.9	0.0	---	0.00	0.0	---	26.7	31.3	31.3	30.8	753.7	0.00	0.0	0	0.00	0	0.0	0.00	0.0	0.000	0.006	31.1	65	23.8	36.0	11.53	 .0698	0.00	24	1	100.0	1
16/05/15	4:08 a	26.7	26.7	26.7	95	25.9	0.0	---	0.00	0.0	---	26.7	31.3	31.3	30.8	753.7	0.00	0.0	0	0.00	0	0.0	0.00	0.0	0.000	0.006	31.1	65	23.8	36.0	11.53	 .0698	0.00	23	1	100.0	1
16/05/15	4:09 a	26.7	26.7	26.7	95	25.9	0.0	---	0.00	0.0	---	26.7	31.3	31.3	30.8	753.6	0.00	0.0	0	0.00	0	0.0	0.00	0.0	0.000	0.006	31.1	65	23.8	36.0	11.53	 .0698	0.00	23	1	100.0	1
16/05/15	4:10 a	26.7	26.7	26.7	95	25.9	0.0	---	0.00	0.0	---	26.7	31.3	31.3	30.8	753.6	0.00	0.0	0	0.00	0	0.0	0.00	0.0	0.000	0.006	31.1	65	23.8	36.0	11.53	 .0698	0.00	24	1	100.0	1
16/05/15	4:11 a	26.7	26.7	26.7	95	25.9	0.0	---	0.00	0.0	---	26.7	31.3	31.3	30.8	753.6	0.00	0.0	0	0.00	0	0.0	0.00	0.0	0.000	0.006	31.1	65	23.8	36.0	11.53	 .0698	0.00	23	1	100.0	1
16/05/15	4:12 a	26.7	26.7	26.7	95	25.9	0.0	---	0.00	0.0	---	26.7	31.3	31.3	30.8	753.6	0.00	0.0	0	0.00	0	0.0	0.00	0.0	0.000	0.006	31.1	65	23.8	36.0	11.53	 .0698	0.00	24	1	100.0	1
16/05/15	4:13 a	26.7	26.7	26.7	95	25.9	0.0	---	0.00	0.0	---	26.7	31.3	31.3	30.8	753.6	0.00	0.0	0	0.00	0	0.0	0.00	0.0	0.000	0.006	31.1	65	23.8	36.0	11.53	 .0698	0.00	23	1	100.0	1
16/05/15	4:14 a	26.7	26.7	26.7	95	25.9	0.0	---	0.00	0.0	---	26.7	31.3	31.3	30.8	753.5	0.00	0.0	0	0.00	0	0.0	0.00	0.0	0.000	0.006	31.1	65	23.8	36.0	11.53	 .0697	0.00	24	1	100.0	1
16/05/15	4:15 a	26.7	26.7	26.7	95	25.9	0.0	---	0.00	0.0	---	26.7	31.3	31.3	30.8	753.5	0.00	0.0	0	0.00	0	0.0	0.00	0.0	0.000	0.006	31.1	65	23.8	36.0	11.53	 .0697	0.00	23	1	100.0	1
16/05/15	4:16 a	26.7	26.7	26.7	95	25.9	0.0	---	0.00	0.0	---	26.7	31.3	31.3	30.8	753.5	0.00	0.0	0	0.00	0	0.0	0.00	0.0	0.000	0.006	31.1	65	23.8	36.0	11.53	 .0697	0.00	23	1	100.0	1
16/05/15	4:17 a	26.7	26.7	26.7	95	25.8	0.0	---	0.00	0.0	---	26.7	31.2	31.2	30.6	753.4	0.00	0.0	0	0.00	0	0.0	0.00	0.0	0.000	0.006	31.1	65	23.8	36.0	11.53	 .0697	0.00	24	1	100.0	1
16/05/15	4:18 a	26.7	26.7	26.7	95	25.8	0.0	---	0.00	0.0	---	26.7	31.2	31.2	30.6	753.4	0.00	0.0	0	0.00	0	0.0	0.00	0.0	0.000	0.006	31.1	65	23.8	36.0	11.53	 .0697	0.00	23	1	100.0	1
16/05/15	4:19 a	26.7	26.7	26.7	95	25.9	0.0	---	0.00	0.0	---	26.7	31.3	31.3	30.8	753.4	0.00	0.0	0	0.00	0	0.0	0.00	0.0	0.000	0.006	31.1	65	23.8	36.0	11.53	 .0697	0.00	24	1	100.0	1
16/05/15	4:20 a	26.7	26.7	26.7	95	25.8	0.0	---	0.00	0.0	---	26.7	31.2	31.2	30.6	753.4	0.00	0.0	0	0.00	0	0.0	0.00	0.0	0.000	0.006	31.1	65	23.8	36.0	11.53	 .0697	0.00	23	1	100.0	1
16/05/15	4:21 a	26.7	26.7	26.7	95	25.8	0.0	---	0.00	0.0	---	26.7	31.2	31.2	30.6	753.4	0.00	0.0	0	0.00	0	0.0	0.00	0.0	0.000	0.006	31.1	65	23.8	36.0	11.53	 .0697	0.00	23	1	100.0	1
16/05/15	4:22 a	26.7	26.7	26.7	95	25.8	0.0	---	0.00	0.0	---	26.7	31.2	31.2	30.6	753.4	0.00	0.0	0	0.00	0	0.0	0.00	0.0	0.000	0.006	31.1	65	23.8	36.0	11.53	 .0697	0.00	24	1	100.0	1
16/05/15	4:23 a	26.7	26.7	26.7	95	25.8	0.0	---	0.00	0.0	---	26.7	31.2	31.2	30.6	753.4	0.00	0.0	0	0.00	0	0.0	0.00	0.0	0.000	0.006	31.1	65	23.8	36.0	11.53	 .0697	0.00	23	1	100.0	1
16/05/15	4:24 a	26.7	26.7	26.7	95	25.8	0.0	---	0.00	0.0	---	26.7	31.2	31.2	30.6	753.4	0.00	0.0	0	0.00	0	0.0	0.00	0.0	0.000	0.006	31.1	65	23.8	36.0	11.53	 .0697	0.00	24	1	100.0	1
16/05/15	4:25 a	26.7	26.7	26.7	95	25.8	0.4	SSW	0.03	0.9	SSW	26.7	31.2	31.2	30.6	753.3	0.00	0.0	0	0.00	0	0.0	0.00	0.0	0.000	0.006	31.1	65	23.8	36.0	11.53	 .0697	0.00	23	1	100.0	1
16/05/15	4:26 a	26.7	26.7	26.7	95	25.8	0.4	SSW	0.03	0.9	SSW	26.7	31.2	31.2	30.6	753.4	0.00	0.0	0	0.00	0	0.0	0.00	0.0	0.000	0.006	31.1	65	23.8	36.0	11.53	 .0697	0.00	23	1	100.0	1
16/05/15	4:27 a	26.7	26.7	26.7	95	25.8	0.4	SSW	0.03	0.9	SSW	26.7	31.2	31.2	30.6	753.4	0.00	0.0	0	0.00	0	0.0	0.00	0.0	0.000	0.006	31.1	65	23.8	36.0	11.53	 .0697	0.00	24	1	100.0	1
16/05/15	4:28 a	26.7	26.7	26.7	95	25.8	0.9	SSW	0.05	0.9	SSW	26.7	31.2	31.2	30.6	753.4	0.00	0.0	0	0.00	0	0.0	0.00	0.0	0.000	0.006	31.1	65	23.7	35.9	11.53	 .0698	0.00	23	1	100.0	1
16/05/15	4:29 a	26.7	26.7	26.7	95	25.8	0.4	SSW	0.03	0.9	SSW	26.7	31.2	31.2	30.6	753.4	0.00	0.0	0	0.00	0	0.0	0.00	0.0	0.000	0.006	31.1	65	23.8	36.0	11.53	 .0697	0.00	24	1	100.0	1
16/05/15	4:30 a	26.7	26.7	26.7	95	25.8	0.4	SSW	0.03	0.9	SSW	26.7	31.2	31.2	30.6	753.4	0.00	0.0	0	0.00	0	0.0	0.00	0.0	0.000	0.006	31.1	65	23.8	36.0	11.53	 .0697	0.00	23	1	100.0	1
16/05/15	4:31 a	26.7	26.7	26.7	95	25.8	0.4	SSW	0.03	0.9	SSW	26.7	31.2	31.2	30.6	753.4	0.00	0.0	0	0.00	0	0.0	0.00	0.0	0.000	0.006	31.1	65	23.8	36.0	11.53	 .0697	0.00	24	1	100.0	1
16/05/15	4:32 a	26.7	26.7	26.7	95	25.8	0.0	SSW	0.00	0.9	SSW	26.7	31.2	31.2	30.6	753.4	0.00	0.0	0	0.00	0	0.0	0.00	0.0	0.000	0.006	31.1	65	23.8	36.0	11.53	 .0697	0.00	23	1	100.0	1
16/05/15	4:33 a	26.7	26.7	26.7	95	25.8	0.0	SSW	0.00	0.4	SSW	26.7	31.2	31.2	30.6	753.5	0.00	0.0	0	0.00	0	0.0	0.00	0.0	0.000	0.006	31.1	65	23.8	36.0	11.53	 .0697	0.00	23	1	100.0	1
16/05/15	4:34 a	26.7	26.7	26.7	95	25.8	0.0	---	0.00	0.0	---	26.7	31.2	31.2	30.6	753.5	0.00	0.0	0	0.00	0	0.0	0.00	0.0	0.000	0.006	31.1	65	23.8	36.0	11.53	 .0697	0.00	24	1	100.0	1
16/05/15	4:35 a	26.7	26.7	26.7	95	25.8	0.0	---	0.00	0.0	---	26.7	31.2	31.2	30.6	753.5	0.00	0.0	0	0.00	0	0.0	0.00	0.0	0.000	0.006	31.1	65	23.8	36.0	11.53	 .0697	0.00	23	1	100.0	1
16/05/15	4:36 a	26.7	26.7	26.7	95	25.8	0.0	---	0.00	0.0	---	26.7	31.2	31.2	30.6	753.5	0.00	0.0	0	0.00	0	0.0	0.00	0.0	0.000	0.006	31.1	65	23.8	36.0	11.53	 .0697	0.00	24	1	100.0	1
16/05/15	4:37 a	26.7	26.7	26.7	95	25.8	0.0	---	0.00	0.0	---	26.7	31.2	31.2	30.6	753.5	0.00	0.0	0	0.00	0	0.0	0.00	0.0	0.000	0.006	31.1	65	23.8	36.0	11.53	 .0697	0.00	23	1	100.0	1
16/05/15	4:38 a	26.7	26.7	26.7	95	25.8	0.0	---	0.00	0.0	---	26.7	31.2	31.2	30.6	753.5	0.00	0.0	0	0.00	0	0.0	0.00	0.0	0.000	0.006	31.1	65	23.8	36.0	11.53	 .0697	0.00	23	1	100.0	1
16/05/15	4:39 a	26.7	26.7	26.7	95	25.8	0.0	---	0.00	0.0	---	26.7	31.2	31.2	30.6	753.5	0.00	0.0	0	0.00	0	0.0	0.00	0.0	0.000	0.006	31.1	65	23.8	36.0	11.53	 .0697	0.00	24	1	100.0	1
16/05/15	4:40 a	26.7	26.7	26.7	95	25.8	0.0	---	0.00	0.0	---	26.7	31.2	31.2	30.6	753.5	0.00	0.0	0	0.00	0	0.0	0.00	0.0	0.000	0.006	31.1	65	23.8	36.0	11.53	 .0697	0.00	23	1	100.0	1
16/05/15	4:41 a	26.7	26.7	26.7	95	25.8	0.0	---	0.00	0.0	---	26.7	31.2	31.2	30.6	753.6	0.00	0.0	0	0.00	0	0.0	0.00	0.0	0.000	0.006	31.1	65	23.8	36.0	11.53	 .0698	0.00	24	1	100.0	1
16/05/15	4:42 a	26.7	26.7	26.7	95	25.8	0.0	---	0.00	0.0	---	26.7	31.2	31.2	30.6	753.6	0.00	0.0	0	0.00	0	0.0	0.00	0.0	0.000	0.006	31.1	65	23.8	36.0	11.53	 .0698	0.00	23	1	100.0	1
16/05/15	4:43 a	26.7	26.7	26.7	95	25.8	0.0	---	0.00	0.0	---	26.7	31.2	31.2	30.6	753.6	0.00	0.0	0	0.00	0	0.0	0.00	0.0	0.000	0.006	31.1	65	23.8	36.0	11.53	 .0698	0.00	24	1	100.0	1
16/05/15	4:44 a	26.7	26.7	26.7	95	25.8	0.0	---	0.00	0.0	---	26.7	31.2	31.2	30.6	753.6	0.00	0.0	0	0.00	0	0.0	0.00	0.0	0.000	0.006	31.1	65	23.8	36.0	11.53	 .0698	0.00	23	1	100.0	1
16/05/15	4:45 a	26.7	26.7	26.7	95	25.8	0.0	---	0.00	0.0	---	26.7	31.2	31.2	30.6	753.6	0.00	0.0	0	0.00	0	0.0	0.00	0.0	0.000	0.006	31.1	65	23.8	36.0	11.53	 .0698	0.00	23	1	100.0	1
16/05/15	4:46 a	26.7	26.7	26.7	95	25.8	0.0	---	0.00	0.0	---	26.7	31.2	31.2	30.6	753.6	0.00	0.0	0	0.00	0	0.0	0.00	0.0	0.000	0.006	31.1	65	23.8	36.0	11.53	 .0698	0.00	24	1	100.0	1
16/05/15	4:47 a	26.7	26.7	26.7	95	25.8	0.0	---	0.00	0.0	---	26.7	31.2	31.2	30.6	753.6	0.00	0.0	0	0.00	0	0.0	0.00	0.0	0.000	0.006	31.1	65	23.8	36.0	11.53	 .0698	0.00	23	1	100.0	1
16/05/15	4:48 a	26.7	26.7	26.7	95	25.8	0.0	---	0.00	0.0	---	26.7	31.2	31.2	30.6	753.6	0.00	0.0	0	0.00	0	0.0	0.00	0.0	0.000	0.006	31.1	65	23.8	36.0	11.53	 .0698	0.00	24	1	100.0	1
16/05/15	4:49 a	26.7	26.7	26.7	95	25.8	0.0	---	0.00	0.0	---	26.7	31.2	31.2	30.6	753.6	0.00	0.0	0	0.00	0	0.0	0.00	0.0	0.000	0.006	31.1	65	23.8	36.0	11.53	 .0698	0.00	23	1	100.0	1
16/05/15	4:50 a	26.7	26.7	26.7	95	25.8	0.0	---	0.00	0.0	---	26.7	31.2	31.2	30.6	753.6	0.00	0.0	0	0.00	0	0.0	0.00	0.0	0.000	0.006	31.1	65	23.8	36.0	11.53	 .0698	0.00	23	1	100.0	1
16/05/15	4:51 a	26.7	26.7	26.7	95	25.8	0.0	---	0.00	0.0	---	26.7	31.2	31.2	30.6	753.6	0.00	0.0	0	0.00	0	0.0	0.00	0.0	0.000	0.006	31.1	65	23.8	36.0	11.53	 .0698	0.00	24	1	100.0	1
16/05/15	4:52 a	26.7	26.7	26.7	95	25.8	0.0	---	0.00	0.0	---	26.7	31.2	31.2	30.6	753.6	0.00	0.0	0	0.00	0	0.0	0.00	0.0	0.000	0.006	31.1	65	23.7	35.9	11.53	 .0698	0.00	23	1	100.0	1
16/05/15	4:53 a	26.7	26.7	26.7	95	25.8	0.0	---	0.00	0.0	---	26.7	31.2	31.2	30.6	753.6	0.00	0.0	0	0.00	0	0.0	0.00	0.0	0.000	0.006	31.1	65	23.7	35.9	11.53	 .0698	0.00	24	1	100.0	1
16/05/15	4:54 a	26.7	26.7	26.7	95	25.8	0.0	---	0.00	0.0	---	26.7	31.2	31.2	30.6	753.6	0.00	0.0	0	0.00	0	0.0	0.00	0.0	0.000	0.006	31.1	65	23.7	35.9	11.53	 .0698	0.00	23	1	100.0	1
16/05/15	4:55 a	26.7	26.7	26.7	95	25.8	0.0	---	0.00	0.0	---	26.7	31.2	31.2	30.6	753.6	0.00	0.0	0	0.00	0	0.0	0.00	0.0	0.000	0.006	31.1	65	23.7	35.9	11.53	 .0698	0.00	24	1	100.0	1
16/05/15	4:56 a	26.7	26.7	26.7	95	25.8	0.0	---	0.00	0.0	---	26.7	31.2	31.2	30.6	753.6	0.00	0.0	0	0.00	0	0.0	0.00	0.0	0.000	0.006	31.1	65	23.7	35.9	11.53	 .0698	0.00	23	1	100.0	1
16/05/15	4:57 a	26.7	26.7	26.7	95	25.8	0.0	---	0.00	0.0	---	26.7	31.2	31.2	30.6	753.6	0.00	0.0	0	0.00	0	0.0	0.00	0.0	0.000	0.006	31.1	65	23.7	35.9	11.53	 .0698	0.00	23	1	100.0	1
16/05/15	4:58 a	26.7	26.7	26.7	95	25.8	0.0	---	0.00	0.0	---	26.7	31.2	31.2	30.6	753.6	0.00	0.0	0	0.00	0	0.0	0.00	0.0	0.000	0.006	31.1	65	23.7	35.9	11.53	 .0698	0.00	24	1	100.0	1
16/05/15	4:59 a	26.7	26.7	26.7	95	25.8	0.0	SSW	0.00	0.9	SSW	26.7	31.2	31.2	30.6	753.6	0.00	0.0	0	0.00	0	0.0	0.00	0.0	0.000	0.006	31.1	65	23.7	35.9	11.53	 .0698	0.00	23	1	100.0	1
16/05/15	5:00 a	26.7	26.7	26.7	95	25.8	0.4	SSW	0.03	0.9	SSW	26.7	31.2	31.2	30.6	753.6	0.00	0.0	0	0.00	0	0.0	0.00	0.0	0.000	0.006	31.1	65	23.7	35.9	11.53	 .0698	0.00	24	1	100.0	1
16/05/15	5:01 a	26.7	26.7	26.7	95	25.9	0.4	SSW	0.03	0.9	SSW	26.7	31.3	31.3	30.8	753.6	0.00	0.0	0	0.00	0	0.0	0.00	0.0	0.000	0.006	31.1	65	23.7	35.9	11.53	 .0698	0.00	23	1	100.0	1
16/05/15	5:02 a	26.7	26.7	26.7	95	25.9	0.4	SSW	0.03	0.9	SSW	26.7	31.3	31.3	30.8	753.6	0.00	0.0	0	0.00	0	0.0	0.00	0.0	0.000	0.006	31.1	65	23.7	35.9	11.53	 .0698	0.00	23	1	100.0	1
16/05/15	5:03 a	26.7	26.7	26.7	95	25.9	0.4	SSW	0.03	0.9	SSW	26.7	31.3	31.3	30.8	753.6	0.00	0.0	0	0.00	0	0.0	0.00	0.0	0.000	0.006	31.1	65	23.7	35.9	11.53	 .0698	0.00	24	1	100.0	1
16/05/15	5:04 a	26.7	26.7	26.7	95	25.9	0.4	SSW	0.03	0.9	SSW	26.7	31.3	31.3	30.8	753.6	0.00	0.0	0	0.00	0	0.0	0.00	0.0	0.000	0.006	31.1	65	23.7	35.9	11.53	 .0698	0.00	23	1	100.0	1
16/05/15	5:05 a	26.7	26.7	26.7	95	25.9	0.9	S	0.05	1.8	S	26.7	31.3	31.3	30.8	753.6	0.00	0.0	0	0.00	0	0.0	0.00	0.0	0.000	0.006	31.1	65	23.7	35.9	11.53	 .0698	0.00	24	1	100.0	1
16/05/15	5:06 a	26.7	26.7	26.7	95	25.9	0.9	S	0.05	1.8	S	26.7	31.3	31.3	30.8	753.6	0.00	0.0	0	0.00	0	0.0	0.00	0.0	0.000	0.006	31.1	65	23.7	35.9	11.53	 .0698	0.00	23	1	100.0	1
16/05/15	5:07 a	26.7	26.7	26.7	95	25.9	0.9	S	0.05	0.9	S	26.7	31.3	31.3	30.8	753.6	0.00	0.0	0	0.00	0	0.0	0.00	0.0	0.000	0.006	31.1	65	23.7	35.9	11.53	 .0698	0.00	24	1	100.0	1
16/05/15	5:08 a	26.7	26.7	26.7	95	25.8	0.4	S	0.03	0.9	S	26.7	31.2	31.2	30.6	753.7	0.00	0.0	0	0.00	0	0.0	0.00	0.0	0.000	0.006	31.1	65	23.7	35.9	11.53	 .0698	0.00	23	1	100.0	1
16/05/15	5:09 a	26.7	26.7	26.7	95	25.8	0.4	S	0.03	0.9	S	26.7	31.2	31.2	30.6	753.6	0.00	0.0	0	0.00	0	0.0	0.00	0.0	0.000	0.006	31.1	65	23.8	36.0	11.53	 .0698	0.00	23	1	100.0	1
16/05/15	5:10 a	26.7	26.7	26.7	95	25.8	0.0	S	0.00	0.4	S	26.7	31.2	31.2	30.6	753.6	0.00	0.0	0	0.00	0	0.0	0.00	0.0	0.000	0.006	31.1	65	23.7	35.9	11.53	 .0698	0.00	24	1	100.0	1
16/05/15	5:11 a	26.7	26.7	26.7	95	25.8	0.4	S	0.03	1.8	S	26.7	31.2	31.2	30.6	753.6	0.00	0.0	0	0.00	0	0.0	0.00	0.0	0.000	0.006	31.1	65	23.7	35.9	11.53	 .0698	0.00	23	1	100.0	1
16/05/15	5:12 a	26.7	26.7	26.7	95	25.8	0.4	S	0.03	0.9	S	26.7	31.2	31.2	30.6	753.6	0.00	0.0	0	0.00	0	0.0	0.00	0.0	0.000	0.006	31.1	65	23.7	35.9	11.53	 .0698	0.00	24	1	100.0	1
16/05/15	5:13 a	26.7	26.7	26.7	95	25.8	0.4	S	0.03	0.9	S	26.7	31.2	31.2	30.6	753.6	0.00	0.0	0	0.00	0	0.0	0.00	0.0	0.000	0.006	31.1	65	23.7	35.9	11.53	 .0698	0.00	23	1	100.0	1
16/05/15	5:14 a	26.7	26.7	26.7	95	25.8	0.4	S	0.03	0.9	S	26.7	31.2	31.2	30.6	753.6	0.00	0.0	0	0.00	0	0.0	0.00	0.0	0.000	0.006	31.1	65	23.7	35.9	11.53	 .0698	0.00	23	1	100.0	1
16/05/15	5:15 a	26.7	26.7	26.7	95	25.8	0.4	S	0.03	0.9	S	26.7	31.2	31.2	30.6	753.6	0.00	0.0	0	0.00	0	0.0	0.00	0.0	0.000	0.006	31.1	65	23.7	35.9	11.53	 .0698	0.00	24	1	100.0	1
16/05/15	5:16 a	26.7	26.7	26.7	95	25.8	0.0	S	0.00	0.4	S	26.7	31.2	31.2	30.6	753.6	0.00	0.0	0	0.00	0	0.0	0.00	0.0	0.000	0.006	31.1	65	23.7	35.9	11.53	 .0698	0.00	23	1	100.0	1
16/05/15	5:17 a	26.7	26.7	26.7	95	25.8	0.0	S	0.00	0.4	S	26.7	31.2	31.2	30.6	753.6	0.00	0.0	0	0.00	0	0.0	0.00	0.0	0.000	0.006	31.1	65	23.7	35.9	11.53	 .0698	0.00	24	1	100.0	1
16/05/15	5:18 a	26.7	26.7	26.7	95	25.8	0.0	S	0.00	0.4	S	26.7	31.2	31.2	30.6	753.6	0.00	0.0	0	0.00	0	0.0	0.00	0.0	0.000	0.006	31.1	65	23.7	35.9	11.53	 .0698	0.00	23	1	100.0	1
16/05/15	5:19 a	26.7	26.7	26.7	95	25.8	0.0	S	0.00	0.4	S	26.7	31.2	31.2	30.6	753.6	0.00	0.0	0	0.00	0	0.0	0.00	0.0	0.000	0.006	31.1	65	23.7	35.9	11.53	 .0698	0.00	23	1	100.0	1
16/05/15	5:20 a	26.7	26.7	26.7	95	25.8	0.0	---	0.00	0.0	---	26.7	31.2	31.2	30.6	753.6	0.00	0.0	0	0.00	0	0.0	0.00	0.0	0.000	0.006	31.1	65	23.7	35.9	11.53	 .0698	0.00	24	1	100.0	1
16/05/15	5:21 a	26.7	26.7	26.7	95	25.8	0.0	---	0.00	0.0	---	26.7	31.2	31.2	30.6	753.6	0.00	0.0	0	0.00	0	0.0	0.00	0.0	0.000	0.006	31.1	65	23.7	35.9	11.53	 .0698	0.00	23	1	100.0	1
16/05/15	5:22 a	26.7	26.7	26.7	95	25.8	0.0	---	0.00	0.0	---	26.7	31.2	31.2	30.6	753.5	0.00	0.0	0	0.00	0	0.0	0.00	0.0	0.000	0.006	31.1	65	23.7	35.9	11.53	 .0698	0.00	24	1	100.0	1
16/05/15	5:23 a	26.7	26.7	26.7	95	25.8	0.0	---	0.00	0.0	---	26.7	31.2	31.2	30.6	753.5	0.00	0.0	0	0.00	0	0.0	0.00	0.0	0.000	0.006	31.1	65	23.7	35.9	11.53	 .0698	0.00	23	1	100.0	1
16/05/15	5:24 a	26.6	26.7	26.6	95	25.7	0.0	---	0.00	0.0	---	26.6	31.1	31.1	30.5	753.4	0.00	0.0	0	0.00	0	0.0	0.00	0.0	0.000	0.006	31.1	65	23.7	35.9	11.53	 .0698	0.00	24	1	100.0	1
16/05/15	5:25 a	26.7	26.7	26.6	95	25.8	0.0	---	0.00	0.0	---	26.7	31.2	31.2	30.6	753.4	0.00	0.0	0	0.00	0	0.0	0.00	0.0	0.000	0.006	31.1	65	23.7	35.9	11.53	 .0698	0.00	23	1	100.0	1
16/05/15	5:26 a	26.7	26.7	26.6	95	25.8	0.0	---	0.00	0.0	---	26.7	31.2	31.2	30.6	753.4	0.00	0.0	0	0.00	0	0.0	0.00	0.0	0.000	0.006	31.1	65	23.7	35.9	11.53	 .0698	0.00	23	1	100.0	1
16/05/15	5:27 a	26.6	26.7	26.6	95	25.7	0.0	S	0.00	0.4	S	26.6	31.1	31.1	30.5	753.4	0.00	0.0	0	0.00	0	0.0	0.00	0.0	0.000	0.006	31.1	65	23.7	35.9	11.53	 .0698	0.00	24	1	100.0	1
16/05/15	5:28 a	26.6	26.6	26.6	95	25.7	0.0	---	0.00	0.0	---	26.6	31.1	31.1	30.5	753.5	0.00	0.0	0	0.00	0	0.0	0.00	0.0	0.000	0.006	31.1	65	23.7	35.9	11.53	 .0698	0.00	23	1	100.0	1
16/05/15	5:29 a	26.6	26.6	26.6	95	25.7	0.4	S	0.03	0.9	S	26.6	31.1	31.1	30.5	753.4	0.00	0.0	0	0.00	0	0.0	0.00	0.0	0.000	0.006	31.1	65	23.7	35.9	11.53	 .0698	0.00	24	1	100.0	1
16/05/15	5:30 a	26.6	26.6	26.6	95	25.7	0.4	S	0.03	0.4	S	26.6	31.1	31.1	30.5	753.5	0.00	0.0	0	0.00	0	0.0	0.00	0.0	0.000	0.006	31.1	65	23.7	35.9	11.53	 .0698	0.00	23	1	100.0	1
16/05/15	5:31 a	26.6	26.7	26.6	95	25.7	0.4	S	0.03	0.4	S	26.6	31.1	31.1	30.5	753.5	0.00	0.0	0	0.00	0	0.0	0.00	0.0	0.000	0.006	31.1	65	23.7	35.9	11.53	 .0698	0.00	24	1	100.0	1
16/05/15	5:32 a	26.6	26.6	26.6	95	25.7	0.4	S	0.03	0.9	S	26.6	31.1	31.1	30.5	753.5	0.00	0.0	0	0.00	0	0.0	0.00	0.0	0.000	0.006	31.1	65	23.7	35.9	11.53	 .0698	0.00	23	1	100.0	1
16/05/15	5:33 a	26.6	26.7	26.6	95	25.7	0.9	S	0.05	1.3	S	26.6	31.1	31.1	30.5	753.6	0.00	0.0	0	0.00	0	0.0	0.00	0.0	0.000	0.006	31.1	65	23.7	35.9	11.53	 .0698	0.00	23	1	100.0	1
16/05/15	5:34 a	26.6	26.6	26.6	95	25.7	0.4	S	0.03	1.3	S	26.6	31.1	31.1	30.5	753.6	0.00	0.0	0	0.00	0	0.0	0.00	0.0	0.000	0.006	31.1	65	23.7	35.9	11.53	 .0698	0.00	24	1	100.0	1
16/05/15	5:35 a	26.6	26.6	26.6	95	25.7	0.9	S	0.05	1.3	S	26.6	31.1	31.1	30.5	753.6	0.00	0.0	0	0.00	0	0.0	0.00	0.0	0.000	0.006	31.1	65	23.7	35.9	11.53	 .0698	0.00	23	1	100.0	1
16/05/15	5:36 a	26.7	26.7	26.6	95	25.8	0.4	S	0.03	1.3	S	26.7	31.2	31.2	30.6	753.6	0.00	0.0	0	0.00	0	0.0	0.00	0.0	0.000	0.006	31.1	65	23.7	35.9	11.53	 .0698	0.00	24	1	100.0	1
16/05/15	5:37 a	26.6	26.6	26.6	95	25.7	0.4	S	0.03	0.9	S	26.6	31.1	31.1	30.5	753.6	0.00	0.0	0	0.00	0	0.0	0.00	0.0	0.000	0.006	31.1	65	23.7	35.9	11.53	 .0698	0.00	23	1	100.0	1
16/05/15	5:38 a	26.6	26.6	26.6	95	25.7	0.4	S	0.03	0.9	S	26.6	31.1	31.1	30.5	753.6	0.00	0.0	0	0.00	0	0.0	0.00	0.0	0.000	0.006	31.1	65	23.7	35.9	11.53	 .0698	0.00	23	1	100.0	1
16/05/15	5:39 a	26.6	26.7	26.6	95	25.7	0.0	S	0.00	0.9	S	26.6	31.1	31.1	30.5	753.6	0.00	0.0	0	0.00	0	0.0	0.00	0.0	0.000	0.006	31.1	65	23.7	35.9	11.53	 .0698	0.00	24	1	100.0	1
16/05/15	5:40 a	26.7	26.7	26.6	95	25.8	0.0	S	0.00	0.4	S	26.7	31.2	31.2	30.6	753.6	0.00	0.0	0	0.00	0	0.0	0.00	0.0	0.000	0.006	31.1	65	23.7	35.9	11.53	 .0698	0.00	23	1	100.0	1
16/05/15	5:41 a	26.6	26.7	26.6	95	25.7	0.4	S	0.03	0.9	S	26.6	31.1	31.1	30.5	753.6	0.00	0.0	0	0.00	0	0.0	0.00	0.0	0.000	0.006	31.1	65	23.7	35.9	11.53	 .0698	0.00	24	1	100.0	1
16/05/15	5:42 a	26.7	26.7	26.6	95	25.8	0.0	S	0.00	0.4	S	26.7	31.2	31.2	30.6	753.6	0.00	0.0	0	0.00	0	0.0	0.00	0.0	0.000	0.006	31.1	65	23.7	35.9	11.53	 .0698	0.00	23	1	100.0	1
16/05/15	5:43 a	26.6	26.7	26.6	95	25.7	0.4	S	0.03	0.4	S	26.6	31.1	31.1	30.5	753.7	0.00	0.0	0	0.00	0	0.0	0.00	0.0	0.000	0.006	31.1	65	23.7	35.9	11.53	 .0698	0.00	23	1	100.0	1
16/05/15	5:44 a	26.6	26.7	26.6	95	25.7	0.4	S	0.03	1.8	S	26.6	31.1	31.1	30.5	753.7	0.00	0.0	0	0.00	0	0.0	0.00	0.0	0.000	0.006	31.1	65	23.7	35.9	11.53	 .0698	0.00	24	1	100.0	1
16/05/15	5:45 a	26.7	26.7	26.7	95	25.8	0.0	S	0.00	0.4	S	26.7	31.2	31.2	30.6	753.7	0.00	0.0	0	0.00	0	0.0	0.00	0.0	0.000	0.006	31.1	65	23.7	35.9	11.53	 .0698	0.00	23	1	100.0	1
16/05/15	5:46 a	26.7	26.7	26.7	95	25.8	0.0	S	0.00	0.4	S	26.7	31.2	31.2	30.6	753.7	0.00	0.0	0	0.00	0	0.0	0.00	0.0	0.000	0.006	31.1	65	23.7	35.9	11.53	 .0698	0.00	24	1	100.0	1
16/05/15	5:47 a	26.7	26.7	26.7	95	25.8	0.4	S	0.03	0.9	S	26.7	31.2	31.2	30.6	753.7	0.00	0.0	0	0.00	0	0.0	0.00	0.0	0.000	0.006	31.1	65	23.7	35.9	11.53	 .0698	0.00	23	1	100.0	1
16/05/15	5:48 a	26.7	26.7	26.7	95	25.8	0.0	S	0.00	0.4	S	26.7	31.2	31.2	30.6	753.8	0.00	0.0	0	0.00	0	0.0	0.00	0.0	0.000	0.006	31.1	65	23.7	35.9	11.53	 .0698	0.00	24	1	100.0	1
16/05/15	5:49 a	26.7	26.7	26.7	95	25.8	0.0	---	0.00	0.0	---	26.7	31.2	31.2	30.6	753.8	0.00	0.0	0	0.00	0	0.0	0.00	0.0	0.000	0.006	31.1	65	23.7	35.9	11.53	 .0698	0.00	23	1	100.0	1
16/05/15	5:50 a	26.7	26.7	26.7	95	25.8	0.4	S	0.03	0.4	S	26.7	31.2	31.2	30.6	753.8	0.00	0.0	0	0.00	0	0.0	0.00	0.0	0.000	0.006	31.1	65	23.7	35.9	11.53	 .0698	0.00	23	1	100.0	1
16/05/15	5:51 a	26.7	26.7	26.7	95	25.8	0.4	S	0.03	0.9	S	26.7	31.2	31.2	30.6	753.8	0.00	0.0	0	0.00	0	0.0	0.00	0.0	0.000	0.006	31.1	65	23.7	35.9	11.53	 .0698	0.00	24	1	100.0	1
16/05/15	5:52 a	26.7	26.7	26.7	95	25.8	0.4	S	0.03	0.9	S	26.7	31.2	31.2	30.6	753.8	0.00	0.0	0	0.00	0	0.0	0.00	0.0	0.000	0.006	31.1	65	23.7	35.9	11.53	 .0698	0.00	23	1	100.0	1
16/05/15	5:53 a	26.7	26.7	26.6	95	25.8	0.4	S	0.03	0.9	S	26.7	31.2	31.2	30.6	753.9	0.00	0.0	0	0.00	0	0.0	0.00	0.0	0.000	0.006	31.1	65	23.7	35.9	11.53	 .0698	0.00	24	1	100.0	1
16/05/15	5:54 a	26.7	26.7	26.7	95	25.8	0.4	S	0.03	0.9	S	26.7	31.2	31.2	30.6	753.9	0.00	0.0	0	0.00	0	0.0	0.00	0.0	0.000	0.006	31.1	65	23.7	35.9	11.53	 .0698	0.00	23	1	100.0	1
16/05/15	5:55 a	26.6	26.7	26.6	95	25.7	0.0	S	0.00	0.4	S	26.6	31.1	31.1	30.5	754.0	0.00	0.0	0	0.00	0	0.0	0.00	0.0	0.000	0.006	31.1	65	23.7	35.9	11.53	 .0698	0.00	23	1	100.0	1
16/05/15	5:56 a	26.7	26.7	26.6	95	25.8	0.0	S	0.00	0.9	S	26.7	31.2	31.2	30.6	754.0	0.00	0.0	0	0.00	0	0.0	0.00	0.0	0.000	0.006	31.1	65	23.7	35.9	11.53	 .0698	0.00	24	1	100.0	1
16/05/15	5:57 a	26.6	26.7	26.6	95	25.7	0.4	S	0.03	0.9	S	26.6	31.1	31.1	30.5	754.1	0.00	0.0	0	0.00	0	0.0	0.00	0.0	0.000	0.006	31.1	65	23.7	35.9	11.53	 .0698	0.00	23	1	100.0	1
16/05/15	5:58 a	26.7	26.7	26.6	95	25.8	0.4	S	0.03	0.9	S	26.7	31.2	31.2	30.6	754.1	0.00	0.0	0	0.00	0	0.0	0.00	0.0	0.000	0.006	31.1	65	23.7	35.9	11.53	 .0698	0.00	24	1	100.0	1
16/05/15	5:59 a	26.6	26.7	26.6	95	25.7	0.4	S	0.03	0.9	S	26.6	31.1	31.1	30.5	754.2	0.00	0.0	0	0.00	0	0.0	0.00	0.0	0.000	0.006	31.0	65	23.6	35.9	11.54	 .0698	0.00	23	1	100.0	1
16/05/15	6:00 a	26.7	26.7	26.6	95	25.8	0.4	S	0.03	0.9	S	26.7	31.2	31.2	30.6	754.2	0.00	0.0	0	0.00	0	0.0	0.00	0.0	0.000	0.006	31.1	66	24.0	36.2	11.73	 .0698	0.00	24	1	100.0	1
16/05/15	6:01 a	26.7	26.7	26.6	95	25.8	0.9	S	0.05	1.8	S	26.7	31.2	31.2	30.6	754.2	0.00	0.0	0	0.00	0	0.0	0.00	0.0	0.000	0.006	31.1	66	24.0	36.2	11.73	 .0698	0.00	23	1	100.0	1
16/05/15	6:02 a	26.7	26.7	26.7	95	25.8	0.4	S	0.03	0.9	S	26.7	31.2	31.2	30.6	754.2	0.00	0.0	0	0.00	0	0.0	0.00	0.0	0.000	0.006	31.1	66	24.0	36.2	11.73	 .0698	0.00	23	1	100.0	1
16/05/15	6:03 a	26.7	26.7	26.7	95	25.8	0.4	S	0.03	0.9	S	26.7	31.2	31.2	30.6	754.2	0.00	0.0	0	0.00	0	0.0	0.00	0.0	0.000	0.006	31.1	66	24.0	36.2	11.73	 .0698	0.00	24	1	100.0	1
16/05/15	6:04 a	26.7	26.7	26.6	95	25.8	0.0	S	0.00	0.4	S	26.7	31.2	31.2	30.6	754.2	0.00	0.0	0	0.00	0	0.0	0.00	0.0	0.000	0.006	31.1	66	24.0	36.2	11.73	 .0698	0.00	23	1	100.0	1
16/05/15	6:05 a	26.7	26.7	26.7	95	25.8	0.0	S	0.00	0.4	S	26.7	31.2	31.2	30.6	754.2	0.00	0.0	0	0.00	0	0.0	0.00	0.0	0.000	0.006	31.1	66	24.0	36.2	11.73	 .0698	0.00	24	1	100.0	1
16/05/15	6:06 a	26.6	26.7	26.6	95	25.7	0.0	---	0.00	0.0	---	26.6	31.1	31.1	30.5	754.2	0.00	0.0	0	0.00	0	0.0	0.00	0.0	0.000	0.006	31.1	66	24.0	36.2	11.73	 .0698	0.00	23	1	100.0	1
16/05/15	6:07 a	26.7	26.7	26.6	95	25.8	0.0	---	0.00	0.0	---	26.7	31.2	31.2	30.6	754.2	0.00	0.0	0	0.00	0	0.0	0.00	0.0	0.000	0.006	31.1	66	24.0	36.2	11.73	 .0698	0.00	23	1	100.0	1
16/05/15	6:08 a	26.7	26.7	26.6	95	25.8	0.0	---	0.00	0.0	---	26.7	31.2	31.2	30.6	754.2	0.00	0.0	0	0.00	0	0.0	0.00	0.0	0.000	0.006	31.1	66	24.0	36.2	11.73	 .0698	0.00	24	1	100.0	1
16/05/15	6:09 a	26.7	26.7	26.7	95	25.8	0.0	---	0.00	0.0	---	26.7	31.2	31.2	30.6	754.2	0.00	0.0	0	0.00	0	0.0	0.00	0.0	0.000	0.006	31.1	66	24.0	36.2	11.73	 .0698	0.00	23	1	100.0	1
16/05/15	6:10 a	26.7	26.7	26.7	95	25.8	0.0	---	0.00	0.0	---	26.7	31.2	31.2	30.6	754.2	0.00	0.0	0	0.00	0	0.0	0.00	0.0	0.000	0.006	31.1	66	24.0	36.2	11.73	 .0698	0.00	24	1	100.0	1
16/05/15	6:11 a	26.7	26.7	26.7	95	25.8	0.0	---	0.00	0.0	---	26.7	31.2	31.2	30.6	754.2	0.00	0.0	0	0.00	0	0.0	0.00	0.0	0.000	0.006	31.1	66	24.0	36.2	11.73	 .0698	0.00	23	1	100.0	1
16/05/15	6:12 a	26.7	26.7	26.6	95	25.8	0.0	---	0.00	0.0	---	26.7	31.2	31.2	30.6	754.2	0.00	0.0	0	0.00	0	0.0	0.00	0.0	0.000	0.006	31.1	66	24.0	36.2	11.73	 .0698	0.00	24	1	100.0	1
16/05/15	6:13 a	26.7	26.7	26.6	95	25.8	0.0	---	0.00	0.0	---	26.7	31.2	31.2	30.6	754.2	0.00	0.0	0	0.00	0	0.0	0.00	0.0	0.000	0.006	31.1	66	24.0	36.2	11.73	 .0698	0.00	23	1	100.0	1
16/05/15	6:14 a	26.7	26.7	26.6	95	25.8	0.0	---	0.00	0.0	---	26.7	31.2	31.2	30.7	754.2	0.00	0.0	5	0.01	5	0.0	0.00	0.0	0.000	0.006	31.1	66	24.0	36.2	11.73	 .0698	0.00	23	1	100.0	1
16/05/15	6:15 a	26.7	26.7	26.6	95	25.8	0.0	---	0.00	0.0	---	26.7	31.2	31.2	30.7	754.2	0.00	0.0	5	0.01	5	0.0	0.00	0.0	0.000	0.006	31.1	66	24.0	36.2	11.73	 .0698	0.00	24	1	100.0	1
16/05/15	6:16 a	26.7	26.7	26.6	95	25.8	0.0	---	0.00	0.0	---	26.7	31.2	31.2	30.7	754.2	0.00	0.0	5	0.01	5	0.0	0.00	0.0	0.000	0.006	31.1	66	24.0	36.2	11.73	 .0698	0.00	23	1	100.0	1
16/05/15	6:17 a	26.7	26.7	26.6	95	25.8	0.0	---	0.00	0.0	---	26.7	31.2	31.2	30.7	754.2	0.00	0.0	5	0.01	5	0.0	0.00	0.0	0.000	0.006	31.1	66	24.0	36.2	11.73	 .0698	0.00	24	1	100.0	1
16/05/15	6:18 a	26.7	26.7	26.7	95	25.8	0.0	---	0.00	0.0	---	26.7	31.2	31.2	30.7	754.2	0.00	0.0	5	0.01	5	0.0	0.00	0.0	0.000	0.006	31.1	66	24.0	36.2	11.73	 .0698	0.00	23	1	100.0	1
16/05/15	6:19 a	26.7	26.7	26.7	95	25.8	0.0	---	0.00	0.0	---	26.7	31.2	31.2	30.7	754.2	0.00	0.0	5	0.01	5	0.0	0.00	0.0	0.000	0.006	31.1	66	24.0	36.2	11.73	 .0698	0.00	23	1	100.0	1
16/05/15	6:20 a	26.7	26.7	26.6	95	25.8	0.0	---	0.00	0.0	---	26.7	31.2	31.2	30.7	754.3	0.00	0.0	6	0.01	7	0.0	0.00	0.0	0.000	0.006	31.1	66	24.0	36.2	11.73	 .0698	0.00	24	1	100.0	1
16/05/15	6:21 a	26.7	26.7	26.6	95	25.8	0.0	---	0.00	0.0	---	26.7	31.2	31.2	30.7	754.2	0.00	0.0	7	0.01	7	0.0	0.00	0.0	0.000	0.006	31.1	66	24.0	36.2	11.73	 .0698	0.00	23	1	100.0	1
16/05/15	6:22 a	26.7	26.7	26.6	95	25.8	0.0	---	0.00	0.0	---	26.7	31.2	31.2	30.7	754.2	0.00	0.0	7	0.01	7	0.0	0.00	0.0	0.000	0.006	31.1	66	24.0	36.2	11.73	 .0698	0.00	24	1	100.0	1
16/05/15	6:23 a	26.6	26.7	26.6	95	25.7	0.0	---	0.00	0.0	---	26.6	31.1	31.1	30.6	754.3	0.00	0.0	7	0.01	7	0.0	0.00	0.0	0.000	0.006	31.0	66	23.9	36.1	11.74	 .0698	0.00	23	1	100.0	1
16/05/15	6:24 a	26.7	26.7	26.7	95	25.8	0.0	---	0.00	0.0	---	26.7	31.2	31.2	30.7	754.2	0.00	0.0	9	0.01	9	0.0	0.00	0.0	0.000	0.006	31.1	66	24.0	36.2	11.73	 .0698	0.00	23	1	100.0	1
16/05/15	6:25 a	26.7	26.7	26.6	95	25.8	0.0	---	0.00	0.0	---	26.7	31.2	31.2	30.7	754.2	0.00	0.0	9	0.01	9	0.0	0.00	0.0	0.000	0.006	31.1	66	24.0	36.2	11.73	 .0698	0.00	24	1	100.0	1
16/05/15	6:26 a	26.7	26.7	26.6	95	25.8	0.0	---	0.00	0.0	---	26.7	31.2	31.2	30.8	754.2	0.00	0.0	11	0.02	11	0.0	0.00	0.0	0.000	0.006	31.1	66	24.0	36.2	11.73	 .0698	0.00	23	1	100.0	1
16/05/15	6:27 a	26.7	26.7	26.6	95	25.8	0.0	---	0.00	0.0	---	26.7	31.2	31.2	30.8	754.2	0.00	0.0	11	0.02	11	0.0	0.00	0.0	0.000	0.006	31.0	66	23.9	36.1	11.74	 .0698	0.00	24	1	100.0	1
16/05/15	6:28 a	26.7	26.7	26.7	95	25.8	0.0	---	0.00	0.0	---	26.7	31.2	31.2	30.8	754.3	0.00	0.0	11	0.02	11	0.0	0.00	0.0	0.000	0.006	31.1	66	24.0	36.2	11.73	 .0698	0.00	23	1	100.0	1
16/05/15	6:29 a	26.7	26.7	26.7	95	25.8	0.0	---	0.00	0.0	---	26.7	31.2	31.2	30.8	754.3	0.00	0.0	12	0.02	12	0.0	0.00	0.0	0.000	0.006	31.0	66	23.9	36.1	11.74	 .0698	0.00	24	1	100.0	1
16/05/15	6:30 a	26.7	26.7	26.7	95	25.8	0.0	S	0.00	0.4	S	26.7	31.2	31.2	30.8	754.3	0.00	0.0	12	0.02	12	0.0	0.00	0.0	0.000	0.006	31.1	66	24.0	36.2	11.73	 .0698	0.00	23	1	100.0	1
16/05/15	6:31 a	26.7	26.7	26.7	95	25.8	0.4	S	0.03	0.9	S	26.7	31.2	31.2	30.8	754.3	0.00	0.0	12	0.02	12	0.0	0.00	0.0	0.000	0.006	31.0	66	23.9	36.1	11.74	 .0698	0.00	23	1	100.0	1
