		Temp	Hi	Low	Out	Dew	Wind	Wind	Wind	Hi	Hi	Wind	Heat	THW	THSW			Rain	Solar	Solar	Hi Solar	UV 	UV 	Hi 	Heat	Cool	In 	In	In 	In 	In 	In Air		Wind	Wind	ISS 	Arc.
Date	Time	Out	Temp	Temp	Hum	Pt.	Speed	Dir	Run	Speed	Dir	Chill	Index	Index	Index	Bar  	Rain	Rate	Rad.	Energy	Rad. 	Index	Dose	UV 	D-D 	D-D 	Temp	Hum	Dew	Heat	EMC	Density	ET 	Samp	Tx 	Recept	Int.
23/05/15	12:15 a	28.9	29.1	28.9	86	26.4	2.7	ENE	2.41	4.5	ENE	28.9	35.9	35.9	35.4	755.1	0.00	0.0	0	0.00	0	0.0	0.00	0.0	0.000	0.111	34.6	53	23.6	41.4	9.28	 .0691	0.00	350	1	100.0	15
23/05/15	12:30 a	28.8	28.9	28.8	87	26.5	2.7	ENE	2.41	4.5	ENE	28.8	35.9	35.9	35.4	755.1	0.00	0.0	0	0.00	0	0.0	0.00	0.0	0.000	0.109	34.5	53	23.5	41.1	9.29	 .0692	0.00	351	1	100.0	15
23/05/15	12:45 a	28.8	28.9	28.7	87	26.4	2.2	ENE	2.01	3.1	ENE	28.8	35.7	35.7	35.2	754.9	0.00	0.0	0	0.00	0	0.0	0.00	0.0	0.000	0.109	34.5	53	23.5	41.1	9.29	 .0691	0.00	351	1	100.0	15
23/05/15	1:00 a	28.7	28.7	28.7	88	26.5	1.8	E	1.61	3.1	E	28.7	35.6	35.6	35.1	754.7	0.00	0.0	0	0.00	0	0.0	0.00	0.0	0.000	0.108	34.5	53	23.5	41.1	9.29	 .0691	0.03	351	1	100.0	15
23/05/15	1:15 a	28.6	28.7	28.6	88	26.4	1.8	ENE	1.61	3.6	ENE	28.6	35.2	35.2	34.7	754.7	0.00	0.0	0	0.00	0	0.0	0.00	0.0	0.000	0.106	34.4	54	23.7	41.2	9.49	 .0691	0.00	352	1	100.0	15
23/05/15	1:30 a	28.5	28.6	28.5	89	26.5	1.8	E	1.61	3.1	ENE	28.5	35.2	35.2	34.7	754.6	0.00	0.0	0	0.00	0	0.0	0.00	0.0	0.000	0.106	34.4	54	23.7	41.2	9.49	 .0691	0.00	351	1	100.0	15
23/05/15	1:45 a	28.4	28.5	28.4	89	26.5	1.8	E	1.61	2.7	ENE	28.4	35.1	35.1	34.6	754.6	0.00	0.0	0	0.00	0	0.0	0.00	0.0	0.000	0.105	34.3	54	23.7	41.1	9.50	 .0691	0.00	351	1	100.0	15
23/05/15	2:00 a	28.3	28.4	28.3	90	26.5	2.2	ENE	2.01	3.1	ENE	28.3	34.9	34.9	34.4	754.4	0.00	0.0	0	0.00	0	0.0	0.00	0.0	0.000	0.104	34.3	54	23.7	41.1	9.50	 .0691	0.03	352	1	100.0	15
23/05/15	2:15 a	28.3	28.3	28.3	90	26.5	2.2	ENE	2.01	3.1	ENE	28.3	34.7	34.7	34.2	754.2	0.00	0.0	0	0.00	0	0.0	0.00	0.0	0.000	0.104	34.2	54	23.6	40.8	9.51	 .0691	0.00	351	1	100.0	15
23/05/15	2:30 a	28.2	28.3	28.2	90	26.4	2.2	ENE	2.01	3.6	E	28.2	34.6	34.6	34.1	754.2	0.00	0.0	0	0.00	0	0.0	0.00	0.0	0.000	0.103	34.2	55	23.8	41.1	9.61	 .0691	0.00	351	1	100.0	15
23/05/15	2:45 a	28.1	28.2	28.1	90	26.3	2.2	ENE	2.01	3.1	E	28.1	34.3	34.3	33.8	754.0	0.00	0.0	0	0.00	0	0.0	0.00	0.0	0.000	0.102	34.1	55	23.8	40.9	9.61	 .0691	0.00	351	1	100.0	15
23/05/15	3:00 a	28.1	28.2	28.1	91	26.4	1.8	ENE	1.61	2.7	ENE	28.1	34.4	34.4	33.9	753.9	0.00	0.0	0	0.00	0	0.0	0.00	0.0	0.000	0.101	34.1	55	23.7	40.8	9.62	 .0691	0.03	351	1	100.0	15
23/05/15	3:15 a	28.0	28.1	28.0	91	26.4	1.8	ENE	1.61	2.7	ENE	28.0	34.2	34.2	33.7	753.8	0.00	0.0	0	0.00	0	0.0	0.00	0.0	0.000	0.101	34.0	55	23.7	40.6	9.62	 .0691	0.00	351	1	100.0	15
23/05/15	3:30 a	28.1	28.1	28.0	91	26.4	1.3	E	1.21	2.7	E	28.1	34.4	34.4	33.9	753.8	0.00	0.0	0	0.00	0	0.0	0.00	0.0	0.000	0.101	34.1	55	23.7	40.8	9.62	 .0691	0.00	352	1	100.0	15
23/05/15	3:45 a	28.0	28.1	28.0	91	26.4	2.2	E	2.01	3.6	E	28.0	34.2	34.2	33.7	753.8	0.00	0.0	0	0.00	0	0.0	0.00	0.0	0.000	0.101	34.0	55	23.7	40.6	9.62	 .0691	0.00	351	1	100.0	15
23/05/15	4:00 a	27.9	28.0	27.9	91	26.3	2.2	ENE	2.01	3.1	ENE	27.9	34.1	34.1	33.6	753.8	0.00	0.0	0	0.00	0	0.0	0.00	0.0	0.000	0.100	33.9	55	23.6	40.5	9.63	 .0691	0.03	351	1	100.0	15
23/05/15	4:15 a	27.8	27.9	27.8	92	26.4	2.2	ENE	2.01	3.1	NE	27.8	33.9	33.9	33.4	753.8	0.00	0.0	0	0.00	0	0.0	0.00	0.0	0.000	0.099	33.8	56	23.8	40.6	9.89	 .0691	0.00	351	1	100.0	15
23/05/15	4:30 a	27.7	27.8	27.7	92	26.3	1.8	ENE	1.61	3.1	E	27.7	33.6	33.6	33.1	753.9	0.00	0.0	0	0.00	0	0.0	0.00	0.0	0.000	0.098	33.7	56	23.7	40.3	9.90	 .0692	0.00	352	1	100.0	15
23/05/15	4:45 a	27.7	27.7	27.7	92	26.2	1.8	ENE	1.61	3.1	ENE	27.7	33.4	33.4	32.9	753.9	0.00	0.0	0	0.00	0	0.0	0.00	0.0	0.000	0.097	33.7	56	23.7	40.1	9.90	 .0692	0.00	351	1	100.0	15
23/05/15	5:00 a	27.6	27.7	27.6	93	26.4	1.8	E	1.61	3.1	E	27.6	33.5	33.5	33.0	753.9	0.00	0.0	0	0.00	0	0.0	0.00	0.0	0.000	0.097	33.6	56	23.6	39.9	9.90	 .0692	0.03	351	1	100.0	15
23/05/15	5:15 a	27.6	27.6	27.6	93	26.3	1.8	ENE	1.61	3.1	E	27.6	33.3	33.3	32.8	754.0	0.00	0.0	0	0.00	0	0.0	0.00	0.0	0.000	0.096	33.6	56	23.6	39.8	9.90	 .0693	0.00	351	1	100.0	15
23/05/15	5:30 a	27.5	27.6	27.5	93	26.3	1.8	E	1.61	2.7	E	27.5	33.1	33.1	32.6	754.2	0.00	0.0	0	0.00	0	0.0	0.00	0.0	0.000	0.095	33.6	57	23.9	40.2	10.05	 .0692	0.00	352	1	100.0	15
23/05/15	5:45 a	27.5	27.5	27.5	93	26.3	1.3	E	1.21	2.7	E	27.5	33.1	33.1	32.6	754.3	0.00	0.0	0	0.00	0	0.0	0.00	0.0	0.000	0.095	33.6	57	23.9	40.3	10.05	 .0692	0.00	351	1	100.0	15
23/05/15	6:00 a	27.4	27.6	27.4	93	26.2	1.8	E	1.61	3.1	E	27.4	32.9	32.9	32.4	754.5	0.00	0.0	0	0.00	0	0.0	0.00	0.0	0.000	0.095	33.6	57	23.9	40.3	10.05	 .0692	0.00	351	1	100.0	15
23/05/15	6:15 a	27.3	27.5	27.3	94	26.3	1.8	ENE	1.61	3.1	ENE	27.3	32.8	32.8	32.4	754.7	0.00	0.0	8	0.17	18	0.0	0.00	0.0	0.000	0.094	33.4	57	23.8	39.8	10.05	 .0693	0.00	351	1	100.0	15
23/05/15	6:30 a	27.3	27.3	27.3	94	26.3	1.3	ENE	1.21	2.2	ENE	27.3	32.8	32.8	32.7	754.9	0.00	0.0	31	0.67	44	0.0	0.00	0.0	0.000	0.094	33.4	57	23.8	39.8	10.05	 .0693	0.00	351	1	100.0	15
23/05/15	6:45 a	27.3	27.3	27.3	93	26.1	1.8	ENE	1.61	2.7	E	27.3	32.6	32.6	32.8	754.8	0.00	0.0	58	1.25	70	0.0	0.00	0.0	0.000	0.094	33.5	57	23.8	40.0	10.05	 .0693	0.00	352	1	100.0	15
23/05/15	7:00 a	27.6	27.6	27.3	92	26.2	1.8	ENE	1.61	3.1	E	27.6	33.3	33.3	33.9	755.0	0.00	0.0	84	1.81	95	0.1	0.01	0.5	0.000	0.097	33.5	57	23.8	40.0	10.05	 .0693	0.03	351	1	100.0	15
23/05/15	7:15 a	27.8	27.8	27.6	89	25.9	1.3	E	1.21	3.1	E	27.8	33.3	33.3	34.3	755.2	0.00	0.0	112	2.41	135	0.5	0.05	0.6	0.000	0.099	33.7	57	24.0	40.4	10.05	 .0693	0.00	351	1	100.0	15
23/05/15	7:30 a	27.9	27.9	27.8	84	25.0	2.2	E	2.01	4.5	E	27.9	32.7	32.7	34.3	755.2	0.00	0.0	163	3.50	188	0.6	0.06	0.7	0.000	0.100	33.8	56	23.8	40.6	9.89	 .0693	0.00	351	1	100.0	15
23/05/15	7:45 a	28.3	28.3	27.9	80	24.5	2.7	E	2.41	4.0	E	28.3	33.2	33.2	35.5	755.5	0.00	0.0	219	4.71	253	0.8	0.09	0.8	0.000	0.104	33.8	56	23.8	40.6	9.89	 .0693	0.00	352	1	100.0	15
23/05/15	8:00 a	28.7	28.7	28.3	75	23.8	3.1	E	2.82	5.4	E	28.7	33.2	33.2	39.4	755.6	0.00	0.0	298	6.41	327	0.9	0.10	1.0	0.000	0.108	33.8	55	23.5	40.2	9.63	 .0694	0.15	351	1	100.0	15
23/05/15	8:15 a	28.9	29.0	28.7	75	24.1	2.7	ENE	2.41	4.5	E	28.9	33.8	33.8	40.3	755.7	0.00	0.0	325	6.99	341	1.1	0.12	1.2	0.000	0.111	33.9	55	23.6	40.3	9.63	 .0693	0.00	351	1	100.0	15
23/05/15	8:30 a	29.1	29.1	28.9	74	24.0	3.1	ENE	2.82	5.4	ENE	29.1	33.9	33.9	38.8	755.7	0.00	0.0	281	6.04	292	1.2	0.13	1.2	0.000	0.112	33.9	54	23.3	39.9	9.53	 .0694	0.00	351	1	100.0	15
23/05/15	8:45 a	29.4	29.4	29.1	73	24.1	3.1	ENE	2.82	4.9	ENE	29.4	34.4	34.4	39.6	755.8	0.00	0.0	310	6.67	355	1.3	0.14	1.4	0.000	0.116	33.9	54	23.3	39.9	9.53	 .0694	0.00	351	1	100.0	15
23/05/15	9:00 a	29.7	29.7	29.4	70	23.7	4.0	ENE	3.62	5.8	ENE	29.4	34.5	34.2	39.6	755.8	0.00	0.0	410	8.82	475	1.5	0.16	1.6	0.000	0.119	33.9	53	23.0	39.6	9.33	 .0694	0.28	352	1	100.0	15
23/05/15	9:15 a	30.2	30.2	29.7	68	23.7	4.0	ENE	3.62	8.5	ENE	29.9	35.2	34.9	40.6	755.8	0.00	0.0	474	10.19	501	1.8	0.19	1.8	0.000	0.124	34.0	53	23.1	39.8	9.32	 .0694	0.00	351	1	100.0	15
23/05/15	9:30 a	30.7	30.7	30.2	66	23.6	4.0	E	3.62	6.3	E	30.5	35.8	35.6	41.1	755.7	0.00	0.0	447	9.61	478	1.8	0.19	1.9	0.000	0.129	34.1	53	23.2	40.1	9.31	 .0693	0.00	351	1	100.0	15
23/05/15	9:45 a	31.0	31.0	30.7	65	23.6	4.0	E	3.62	6.7	E	30.8	35.9	35.7	41.4	755.7	0.00	0.0	496	10.67	585	2.0	0.21	2.2	0.000	0.132	34.3	53	23.3	40.5	9.30	 .0693	0.00	351	1	100.0	15
23/05/15	10:00 a	31.4	31.4	31.0	65	24.0	3.6	E	3.22	6.7	E	31.4	36.8	36.8	42.9	755.7	0.00	0.0	618	13.29	675	2.4	0.26	2.5	0.000	0.136	34.5	52	23.2	40.7	9.19	 .0692	0.41	352	1	100.0	15
23/05/15	10:15 a	31.4	31.5	31.4	65	24.1	3.1	E	2.82	6.3	ENE	31.4	36.9	36.9	43.0	755.7	0.00	0.0	530	11.40	589	2.5	0.27	2.5	0.000	0.137	34.8	52	23.5	41.3	9.17	 .0692	0.00	351	1	100.0	15
23/05/15	10:30 a	31.4	31.5	31.4	64	23.8	4.5	E	4.02	8.9	E	31.2	36.6	36.4	41.1	755.5	0.00	0.0	466	10.02	673	2.5	0.27	2.8	0.000	0.136	34.9	52	23.6	41.6	9.16	 .0691	0.00	351	1	100.0	15
23/05/15	10:45 a	31.8	31.8	31.4	63	23.9	4.9	E	4.43	9.4	ENE	31.7	37.6	37.4	43.1	755.4	0.00	0.0	717	15.42	780	3.1	0.33	3.3	0.000	0.141	34.9	52	23.6	41.8	9.15	 .0691	0.00	351	1	100.0	15
23/05/15	11:00 a	32.4	32.4	31.8	63	24.5	4.5	E	4.02	9.4	E	32.4	39.3	39.3	44.8	755.3	0.00	0.0	813	17.48	884	3.5	0.38	3.7	0.000	0.147	35.1	52	23.8	42.2	9.15	 .0690	0.51	352	1	100.0	15
23/05/15	11:15 a	32.2	32.5	32.2	63	24.2	5.8	E	5.23	11.6	ENE	31.9	38.5	38.3	43.6	755.2	0.00	0.0	919	19.76	933	3.8	0.41	4.0	0.000	0.144	35.2	51	23.6	42.0	9.04	 .0690	0.00	351	1	100.0	15
23/05/15	11:30 a	32.7	32.7	32.2	64	25.0	5.8	E	5.23	10.3	E	32.7	40.4	40.3	45.3	755.0	0.00	0.0	885	19.03	909	4.1	0.44	4.2	0.000	0.150	35.3	51	23.6	42.1	9.04	 .0690	0.00	351	1	100.0	15
23/05/15	11:45 a	33.1	33.1	32.8	62	24.8	5.4	E	4.83	11.2	ENE	33.1	40.6	40.6	46.1	754.9	0.00	0.0	872	18.75	942	4.2	0.45	4.3	0.000	0.153	35.4	51	23.7	42.4	9.04	 .0689	0.00	351	1	100.0	15
23/05/15	12:00 p	32.7	33.1	32.7	63	24.8	5.8	ENE	5.23	9.8	ENE	32.7	40.0	39.9	45.5	755.0	0.00	0.0	818	17.59	1007	4.0	0.43	4.2	0.000	0.150	35.5	51	23.8	42.7	9.03	 .0689	0.69	351	1	100.0	15
23/05/15	12:15 p	33.3	33.4	32.7	61	24.8	4.5	E	4.02	9.4	E	33.3	40.9	40.9	47.1	754.9	0.00	0.0	779	16.75	970	4.3	0.46	4.4	0.000	0.156	35.6	51	23.9	42.9	9.03	 .0688	0.00	352	1	100.0	15
23/05/15	12:30 p	33.7	33.7	33.1	61	25.2	4.9	E	4.43	9.8	ENE	33.7	42.0	42.0	48.1	754.7	0.00	0.0	863	18.56	974	4.4	0.47	4.6	0.000	0.160	35.7	51	24.0	43.1	9.03	 .0688	0.00	351	1	100.0	15
23/05/15	12:45 p	33.6	33.8	33.4	60	24.8	5.4	E	4.83	9.8	ENE	33.6	41.3	41.3	47.0	754.6	0.00	0.0	893	19.20	958	4.5	0.48	4.7	0.000	0.159	35.8	51	24.1	43.6	9.02	 .0687	0.00	351	1	100.0	15
23/05/15	1:00 p	34.3	34.3	33.6	58	24.8	4.0	E	3.62	9.4	ENE	34.3	42.4	42.4	48.9	754.4	0.00	0.0	834	17.93	881	4.4	0.47	4.5	0.000	0.166	36.0	51	24.3	44.0	9.01	 .0687	0.69	351	1	100.0	15
23/05/15	1:15 p	34.3	34.4	34.2	58	24.8	4.5	E	4.02	8.9	ESE	34.3	42.4	42.4	48.7	754.2	0.00	0.0	771	16.58	865	4.3	0.46	4.4	0.000	0.166	36.2	51	24.4	44.4	9.01	 .0686	0.00	352	1	100.0	15
23/05/15	1:30 p	34.5	34.6	34.3	58	25.0	4.5	E	4.02	10.3	E	34.5	43.1	43.1	49.4	754.1	0.00	0.0	822	17.68	868	4.4	0.47	4.5	0.000	0.168	36.3	50	24.2	44.1	8.80	 .0686	0.00	351	1	100.0	15
23/05/15	1:45 p	34.7	34.7	34.3	56	24.7	4.5	E	4.02	8.5	ENE	34.7	42.9	42.9	49.2	753.9	0.00	0.0	844	18.15	860	4.5	0.48	4.5	0.000	0.171	36.4	50	24.3	44.4	8.80	 .0685	0.00	351	1	100.0	15
23/05/15	2:00 p	34.7	34.8	34.6	55	24.3	5.4	E	4.83	10.3	ENE	34.7	42.4	42.4	48.2	753.8	0.00	0.0	798	17.16	817	4.4	0.47	4.4	0.000	0.170	36.4	50	24.3	44.6	8.80	 .0685	0.69	352	1	100.0	15
23/05/15	2:15 p	35.3	35.3	34.7	54	24.6	3.6	E	3.22	8.9	ESE	35.3	43.8	43.8	50.4	753.7	0.00	0.0	749	16.11	779	4.2	0.45	4.3	0.000	0.177	36.6	50	24.4	44.8	8.79	 .0684	0.00	351	1	100.0	15
23/05/15	2:30 p	35.1	35.3	34.9	55	24.7	4.9	E	4.43	8.9	E	35.1	43.5	43.5	49.3	753.5	0.00	0.0	737	15.85	759	4.1	0.44	4.1	0.000	0.174	36.7	49	24.2	44.7	8.63	 .0684	0.00	351	1	100.0	15
23/05/15	2:45 p	35.1	35.2	35.1	54	24.4	4.5	E	4.02	8.9	ESE	35.1	43.0	43.0	48.9	753.2	0.00	0.0	703	15.12	726	3.9	0.42	4.0	0.000	0.174	36.8	49	24.3	45.0	8.62	 .0684	0.00	351	1	100.0	15
23/05/15	3:00 p	35.2	35.2	34.9	54	24.5	4.9	E	4.43	9.8	E	35.2	43.3	43.3	48.8	753.1	0.00	0.0	658	14.15	679	3.7	0.40	3.8	0.000	0.175	36.9	49	24.4	45.3	8.61	 .0683	0.63	351	1	100.0	15
23/05/15	3:15 p	35.3	35.3	35.2	54	24.6	4.0	E	3.62	8.9	ESE	35.3	43.6	43.6	49.3	752.9	0.00	0.0	614	13.20	636	3.4	0.36	3.6	0.000	0.177	36.9	49	24.5	45.4	8.61	 .0683	0.00	351	1	100.0	15
23/05/15	3:30 p	35.7	35.7	35.3	52	24.3	3.6	E	3.22	7.2	ENE	35.7	43.8	43.8	49.4	752.7	0.00	0.0	566	12.17	584	3.2	0.34	3.3	0.000	0.181	37.0	49	24.5	45.6	8.61	 .0682	0.00	352	1	100.0	15
23/05/15	3:45 p	35.7	35.8	35.7	52	24.3	3.6	E	3.22	7.2	E	35.7	43.8	43.8	49.2	752.7	0.00	0.0	523	11.25	543	2.9	0.31	3.0	0.000	0.181	37.1	48	24.3	45.4	8.47	 .0683	0.00	351	1	100.0	15
23/05/15	4:00 p	35.7	35.8	35.7	49	23.3	4.5	E	4.02	8.5	E	35.7	42.2	42.2	46.9	752.7	0.00	0.0	472	10.15	492	2.6	0.28	2.7	0.000	0.181	37.1	48	24.3	45.4	8.47	 .0683	0.51	351	1	100.0	15
23/05/15	4:15 p	35.5	35.7	35.5	51	23.8	4.5	E	4.02	8.5	E	35.5	42.7	42.7	47.1	752.7	0.00	0.0	416	8.95	438	2.3	0.25	2.5	0.000	0.179	37.2	48	24.3	45.6	8.47	 .0682	0.00	351	1	100.0	15
23/05/15	4:30 p	35.6	35.7	35.5	50	23.5	4.5	E	4.02	9.4	ENE	35.6	42.3	42.3	46.3	752.8	0.00	0.0	367	7.89	388	2.1	0.22	2.2	0.000	0.179	37.2	48	24.3	45.6	8.47	 .0682	0.00	352	1	100.0	15
23/05/15	4:45 p	35.7	35.7	35.6	48	23.0	4.0	E	3.62	8.5	ESE	35.7	42.0	42.0	45.8	752.8	0.00	0.0	319	6.86	343	1.8	0.19	1.9	0.000	0.181	37.2	47	24.0	45.3	8.29	 .0683	0.00	351	1	100.0	15
23/05/15	5:00 p	35.3	35.7	35.3	51	23.6	4.9	ENE	4.43	7.2	E	35.3	42.1	42.1	45.2	752.8	0.00	0.0	258	5.55	292	1.6	0.17	1.7	0.000	0.177	37.2	47	24.0	45.3	8.29	 .0683	0.41	351	1	100.0	15
23/05/15	5:15 p	35.3	35.3	35.2	51	23.7	4.0	E	3.62	6.7	E	35.3	42.3	42.3	44.9	752.9	0.00	0.0	193	4.15	220	1.3	0.14	1.4	0.000	0.177	37.2	47	24.0	45.3	8.29	 .0683	0.00	351	1	100.0	15
23/05/15	5:30 p	35.3	35.4	35.2	51	23.6	3.6	E	3.22	7.2	E	35.3	42.1	42.1	44.5	753.0	0.00	0.0	156	3.35	174	1.1	0.12	1.2	0.000	0.177	37.2	47	24.0	45.3	8.29	 .0683	0.00	351	1	100.0	15
23/05/15	5:45 p	35.1	35.3	35.1	52	23.7	3.6	ENE	3.22	5.8	ENE	35.1	42.1	42.1	43.7	753.1	0.00	0.0	107	2.30	130	1.0	0.11	1.0	0.000	0.174	37.3	47	24.1	45.4	8.29	 .0683	0.00	352	1	100.0	15
23/05/15	6:00 p	34.7	35.1	34.7	53	23.7	3.6	ENE	3.22	6.3	E	34.7	41.7	41.7	42.6	753.3	0.00	0.0	64	1.38	83	0.6	0.06	0.9	0.000	0.171	37.2	47	24.0	45.3	8.29	 .0683	0.23	351	1	100.0	15
23/05/15	6:15 p	34.5	34.7	34.5	54	23.8	2.7	E	2.41	4.5	E	34.5	41.5	41.5	41.8	753.4	0.00	0.0	31	0.67	44	0.0	0.00	0.0	0.000	0.168	37.2	47	24.0	45.2	8.29	 .0683	0.00	351	1	100.0	15
23/05/15	6:30 p	34.3	34.5	34.3	55	24.0	2.7	E	2.41	4.0	E	34.3	41.5	41.5	41.2	753.5	0.00	0.0	8	0.17	18	0.0	0.00	0.0	0.000	0.167	37.1	47	23.9	45.1	8.30	 .0684	0.00	351	1	100.0	15
23/05/15	6:45 p	34.1	34.3	34.1	55	23.8	3.1	E	2.82	4.5	ENE	34.1	40.9	40.9	40.4	753.6	0.00	0.0	0	0.00	0	0.0	0.00	0.0	0.000	0.164	37.1	47	23.9	44.9	8.30	 .0684	0.00	352	1	100.0	15
23/05/15	7:00 p	33.9	34.1	33.9	56	23.9	2.2	E	2.01	3.6	E	33.9	40.7	40.7	40.0	753.8	0.00	0.0	0	0.00	0	0.0	0.00	0.0	0.000	0.162	37.0	47	23.8	44.8	8.31	 .0684	0.10	351	1	100.0	15
23/05/15	7:15 p	33.7	33.9	33.7	56	23.7	2.2	E	2.01	3.6	E	33.7	40.1	40.1	39.4	753.9	0.00	0.0	0	0.00	0	0.0	0.00	0.0	0.000	0.160	36.9	47	23.8	44.6	8.31	 .0685	0.00	351	1	100.0	15
23/05/15	7:30 p	33.6	33.7	33.6	57	23.9	1.8	E	1.61	3.6	E	33.6	40.2	40.2	39.5	754.2	0.00	0.0	0	0.00	0	0.0	0.00	0.0	0.000	0.159	36.9	47	23.8	44.6	8.31	 .0685	0.00	351	1	100.0	15
23/05/15	7:45 p	33.4	33.6	33.4	58	24.0	1.8	E	1.61	4.9	ESE	33.4	40.0	40.0	39.4	754.4	0.00	0.0	0	0.00	0	0.0	0.00	0.0	0.000	0.157	37.0	47	23.8	44.8	8.31	 .0685	0.00	352	1	100.0	15
23/05/15	8:00 p	33.2	33.3	33.2	59	24.1	1.8	E	1.61	4.5	ESE	33.2	39.8	39.8	39.2	754.6	0.00	0.0	0	0.00	0	0.0	0.00	0.0	0.000	0.155	37.0	47	23.8	44.8	8.31	 .0685	0.10	351	1	100.0	15
23/05/15	8:15 p	32.9	33.2	32.9	60	24.1	2.2	E	2.01	5.4	ESE	32.9	39.5	39.5	38.9	754.7	0.00	0.0	0	0.00	0	0.0	0.00	0.0	0.000	0.152	37.0	47	23.8	44.8	8.31	 .0685	0.00	351	1	100.0	15
23/05/15	8:30 p	32.8	32.9	32.8	61	24.3	1.8	ESE	1.61	4.5	ENE	32.8	39.4	39.4	38.8	754.7	0.00	0.0	0	0.00	0	0.0	0.00	0.0	0.000	0.150	37.0	47	23.8	44.8	8.31	 .0685	0.00	351	1	100.0	15
23/05/15	8:45 p	32.4	32.8	32.4	61	24.0	2.7	E	2.41	4.9	E	32.4	38.6	38.6	37.9	754.8	0.00	0.0	0	0.00	0	0.0	0.00	0.0	0.000	0.147	36.9	47	23.8	44.6	8.31	 .0686	0.00	351	1	100.0	15
23/05/15	9:00 p	32.3	32.4	32.3	61	23.8	2.2	E	2.01	5.8	ESE	32.3	38.2	38.2	37.5	755.0	0.00	0.0	0	0.00	0	0.0	0.00	0.0	0.000	0.145	36.9	47	23.8	44.6	8.31	 .0686	0.10	352	1	100.0	15
23/05/15	9:15 p	32.0	32.3	32.0	62	23.8	2.7	E	2.41	5.8	ESE	32.0	37.7	37.7	37.1	755.1	0.00	0.0	0	0.00	0	0.0	0.00	0.0	0.000	0.142	36.9	47	23.7	44.4	8.31	 .0686	0.00	351	1	100.0	15
23/05/15	9:30 p	31.8	32.0	31.8	62	23.6	2.7	E	2.41	6.3	E	31.8	37.3	37.3	36.6	755.3	0.00	0.0	0	0.00	0	0.0	0.00	0.0	0.000	0.141	36.9	47	23.7	44.4	8.31	 .0686	0.00	351	1	100.0	15
23/05/15	9:45 p	31.7	31.8	31.7	63	23.8	2.2	E	2.01	5.4	E	31.7	37.2	37.2	36.6	755.4	0.00	0.0	0	0.00	0	0.0	0.00	0.0	0.000	0.139	36.8	47	23.7	44.3	8.32	 .0686	0.00	351	1	100.0	15
23/05/15	10:00 p	31.5	31.7	31.5	63	23.6	2.2	ESE	2.01	5.4	E	31.5	36.6	36.6	35.9	755.5	0.00	0.0	0	0.00	0	0.0	0.00	0.0	0.000	0.137	36.8	47	23.7	44.3	8.32	 .0687	0.08	352	1	100.0	15
23/05/15	10:15 p	31.3	31.6	31.3	63	23.4	2.2	ESE	2.01	6.3	E	31.3	36.2	36.2	35.5	755.5	0.00	0.0	0	0.00	0	0.0	0.00	0.0	0.000	0.135	36.8	47	23.7	44.3	8.32	 .0687	0.00	351	1	100.0	15
23/05/15	10:30 p	31.2	31.4	31.2	64	23.5	2.7	E	2.41	5.8	ESE	31.2	35.9	35.9	35.3	755.4	0.00	0.0	0	0.00	0	0.0	0.00	0.0	0.000	0.134	36.8	47	23.6	44.2	8.32	 .0687	0.00	351	1	100.0	15
23/05/15	10:45 p	31.0	31.2	31.0	64	23.4	3.1	E	2.82	6.3	E	31.0	35.7	35.7	35.0	755.4	0.00	0.0	0	0.00	0	0.0	0.00	0.0	0.000	0.132	36.7	47	23.6	44.1	8.33	 .0687	0.00	351	1	100.0	15
23/05/15	11:00 p	30.9	31.0	30.9	64	23.3	2.7	E	2.41	5.4	E	30.9	35.5	35.5	34.8	755.3	0.00	0.0	0	0.00	0	0.0	0.00	0.0	0.000	0.131	36.7	47	23.5	43.9	8.33	 .0687	0.08	352	1	100.0	15
23/05/15	11:15 p	30.8	30.9	30.7	65	23.4	2.7	E	2.41	5.8	E	30.8	35.6	35.6	34.9	755.4	0.00	0.0	0	0.00	0	0.0	0.00	0.0	0.000	0.130	36.6	47	23.4	43.7	8.34	 .0687	0.00	351	1	100.0	15
23/05/15	11:30 p	30.3	30.8	30.3	68	23.7	3.1	ENE	2.82	5.4	E	30.3	35.3	35.3	34.7	755.4	0.00	0.0	0	0.00	0	0.0	0.00	0.0	0.000	0.124	36.4	47	23.3	43.4	8.35	 .0688	0.00	351	1	100.0	15
23/05/15	11:45 p	30.1	30.3	30.0	68	23.6	2.2	E	2.01	3.6	E	30.1	35.0	35.0	34.3	755.3	0.00	0.0	0	0.00	0	0.0	0.00	0.0	0.000	0.123	36.2	47	23.1	42.8	8.36	 .0688	0.00	351	1	100.0	15
24/05/15	12:00 a	29.9	30.1	29.9	69	23.6	2.2	ENE	2.01	4.0	NE	29.9	34.8	34.8	34.2	755.2	0.00	0.0	0	0.00	0	0.0	0.00	0.0	0.000	0.121	36.1	47	23.0	42.6	8.37	 .0689	0.08	351	1	100.0	15
