		Temp	Hi	Low	Out	Dew	Wind	Wind	Wind	Hi	Hi	Wind	Heat	THW	THSW			Rain	Solar	Solar	Hi Solar	UV 	UV 	Hi 	Heat	Cool	In 	In	In 	In 	In 	In Air		Wind	Wind	ISS 	Arc.
Date	Time	Out	Temp	Temp	Hum	Pt.	Speed	Dir	Run	Speed	Dir	Chill	Index	Index	Index	Bar  	Rain	Rate	Rad.	Energy	Rad. 	Index	Dose	UV 	D-D 	D-D 	Temp	Hum	Dew	Heat	EMC	Density	ET 	Samp	Tx 	Recept	Int.
01/12/14	12:10 a	23.7	23.7	23.7	82	20.5	0.9	S	0.54	2.2	S	23.7	25.1	25.1	24.3	757.2	0.00	0.0	0	0.00	0	0.0	0.00	0.0	0.000	0.037	27.2	59	18.5	28.1	10.55	 .0716	0.00	233	1	100.0	10
01/12/14	12:20 a	23.7	23.8	23.7	81	20.3	1.3	S	0.80	4.0	S	23.7	25.1	25.1	24.3	757.1	0.00	0.0	0	0.00	0	0.0	0.00	0.0	0.000	0.037	27.2	59	18.5	28.1	10.55	 .0716	0.00	234	1	100.0	10
01/12/14	12:30 a	23.8	23.8	23.8	81	20.4	2.2	SSE	1.34	5.8	S	23.8	25.2	25.2	24.4	757.0	0.00	0.0	0	0.00	0	0.0	0.00	0.0	0.000	0.038	27.2	59	18.5	28.1	10.55	 .0716	0.00	234	1	100.0	10
01/12/14	12:40 a	23.7	23.8	23.7	82	20.5	2.2	SSE	1.34	4.5	S	23.7	25.1	25.1	24.3	757.0	0.00	0.0	0	0.00	0	0.0	0.00	0.0	0.000	0.037	27.2	59	18.5	28.1	10.55	 .0716	0.00	234	1	100.0	10
01/12/14	12:50 a	23.7	23.7	23.7	81	20.2	1.8	SSE	1.07	5.4	S	23.7	25.0	25.0	24.2	756.9	0.00	0.0	0	0.00	0	0.0	0.00	0.0	0.000	0.037	27.2	59	18.5	28.1	10.55	 .0716	0.00	234	1	100.0	10
01/12/14	1:00 a	23.7	23.7	23.7	81	20.3	1.3	S	0.80	4.9	S	23.7	25.1	25.1	24.3	756.9	0.00	0.0	0	0.00	0	0.0	0.00	0.0	0.000	0.037	27.2	59	18.5	28.1	10.55	 .0716	0.03	234	1	100.0	10
01/12/14	1:10 a	23.7	23.7	23.7	81	20.3	1.3	S	0.80	4.0	WSW	23.7	25.1	25.1	24.3	756.8	0.00	0.0	0	0.00	0	0.0	0.00	0.0	0.000	0.037	27.2	59	18.5	28.1	10.55	 .0715	0.00	234	1	100.0	10
01/12/14	1:20 a	23.8	23.8	23.7	81	20.3	1.8	S	1.07	4.0	S	23.8	25.2	25.2	24.4	756.6	0.00	0.0	0	0.00	0	0.0	0.00	0.0	0.000	0.038	27.2	59	18.5	28.1	10.55	 .0715	0.00	235	1	100.0	10
01/12/14	1:30 a	23.7	23.8	23.7	82	20.4	1.3	SSE	0.80	3.1	SSW	23.7	25.1	25.1	24.3	756.6	0.00	0.0	0	0.00	0	0.0	0.00	0.0	0.000	0.037	27.2	59	18.5	28.0	10.55	 .0715	0.00	234	1	100.0	10
01/12/14	1:40 a	23.7	23.7	23.7	82	20.4	2.2	S	1.34	4.9	SSW	23.7	25.1	25.1	24.3	756.4	0.00	0.0	0	0.00	0	0.0	0.00	0.0	0.000	0.037	27.2	59	18.5	28.0	10.55	 .0715	0.00	234	1	100.0	10
01/12/14	1:50 a	23.6	23.7	23.6	82	20.4	1.8	S	1.07	3.6	SSW	23.6	24.9	24.9	24.2	756.3	0.00	0.0	0	0.00	0	0.0	0.00	0.0	0.000	0.037	27.2	59	18.5	28.0	10.55	 .0715	0.00	234	1	100.0	10
01/12/14	2:00 a	23.6	23.6	23.6	82	20.3	1.8	S	1.07	3.6	SE	23.6	24.8	24.8	24.1	756.3	0.00	0.0	0	0.00	0	0.0	0.00	0.0	0.000	0.036	27.2	59	18.5	28.0	10.55	 .0715	0.03	234	1	100.0	10
01/12/14	2:10 a	23.5	23.6	23.5	82	20.2	1.3	S	0.80	2.7	S	23.5	24.8	24.8	24.0	756.1	0.00	0.0	0	0.00	0	0.0	0.00	0.0	0.000	0.036	27.2	59	18.5	28.0	10.55	 .0715	0.00	234	1	100.0	10
01/12/14	2:20 a	23.5	23.5	23.5	82	20.2	1.3	S	0.80	2.7	S	23.5	24.8	24.8	24.0	756.1	0.00	0.0	0	0.00	0	0.0	0.00	0.0	0.000	0.036	27.2	59	18.5	28.0	10.55	 .0715	0.00	235	1	100.0	10
01/12/14	2:30 a	23.5	23.5	23.5	82	20.2	1.8	S	1.07	2.7	SSE	23.5	24.8	24.8	24.0	756.1	0.00	0.0	0	0.00	0	0.0	0.00	0.0	0.000	0.036	27.2	60	18.7	28.1	10.75	 .0715	0.00	234	1	100.0	10
01/12/14	2:40 a	23.4	23.5	23.4	83	20.4	1.3	SSE	0.80	3.6	SSW	23.4	24.7	24.7	23.9	756.1	0.00	0.0	0	0.00	0	0.0	0.00	0.0	0.000	0.035	27.2	60	18.7	28.1	10.75	 .0715	0.00	234	1	100.0	10
01/12/14	2:50 a	23.4	23.4	23.4	83	20.4	1.3	S	0.80	2.7	SSW	23.4	24.7	24.7	23.9	756.0	0.00	0.0	0	0.00	0	0.0	0.00	0.0	0.000	0.035	27.2	60	18.7	28.1	10.75	 .0715	0.00	234	1	100.0	10
01/12/14	3:00 a	23.4	23.4	23.4	83	20.3	1.3	S	0.80	2.7	S	23.4	24.6	24.6	23.8	756.0	0.00	0.0	0	0.00	0	0.0	0.00	0.0	0.000	0.035	27.2	60	18.7	28.1	10.75	 .0715	0.03	234	1	100.0	10
01/12/14	3:10 a	23.3	23.4	23.3	84	20.5	0.9	S	0.54	2.2	S	23.3	24.6	24.6	23.8	756.0	0.00	0.0	0	0.00	0	0.0	0.00	0.0	0.000	0.035	27.1	60	18.7	28.0	10.75	 .0715	0.00	234	1	100.0	10
01/12/14	3:20 a	23.2	23.3	23.2	84	20.4	0.9	S	0.54	3.1	SE	23.2	24.4	24.4	23.6	756.1	0.00	0.0	0	0.00	0	0.0	0.00	0.0	0.000	0.034	27.1	60	18.7	28.0	10.75	 .0715	0.00	234	1	100.0	10
01/12/14	3:30 a	23.2	23.3	23.2	84	20.4	1.3	S	0.80	3.1	SSE	23.2	24.4	24.4	23.6	756.1	0.00	0.0	0	0.00	0	0.0	0.00	0.0	0.000	0.034	27.1	60	18.7	28.0	10.75	 .0715	0.00	235	1	100.0	10
01/12/14	3:40 a	23.3	23.3	23.2	83	20.3	1.8	SSE	1.07	3.6	SSW	23.3	24.5	24.5	23.7	756.1	0.00	0.0	0	0.00	0	0.0	0.00	0.0	0.000	0.035	27.1	60	18.7	28.0	10.75	 .0715	0.00	234	1	100.0	10
01/12/14	3:50 a	23.4	23.4	23.3	82	20.2	1.8	S	1.07	4.0	SSW	23.4	24.7	24.7	23.9	756.1	0.00	0.0	0	0.00	0	0.0	0.00	0.0	0.000	0.035	27.1	60	18.7	28.0	10.75	 .0715	0.00	234	1	100.0	10
01/12/14	4:00 a	23.4	23.4	23.4	82	20.2	1.3	S	0.80	3.1	SSW	23.4	24.7	24.7	23.9	756.1	0.00	0.0	0	0.00	0	0.0	0.00	0.0	0.000	0.035	27.1	60	18.7	28.0	10.75	 .0715	0.03	234	1	100.0	10
01/12/14	4:10 a	23.4	23.4	23.4	82	20.2	1.8	S	1.07	3.6	S	23.4	24.7	24.7	23.9	756.2	0.00	0.0	0	0.00	0	0.0	0.00	0.0	0.000	0.035	27.1	60	18.7	28.0	10.75	 .0715	0.00	234	1	100.0	10
01/12/14	4:20 a	23.4	23.4	23.4	82	20.2	1.8	SSE	1.07	3.6	SSW	23.4	24.7	24.7	23.9	756.3	0.00	0.0	0	0.00	0	0.0	0.00	0.0	0.000	0.035	27.1	60	18.6	27.9	10.75	 .0715	0.00	234	1	100.0	10
01/12/14	4:30 a	23.5	23.5	23.4	82	20.2	2.2	SSE	1.34	4.9	SSE	23.5	24.8	24.8	24.0	756.3	0.00	0.0	0	0.00	0	0.0	0.00	0.0	0.000	0.036	27.1	60	18.6	27.9	10.75	 .0715	0.00	234	1	100.0	10
01/12/14	4:40 a	23.6	23.6	23.4	82	20.4	3.1	SSE	1.88	6.3	S	23.6	24.9	24.9	24.2	756.4	0.00	0.0	0	0.00	0	0.0	0.00	0.0	0.000	0.037	27.1	60	18.6	27.9	10.75	 .0715	0.00	235	1	100.0	10
01/12/14	4:50 a	23.6	23.6	23.6	82	20.4	2.2	S	1.34	6.3	S	23.6	24.9	24.9	24.2	756.6	0.00	0.0	0	0.00	0	0.0	0.00	0.0	0.000	0.037	27.1	60	18.6	27.9	10.75	 .0716	0.00	234	1	100.0	10
01/12/14	5:00 a	23.5	23.6	23.5	82	20.2	1.8	SSE	1.07	4.5	SSW	23.5	24.8	24.8	24.0	756.8	0.00	0.0	0	0.00	0	0.0	0.00	0.0	0.000	0.036	27.1	60	18.6	27.9	10.75	 .0716	0.03	234	1	100.0	10
01/12/14	5:10 a	23.5	23.5	23.4	83	20.4	1.3	S	0.80	3.1	SSE	23.5	24.8	24.8	24.0	756.9	0.00	0.0	0	0.00	0	0.0	0.00	0.0	0.000	0.036	27.1	60	18.6	27.9	10.75	 .0716	0.00	234	1	100.0	10
01/12/14	5:20 a	23.5	23.5	23.4	83	20.4	1.8	S	1.07	3.6	SSE	23.5	24.8	24.8	24.0	757.0	0.00	0.0	0	0.00	0	0.0	0.00	0.0	0.000	0.036	27.0	60	18.6	27.8	10.75	 .0716	0.00	234	1	100.0	10
01/12/14	5:30 a	23.4	23.5	23.4	83	20.4	1.8	S	1.07	4.9	S	23.4	24.7	24.7	23.9	757.1	0.00	0.0	0	0.00	0	0.0	0.00	0.0	0.000	0.035	27.0	60	18.6	27.8	10.75	 .0716	0.00	234	1	100.0	10
01/12/14	5:40 a	23.4	23.4	23.4	83	20.4	1.3	SSE	0.80	4.0	S	23.4	24.7	24.7	23.9	757.3	0.00	0.0	0	0.00	0	0.0	0.00	0.0	0.000	0.035	27.0	60	18.6	27.8	10.75	 .0716	0.00	235	1	100.0	10
01/12/14	5:50 a	23.5	23.5	23.4	82	20.2	2.2	SSE	1.34	4.9	SSE	23.5	24.8	24.8	24.1	757.3	0.00	0.0	7	0.10	16	0.0	0.00	0.0	0.000	0.036	27.0	60	18.6	27.8	10.75	 .0716	0.00	234	1	100.0	10
01/12/14	6:00 a	23.6	23.6	23.5	82	20.3	2.2	S	1.34	5.4	SSE	23.6	24.8	24.8	24.2	757.5	0.00	0.0	14	0.20	16	0.0	0.00	0.0	0.000	0.036	27.0	60	18.6	27.8	10.75	 .0717	0.03	234	1	100.0	10
01/12/14	6:10 a	23.4	23.6	23.4	83	20.4	1.8	S	1.07	4.9	S	23.4	24.7	24.7	24.1	757.4	0.00	0.0	11	0.16	12	0.0	0.00	0.0	0.000	0.035	27.0	60	18.6	27.8	10.75	 .0717	0.00	234	1	100.0	10
01/12/14	6:20 a	23.3	23.4	23.3	83	20.3	1.3	SSE	0.80	2.7	SSE	23.3	24.5	24.5	23.9	757.5	0.00	0.0	15	0.22	19	0.0	0.00	0.0	0.000	0.035	27.0	60	18.6	27.8	10.75	 .0717	0.00	234	1	100.0	10
01/12/14	6:30 a	23.3	23.4	23.3	84	20.5	1.8	S	1.07	2.7	SSW	23.3	24.6	24.6	24.1	757.7	0.00	0.0	24	0.34	30	0.0	0.00	0.0	0.000	0.035	27.0	60	18.6	27.8	10.75	 .0717	0.00	234	1	100.0	10
01/12/14	6:40 a	23.4	23.4	23.3	84	20.5	1.3	SSE	0.80	2.7	SSW	23.4	24.6	24.6	24.3	757.8	0.00	0.0	38	0.54	51	0.0	0.00	0.0	0.000	0.035	27.0	60	18.6	27.8	10.75	 .0717	0.00	234	1	100.0	10
01/12/14	6:50 a	23.4	23.4	23.4	84	20.6	1.3	S	0.80	2.7	S	23.4	24.7	24.7	24.7	757.9	0.00	0.0	57	0.82	62	0.0	0.00	0.0	0.000	0.035	27.0	60	18.6	27.8	10.75	 .0717	0.00	235	1	100.0	10
01/12/14	7:00 a	23.6	23.6	23.4	83	20.5	1.3	S	0.80	3.1	S	23.6	24.9	24.9	25.0	758.0	0.00	0.0	69	0.99	90	0.5	0.04	0.5	0.000	0.036	27.1	60	18.6	27.9	10.75	 .0717	0.05	234	1	100.0	10
01/12/14	7:10 a	23.7	23.7	23.6	83	20.6	1.3	S	0.80	3.1	SSW	23.7	25.1	25.1	25.5	758.2	0.00	0.0	93	1.33	100	0.5	0.04	0.5	0.000	0.037	27.1	60	18.6	27.9	10.75	 .0717	0.00	234	1	100.0	10
01/12/14	7:20 a	23.8	23.8	23.7	83	20.7	0.9	SSE	0.54	2.7	SSE	23.8	25.3	25.3	25.7	758.1	0.00	0.0	89	1.28	104	0.5	0.04	0.6	0.000	0.038	27.1	60	18.6	27.9	10.75	 .0717	0.00	234	1	100.0	10
01/12/14	7:30 a	23.9	23.9	23.8	82	20.6	0.9	S	0.54	2.7	S	23.9	25.4	25.4	27.3	758.2	0.00	0.0	109	1.56	127	0.6	0.04	0.6	0.000	0.039	27.1	60	18.7	28.0	10.75	 .0717	0.00	234	1	100.0	10
01/12/14	7:40 a	23.9	23.9	23.9	82	20.7	0.9	S	0.54	2.7	SSW	23.9	25.4	25.4	26.8	758.2	0.00	0.0	78	1.12	90	0.6	0.04	0.6	0.000	0.039	27.1	60	18.7	28.0	10.75	 .0717	0.00	234	1	100.0	10
01/12/14	7:50 a	24.1	24.1	23.9	82	20.8	0.4	S	0.27	1.8	S	24.1	25.6	25.6	27.9	758.3	0.00	0.0	121	1.73	128	0.6	0.04	0.6	0.000	0.040	27.2	60	18.7	28.1	10.75	 .0717	0.00	235	1	100.0	10
01/12/14	8:00 a	24.2	24.2	24.1	82	20.9	1.3	S	0.80	3.1	SSW	24.2	25.8	25.8	28.2	758.3	0.00	0.0	127	1.82	185	0.6	0.04	0.7	0.000	0.041	27.2	60	18.8	28.2	10.75	 .0717	0.08	234	1	100.0	10
01/12/14	8:10 a	24.4	24.4	24.2	78	20.3	1.3	S	0.80	3.1	SSW	24.4	25.9	25.9	29.2	758.4	0.00	0.0	179	2.57	213	0.8	0.06	0.8	0.000	0.042	27.3	60	18.8	28.2	10.75	 .0717	0.00	158	1	69.3	10
