		Temp	Hi	Low	Out	Dew	Wind	Wind	Wind	Hi	Hi	Wind	Heat	THW	THSW			Rain	Solar	Solar	Hi Solar	UV 	UV 	Hi 	Heat	Cool	In 	In	In 	In 	In 	In Air		Wind	Wind	ISS 	Arc.
Date	Time	Out	Temp	Temp	Hum	Pt.	Speed	Dir	Run	Speed	Dir	Chill	Index	Index	Index	Bar  	Rain	Rate	Rad.	Energy	Rad. 	Index	Dose	UV 	D-D 	D-D 	Temp	Hum	Dew	Heat	EMC	Density	ET 	Samp	Tx 	Recept	Int.
07/09/14	12:10 a	28.8	28.8	28.8	60	20.2	5.4	E	3.22	13.0	ENE	27.9	30.7	29.8	29.2	754.7	0.00	0.0	0	0.00	0	0.0	0.00	0.0	0.000	0.073	35.5	39	19.4	38.4	7.13	 .0693	0.00	232	1	100.0	10
07/09/14	12:20 a	28.8	28.8	28.7	60	20.2	5.4	E	3.22	11.6	ESE	27.9	30.7	29.8	29.2	754.6	0.00	0.0	0	0.00	0	0.0	0.00	0.0	0.000	0.073	35.4	39	19.4	38.3	7.13	 .0694	0.00	234	1	100.0	10
07/09/14	12:30 a	28.8	28.8	28.7	60	20.2	5.4	E	3.22	12.5	ESE	27.9	30.7	29.8	29.2	754.4	0.00	0.0	0	0.00	0	0.0	0.00	0.0	0.000	0.073	35.4	39	19.3	38.2	7.14	 .0694	0.00	234	1	100.0	10
07/09/14	12:40 a	28.7	28.8	28.7	61	20.4	6.7	E	4.02	13.4	ESE	27.4	30.7	29.4	28.8	754.4	0.00	0.0	0	0.00	0	0.0	0.00	0.0	0.000	0.072	35.4	39	19.3	38.2	7.14	 .0694	0.00	235	1	100.0	10
07/09/14	12:50 a	28.6	28.7	28.6	61	20.3	6.3	E	3.76	11.6	SE	27.4	30.4	29.3	28.7	754.4	0.00	0.0	0	0.00	0	0.0	0.00	0.0	0.000	0.071	35.3	39	19.3	38.1	7.14	 .0694	0.00	234	1	100.0	10
07/09/14	1:00 a	28.4	28.6	28.4	62	20.5	6.3	E	3.76	11.2	ENE	27.2	30.3	29.1	28.5	754.3	0.00	0.0	0	0.00	0	0.0	0.00	0.0	0.000	0.070	35.3	39	19.2	38.0	7.14	 .0694	0.15	234	1	100.0	10
07/09/14	1:10 a	28.4	28.4	28.4	62	20.4	5.8	E	3.49	11.6	E	27.3	30.2	29.1	28.5	754.3	0.00	0.0	0	0.00	0	0.0	0.00	0.0	0.000	0.070	35.2	39	19.2	37.9	7.14	 .0694	0.00	234	1	100.0	10
07/09/14	1:20 a	28.3	28.4	28.3	62	20.3	6.3	E	3.76	12.5	ENE	27.1	30.0	28.8	28.2	754.0	0.00	0.0	0	0.00	0	0.0	0.00	0.0	0.000	0.069	35.2	39	19.2	37.9	7.14	 .0694	0.00	234	1	100.0	10
07/09/14	1:30 a	28.3	28.3	28.3	63	20.6	4.9	E	2.95	12.1	ESE	27.4	30.2	29.3	28.7	754.0	0.00	0.0	0	0.00	0	0.0	0.00	0.0	0.000	0.069	35.2	39	19.1	37.8	7.14	 .0694	0.00	234	1	100.0	10
07/09/14	1:40 a	28.2	28.3	28.2	63	20.5	5.4	E	3.22	11.2	E	27.2	29.9	28.9	28.3	754.0	0.00	0.0	0	0.00	0	0.0	0.00	0.0	0.000	0.068	35.1	40	19.5	38.0	7.25	 .0694	0.00	234	1	100.0	10
07/09/14	1:50 a	28.1	28.2	28.1	63	20.4	5.4	E	3.22	10.3	ESE	27.1	29.9	28.9	28.3	753.8	0.00	0.0	0	0.00	0	0.0	0.00	0.0	0.000	0.068	35.1	40	19.5	38.0	7.25	 .0693	0.00	235	1	100.0	10
07/09/14	2:00 a	28.2	28.2	28.1	63	20.5	5.8	E	3.49	12.1	E	27.0	29.9	28.8	28.2	753.8	0.00	0.0	0	0.00	0	0.0	0.00	0.0	0.000	0.068	35.1	40	19.4	37.9	7.25	 .0694	0.13	234	1	100.0	10
07/09/14	2:10 a	28.2	28.2	28.2	63	20.5	5.4	E	3.22	9.8	ESE	27.2	29.9	28.9	28.3	753.7	0.00	0.0	0	0.00	0	0.0	0.00	0.0	0.000	0.068	35.0	40	19.4	37.8	7.25	 .0694	0.00	234	1	100.0	10
07/09/14	2:20 a	28.1	28.2	28.1	63	20.4	5.4	E	3.22	10.7	E	27.1	29.9	28.9	28.3	753.7	0.00	0.0	0	0.00	0	0.0	0.00	0.0	0.000	0.068	35.0	40	19.4	37.8	7.25	 .0694	0.00	234	1	100.0	10
07/09/14	2:30 a	28.1	28.1	28.0	64	20.6	5.4	E	3.22	11.2	ENE	27.1	29.9	28.9	28.3	753.7	0.00	0.0	0	0.00	0	0.0	0.00	0.0	0.000	0.068	34.9	40	19.3	37.7	7.25	 .0694	0.00	234	1	100.0	10
07/09/14	2:40 a	27.9	28.1	27.9	64	20.5	4.5	E	2.68	9.8	ESE	27.2	29.7	29.0	28.3	753.6	0.00	0.0	0	0.00	0	0.0	0.00	0.0	0.000	0.067	34.9	40	19.3	37.7	7.25	 .0694	0.00	234	1	100.0	10
07/09/14	2:50 a	27.9	27.9	27.9	64	20.5	4.9	E	2.95	10.3	ESE	27.1	29.7	28.8	28.2	753.6	0.00	0.0	0	0.00	0	0.0	0.00	0.0	0.000	0.067	34.9	40	19.3	37.7	7.25	 .0694	0.00	234	1	100.0	10
07/09/14	3:00 a	28.0	28.0	27.9	64	20.6	4.5	ESE	2.68	10.7	ESE	27.3	29.8	29.1	28.4	753.6	0.00	0.0	0	0.00	0	0.0	0.00	0.0	0.000	0.067	34.9	40	19.3	37.7	7.25	 .0694	0.13	235	1	100.0	10
07/09/14	3:10 a	27.9	28.0	27.9	64	20.5	4.5	E	2.68	9.8	ESE	27.2	29.7	29.0	28.3	753.5	0.00	0.0	0	0.00	0	0.0	0.00	0.0	0.000	0.067	34.9	40	19.3	37.6	7.26	 .0694	0.00	234	1	100.0	10
07/09/14	3:20 a	27.8	27.9	27.8	64	20.4	4.5	E	2.68	8.5	E	27.1	29.6	28.8	28.1	753.5	0.00	0.0	0	0.00	0	0.0	0.00	0.0	0.000	0.066	34.9	40	19.3	37.6	7.26	 .0694	0.00	234	1	100.0	10
07/09/14	3:30 a	27.8	27.8	27.8	64	20.4	4.9	E	2.95	10.7	SSE	26.9	29.6	28.6	27.9	753.4	0.00	0.0	0	0.00	0	0.0	0.00	0.0	0.000	0.066	34.9	40	19.3	37.6	7.26	 .0694	0.00	234	1	100.0	10
07/09/14	3:40 a	27.8	27.9	27.8	64	20.4	4.5	E	2.68	9.4	ENE	27.1	29.6	28.8	28.1	753.4	0.00	0.0	0	0.00	0	0.0	0.00	0.0	0.000	0.066	34.8	40	19.2	37.4	7.26	 .0694	0.00	234	1	100.0	10
07/09/14	3:50 a	27.8	27.8	27.8	64	20.3	4.9	E	2.95	9.8	ESE	26.8	29.4	28.5	27.8	753.4	0.00	0.0	0	0.00	0	0.0	0.00	0.0	0.000	0.066	34.8	40	19.2	37.4	7.26	 .0694	0.00	234	1	100.0	10
07/09/14	4:00 a	27.8	27.8	27.7	64	20.3	5.4	E	3.22	10.7	E	26.7	29.4	28.4	27.8	753.4	0.00	0.0	0	0.00	0	0.0	0.00	0.0	0.000	0.066	34.8	40	19.2	37.3	7.27	 .0694	0.10	235	1	100.0	10
07/09/14	4:10 a	27.7	27.8	27.7	64	20.2	4.9	E	2.95	12.1	E	26.7	29.3	28.3	27.7	753.5	0.00	0.0	0	0.00	0	0.0	0.00	0.0	0.000	0.065	34.8	40	19.2	37.3	7.27	 .0694	0.00	234	1	100.0	10
07/09/14	4:20 a	27.6	27.7	27.6	65	20.4	4.9	E	2.95	9.8	E	26.6	29.2	28.2	27.6	753.6	0.00	0.0	0	0.00	0	0.0	0.00	0.0	0.000	0.064	34.8	40	19.2	37.3	7.27	 .0694	0.00	234	1	100.0	10
07/09/14	4:30 a	27.4	27.6	27.4	66	20.5	4.5	E	2.68	8.5	E	26.6	29.1	28.3	27.6	753.6	0.00	0.0	0	0.00	0	0.0	0.00	0.0	0.000	0.063	34.7	40	19.1	37.3	7.27	 .0695	0.00	234	1	100.0	10
07/09/14	4:40 a	27.4	27.4	27.4	66	20.5	4.9	E	2.95	9.4	E	26.4	29.0	28.0	27.3	753.8	0.00	0.0	0	0.00	0	0.0	0.00	0.0	0.000	0.063	34.7	40	19.1	37.3	7.27	 .0695	0.00	234	1	100.0	10
07/09/14	4:50 a	27.4	27.4	27.3	66	20.5	4.0	E	2.41	8.5	ENE	26.8	29.0	28.4	27.7	753.8	0.00	0.0	0	0.00	0	0.0	0.00	0.0	0.000	0.063	34.7	40	19.1	37.3	7.27	 .0695	0.00	234	1	100.0	10
07/09/14	5:00 a	27.3	27.3	27.3	67	20.7	4.0	E	2.41	8.5	ESE	26.8	29.0	28.4	27.7	753.9	0.00	0.0	0	0.00	0	0.0	0.00	0.0	0.000	0.062	34.7	40	19.1	37.3	7.27	 .0695	0.10	234	1	100.0	10
07/09/14	5:10 a	27.3	27.4	27.3	67	20.7	4.0	E	2.41	8.0	ENE	26.8	29.0	28.4	27.7	754.0	0.00	0.0	0	0.00	0	0.0	0.00	0.0	0.000	0.062	34.7	41	19.5	37.4	7.47	 .0695	0.00	235	1	100.0	10
07/09/14	5:20 a	27.3	27.3	27.3	67	20.7	4.0	E	2.41	8.0	E	26.8	29.0	28.4	27.7	754.0	0.00	0.0	0	0.00	0	0.0	0.00	0.0	0.000	0.062	34.6	41	19.4	37.3	7.48	 .0695	0.00	234	1	100.0	10
07/09/14	5:30 a	27.4	27.4	27.3	66	20.5	4.0	E	2.41	8.9	ENE	26.8	29.0	28.4	27.7	754.0	0.00	0.0	0	0.00	0	0.0	0.00	0.0	0.000	0.063	34.6	41	19.4	37.3	7.48	 .0695	0.00	234	1	100.0	10
07/09/14	5:40 a	27.4	27.4	27.4	66	20.5	4.0	E	2.41	8.9	ENE	26.9	29.1	28.6	27.8	754.1	0.00	0.0	0	0.00	0	0.0	0.00	0.0	0.000	0.063	34.6	41	19.4	37.2	7.48	 .0695	0.00	234	1	100.0	10
07/09/14	5:50 a	27.5	27.5	27.4	66	20.6	4.0	E	2.41	7.2	E	27.0	29.2	28.7	28.0	754.1	0.00	0.0	0	0.00	0	0.0	0.00	0.0	0.000	0.064	34.5	41	19.3	37.1	7.49	 .0695	0.00	234	1	100.0	10
07/09/14	6:00 a	27.5	27.5	27.5	66	20.6	3.6	E	2.15	6.3	ESE	27.3	29.2	29.1	28.3	754.2	0.00	0.0	0	0.00	0	0.0	0.00	0.0	0.000	0.064	34.5	41	19.3	37.1	7.49	 .0695	0.10	234	1	100.0	10
07/09/14	6:10 a	27.6	27.6	27.5	66	20.6	3.6	E	2.15	8.0	E	27.4	29.3	29.1	28.4	754.3	0.00	0.0	0	0.00	0	0.0	0.00	0.0	0.000	0.064	34.5	41	19.3	37.1	7.49	 .0695	0.00	235	1	100.0	10
07/09/14	6:20 a	27.5	27.6	27.5	66	20.6	3.6	E	2.15	6.3	E	27.3	29.2	29.1	28.4	754.4	0.00	0.0	3	0.04	9	0.0	0.00	0.0	0.000	0.064	34.4	41	19.3	37.0	7.49	 .0696	0.00	234	1	100.0	10
07/09/14	6:30 a	27.6	27.6	27.5	66	20.6	4.0	E	2.41	6.7	ENE	27.1	29.3	28.8	28.3	754.5	0.00	0.0	16	0.23	23	0.0	0.00	0.0	0.000	0.064	34.4	41	19.3	37.0	7.49	 .0696	0.00	234	1	100.0	10
07/09/14	6:40 a	27.5	27.6	27.5	66	20.6	3.6	E	2.15	6.3	ENE	27.3	29.2	29.1	28.7	754.6	0.00	0.0	31	0.44	39	0.0	0.00	0.0	0.000	0.064	34.4	41	19.3	37.0	7.49	 .0696	0.00	234	1	100.0	10
07/09/14	6:50 a	27.5	27.5	27.5	66	20.6	3.1	E	1.88	7.2	E	27.5	29.2	29.2	29.1	754.7	0.00	0.0	47	0.67	54	0.0	0.00	0.0	0.000	0.064	34.4	41	19.3	37.0	7.49	 .0696	0.00	234	1	100.0	10
07/09/14	7:00 a	27.5	27.5	27.5	66	20.6	3.1	E	1.88	6.3	ESE	27.5	29.2	29.2	29.3	754.7	0.00	0.0	65	0.93	72	0.0	0.00	0.0	0.000	0.064	34.4	41	19.3	37.0	7.49	 .0696	0.10	234	1	100.0	10
07/09/14	7:10 a	27.6	27.6	27.5	66	20.6	3.1	E	1.88	5.4	E	27.6	29.3	29.3	29.6	754.9	0.00	0.0	82	1.18	91	0.1	0.01	0.5	0.000	0.064	34.4	41	19.3	37.0	7.49	 .0696	0.00	234	1	100.0	10
07/09/14	7:20 a	27.6	27.6	27.6	66	20.7	2.7	E	1.61	5.4	ENE	27.6	29.4	29.4	29.9	755.0	0.00	0.0	100	1.43	107	0.5	0.04	0.6	0.000	0.064	34.4	41	19.3	37.0	7.49	 .0696	0.00	235	1	100.0	10
07/09/14	7:30 a	27.6	27.7	27.6	66	20.7	3.6	E	2.15	7.2	ESE	27.4	29.4	29.2	29.9	755.2	0.00	0.0	116	1.66	123	0.6	0.04	0.7	0.000	0.064	34.4	41	19.3	37.0	7.49	 .0696	0.00	234	1	100.0	10
07/09/14	7:40 a	27.7	27.7	27.6	66	20.8	3.1	E	1.88	6.3	E	27.7	29.6	29.6	30.6	755.2	0.00	0.0	132	1.89	139	0.8	0.06	0.8	0.000	0.065	34.4	41	19.3	37.0	7.49	 .0696	0.00	234	1	100.0	10
07/09/14	7:50 a	27.8	27.8	27.7	65	20.6	3.6	E	2.15	5.8	ENE	27.6	29.6	29.4	31.8	755.3	0.00	0.0	148	2.12	156	0.9	0.06	0.9	0.000	0.066	34.4	41	19.3	37.0	7.49	 .0697	0.00	234	1	100.0	10
07/09/14	8:00 a	27.9	27.9	27.8	65	20.8	3.6	E	2.15	5.4	ENE	27.8	29.8	29.7	32.4	755.4	0.00	0.0	171	2.45	185	1.1	0.08	1.1	0.000	0.067	34.4	41	19.3	37.0	7.49	 .0697	0.15	234	1	100.0	10
07/09/14	8:10 a	28.1	28.1	27.9	64	20.6	3.1	E	1.88	5.4	E	28.1	29.9	29.9	33.4	755.4	0.00	0.0	199	2.85	214	1.2	0.09	1.3	0.000	0.068	34.4	41	19.3	37.0	7.49	 .0697	0.00	234	1	100.0	10
07/09/14	8:20 a	28.3	28.3	28.1	63	20.6	2.7	E	1.61	7.2	E	28.3	30.2	30.2	34.4	755.5	0.00	0.0	232	3.33	244	1.4	0.10	1.5	0.000	0.069	34.4	41	19.3	37.0	7.49	 .0697	0.00	235	1	100.0	10
07/09/14	8:30 a	28.4	28.4	28.2	63	20.7	3.6	E	2.15	7.2	ENE	28.2	30.3	30.2	34.4	755.5	0.00	0.0	258	3.70	272	1.6	0.11	1.7	0.000	0.070	34.5	41	19.3	37.1	7.49	 .0697	0.00	234	1	100.0	10
07/09/14	8:40 a	28.6	28.6	28.4	62	20.6	3.1	E	1.88	6.7	E	28.6	30.7	30.7	35.4	755.6	0.00	0.0	292	4.19	304	1.9	0.14	2.0	0.000	0.071	34.4	41	19.3	37.0	7.49	 .0697	0.00	234	1	100.0	10
07/09/14	8:50 a	28.8	28.8	28.6	61	20.6	3.6	E	2.15	8.9	E	28.7	31.0	30.8	35.7	755.7	0.00	0.0	326	4.67	339	2.1	0.15	2.2	0.000	0.073	34.5	41	19.3	37.1	7.49	 .0697	0.00	234	1	100.0	10
07/09/14	9:00 a	29.1	29.1	28.8	60	20.5	4.0	E	2.41	6.7	E	28.7	31.2	30.8	35.6	755.7	0.00	0.0	341	4.89	343	2.3	0.16	2.4	0.000	0.074	34.5	41	19.3	37.1	7.49	 .0697	0.25	234	1	100.0	10
07/09/14	9:10 a	29.2	29.2	29.1	60	20.7	3.6	E	2.15	8.5	E	29.1	31.5	31.4	36.3	755.8	0.00	0.0	352	5.05	359	2.5	0.18	2.6	0.000	0.076	34.5	41	19.3	37.1	7.49	 .0697	0.00	234	1	100.0	10
07/09/14	9:20 a	29.5	29.5	29.2	59	20.6	3.6	E	2.15	8.0	ENE	29.4	31.8	31.7	36.7	755.8	0.00	0.0	376	5.39	388	2.7	0.19	2.8	0.000	0.078	34.5	41	19.3	37.1	7.49	 .0697	0.00	234	1	100.0	10
07/09/14	9:30 a	29.7	29.7	29.5	58	20.6	4.0	E	2.41	8.9	E	29.4	32.1	31.8	36.7	755.7	0.00	0.0	392	5.62	396	2.9	0.21	2.9	0.000	0.079	34.6	41	19.4	37.2	7.48	 .0697	0.00	235	1	100.0	10
07/09/14	9:40 a	30.0	30.0	29.7	57	20.6	4.0	E	2.41	9.4	E	29.7	32.4	32.2	36.7	755.7	0.00	0.0	387	5.55	390	3.0	0.21	3.0	0.000	0.081	34.6	41	19.4	37.2	7.48	 .0697	0.00	234	1	100.0	10
07/09/14	9:50 a	30.3	30.3	30.0	56	20.5	4.0	E	2.41	11.6	ENE	30.1	32.8	32.6	37.0	755.5	0.00	0.0	385	5.52	390	3.1	0.22	3.1	0.000	0.083	34.6	41	19.4	37.2	7.48	 .0696	0.00	234	1	100.0	10
07/09/14	10:00 a	30.4	30.4	30.3	55	20.4	4.0	E	2.41	9.4	E	30.2	33.0	32.8	37.1	755.5	0.00	0.0	379	5.43	380	3.1	0.22	3.1	0.000	0.084	34.6	41	19.4	37.3	7.48	 .0696	0.36	234	1	100.0	10
07/09/14	10:10 a	30.7	30.7	30.4	55	20.6	4.5	E	2.68	8.5	ESE	30.3	33.4	33.1	37.1	755.4	0.00	0.0	383	5.49	387	3.1	0.22	3.2	0.000	0.086	34.6	41	19.4	37.3	7.48	 .0696	0.00	234	1	100.0	10
07/09/14	10:20 a	30.8	30.8	30.7	54	20.4	3.6	E	2.15	8.9	ESE	30.8	33.4	33.3	37.6	755.4	0.00	0.0	378	5.42	383	3.2	0.23	3.2	0.000	0.087	34.6	41	19.4	37.3	7.48	 .0696	0.00	234	1	100.0	10
07/09/14	10:30 a	30.8	30.9	30.8	54	20.4	4.9	E	2.95	9.8	ESE	30.4	33.3	32.9	36.6	755.4	0.00	0.0	373	5.35	374	3.2	0.23	3.2	0.000	0.086	34.7	41	19.5	37.4	7.47	 .0696	0.00	234	1	100.0	10
07/09/14	10:40 a	30.9	30.9	30.8	53	20.2	4.0	E	2.41	9.4	E	30.8	33.3	33.2	37.0	755.3	0.00	0.0	376	5.39	380	3.3	0.24	3.3	0.000	0.088	34.7	41	19.5	37.4	7.47	 .0696	0.00	235	1	100.0	10
07/09/14	10:50 a	31.1	31.1	30.9	53	20.4	4.5	E	2.68	8.9	E	30.9	33.6	33.3	37.2	755.2	0.00	0.0	390	5.59	403	3.4	0.24	3.5	0.000	0.089	34.7	41	19.5	37.6	7.47	 .0696	0.00	234	1	100.0	10
07/09/14	11:00 a	31.3	31.3	31.1	53	20.6	3.6	E	2.15	8.9	ESE	31.3	34.1	34.0	38.4	755.3	0.00	0.0	424	6.08	448	3.7	0.26	4.0	0.000	0.090	34.7	41	19.5	37.6	7.47	 .0696	0.38	234	1	100.0	10
07/09/14	11:10 a	31.6	31.6	31.4	52	20.5	4.0	E	2.41	8.9	E	31.5	34.4	34.3	38.9	755.3	0.00	0.0	478	6.85	497	4.2	0.30	4.3	0.000	0.092	34.8	41	19.6	37.7	7.47	 .0695	0.00	234	1	100.0	10
07/09/14	11:20 a	31.8	31.8	31.6	51	20.4	4.0	E	2.41	8.5	E	31.8	34.7	34.7	39.4	755.2	0.00	0.0	492	7.05	501	4.3	0.31	4.4	0.000	0.094	34.8	41	19.6	37.7	7.47	 .0695	0.00	234	1	100.0	10
07/09/14	11:30 a	32.1	32.1	31.8	50	20.3	4.0	E	2.41	7.2	SE	32.1	34.8	34.8	39.4	755.1	0.00	0.0	480	6.88	483	4.3	0.31	4.4	0.000	0.095	34.8	41	19.6	37.8	7.46	 .0695	0.00	234	1	100.0	10
07/09/14	11:40 a	32.3	32.3	32.1	49	20.2	4.5	E	2.68	8.9	E	32.3	34.9	34.9	39.5	755.0	0.00	0.0	494	7.08	517	4.5	0.32	4.7	0.000	0.097	34.9	41	19.7	37.9	7.46	 .0695	0.00	235	1	100.0	10
07/09/14	11:50 a	32.2	32.3	32.1	50	20.4	5.4	E	3.22	11.6	ENE	32.0	35.0	34.8	39.4	754.9	0.00	0.0	550	7.88	571	4.9	0.35	5.1	0.000	0.096	34.9	41	19.7	37.9	7.46	 .0695	0.00	234	1	100.0	10
07/09/14	12:00 p	32.4	32.4	32.2	47	19.7	5.4	E	3.22	12.1	E	32.3	34.9	34.8	39.5	754.8	0.00	0.0	570	8.17	578	5.2	0.37	5.2	0.000	0.098	34.9	41	19.7	37.9	7.46	 .0695	0.48	234	1	100.0	10
07/09/14	12:10 p	32.6	32.7	32.4	46	19.5	5.8	E	3.49	11.2	ENE	32.5	34.9	34.8	39.4	754.7	0.00	0.0	565	8.10	573	5.2	0.37	5.3	0.000	0.099	34.9	40	19.3	37.7	7.25	 .0695	0.00	234	1	100.0	10
07/09/14	12:20 p	32.8	32.8	32.7	46	19.6	4.9	E	2.95	10.7	E	32.8	35.3	35.3	40.2	754.5	0.00	0.0	570	8.17	575	5.3	0.38	5.4	0.000	0.100	35.0	40	19.4	37.8	7.25	 .0694	0.00	234	1	100.0	10
07/09/14	12:30 p	32.8	32.8	32.8	46	19.7	5.8	E	3.49	11.2	E	32.8	35.4	35.3	39.9	754.4	0.00	0.0	572	8.20	587	5.4	0.39	5.6	0.000	0.101	35.0	40	19.4	37.8	7.25	 .0694	0.00	234	1	100.0	10
07/09/14	12:40 p	33.0	33.0	32.8	45	19.5	5.4	E	3.22	10.7	ESE	33.0	35.4	35.4	40.4	754.2	0.00	0.0	602	8.63	617	5.7	0.41	5.8	0.000	0.102	35.1	40	19.4	37.9	7.25	 .0694	0.00	235	1	100.0	10
07/09/14	12:50 p	32.9	33.1	32.9	45	19.4	5.4	E	3.22	10.7	ESE	32.9	35.3	35.3	40.1	754.2	0.00	0.0	571	8.19	589	5.5	0.39	5.6	0.000	0.101	35.1	40	19.5	38.0	7.25	 .0694	0.00	234	1	100.0	10
07/09/14	1:00 p	33.2	33.2	33.0	45	19.7	4.9	E	2.95	10.7	ESE	33.2	35.8	35.8	40.6	754.0	0.00	0.0	532	7.63	547	5.2	0.37	5.3	0.000	0.103	35.1	40	19.5	38.0	7.25	 .0694	0.58	234	1	100.0	10
07/09/14	1:10 p	33.4	33.4	33.2	44	19.5	4.5	E	2.68	8.5	ESE	33.4	36.0	36.0	40.8	753.8	0.00	0.0	511	7.33	524	5.0	0.36	5.2	0.000	0.105	35.2	40	19.5	38.1	7.25	 .0693	0.00	234	1	100.0	10
07/09/14	1:20 p	33.6	33.6	33.4	44	19.7	4.0	E	2.41	8.9	ENE	33.6	36.3	36.3	41.1	753.7	0.00	0.0	481	6.90	494	4.8	0.34	4.8	0.000	0.106	35.2	40	19.5	38.1	7.25	 .0693	0.00	234	1	100.0	10
07/09/14	1:30 p	33.7	33.7	33.6	42	19.0	4.5	E	2.68	10.3	E	33.7	35.9	35.9	40.3	753.5	0.00	0.0	464	6.65	489	4.6	0.33	4.8	0.000	0.106	35.2	40	19.6	38.2	7.25	 .0693	0.00	234	1	100.0	10
07/09/14	1:40 p	33.8	33.8	33.6	42	19.1	5.4	E	3.22	11.2	ENE	33.8	36.1	36.1	40.1	753.4	0.00	0.0	457	6.55	475	4.4	0.31	4.5	0.000	0.107	35.2	40	19.6	38.2	7.25	 .0693	0.00	234	1	100.0	10
07/09/14	1:50 p	33.8	33.8	33.8	42	19.1	4.9	E	2.95	9.4	ESE	33.8	36.2	36.2	40.3	753.2	0.00	0.0	453	6.49	473	4.3	0.31	4.5	0.000	0.108	35.3	39	19.2	38.0	7.14	 .0693	0.00	235	1	100.0	10
07/09/14	2:00 p	33.9	33.9	33.8	41	18.8	4.5	E	2.68	9.8	ENE	33.9	36.1	36.1	40.0	753.0	0.00	0.0	405	5.81	425	3.9	0.28	4.0	0.000	0.108	35.3	39	19.2	38.0	7.14	 .0693	0.51	234	1	100.0	10
07/09/14	2:10 p	33.9	33.9	33.9	42	19.2	4.9	E	2.95	10.7	E	33.9	36.3	36.3	39.8	753.0	0.00	0.0	381	5.46	390	3.6	0.26	3.7	0.000	0.108	35.3	39	19.2	38.0	7.14	 .0693	0.00	234	1	100.0	10
07/09/14	2:20 p	34.2	34.2	33.9	42	19.4	3.1	E	1.88	8.0	ESE	34.2	36.8	36.8	40.8	753.0	0.00	0.0	381	5.46	388	3.6	0.26	3.6	0.000	0.110	35.3	39	19.3	38.1	7.14	 .0692	0.00	234	1	100.0	10
07/09/14	2:30 p	33.9	34.2	33.9	42	19.2	4.9	E	2.95	8.5	E	33.9	36.4	36.4	40.0	752.9	0.00	0.0	390	5.59	413	3.5	0.25	3.7	0.000	0.108	35.3	39	19.3	38.1	7.14	 .0692	0.00	234	1	100.0	10
07/09/14	2:40 p	34.0	34.1	33.9	42	19.3	3.6	E	2.15	6.3	E	34.0	36.5	36.5	39.6	752.9	0.00	0.0	303	4.34	357	2.7	0.19	3.2	0.000	0.109	35.3	39	19.3	38.1	7.14	 .0692	0.00	234	1	100.0	10
07/09/14	2:50 p	33.9	34.0	33.9	44	19.9	3.6	ENE	2.15	5.8	ENE	33.9	36.8	36.8	38.9	752.9	0.00	0.0	214	3.07	243	1.9	0.14	2.1	0.000	0.108	35.4	39	19.3	38.2	7.14	 .0692	0.00	234	1	100.0	10
07/09/14	3:00 p	33.4	33.9	33.4	46	20.2	4.0	ENE	2.41	5.4	ENE	33.4	36.5	36.5	38.4	752.9	0.00	0.0	204	2.92	223	1.8	0.13	2.0	0.000	0.105	35.4	39	19.3	38.2	7.14	 .0692	0.38	235	1	100.0	10
07/09/14	3:10 p	33.2	33.4	33.2	46	20.0	3.6	ENE	2.15	5.8	E	33.2	36.1	36.1	37.6	752.9	0.00	0.0	156	2.24	172	1.4	0.10	1.6	0.000	0.103	35.4	39	19.3	38.2	7.14	 .0692	0.00	234	1	100.0	10
07/09/14	3:20 p	33.2	33.2	33.1	46	20.0	3.6	ENE	2.15	6.7	E	33.2	36.0	36.0	37.9	752.9	0.00	0.0	194	2.78	239	1.8	0.13	2.1	0.000	0.103	35.4	39	19.3	38.2	7.14	 .0692	0.00	234	1	100.0	10
07/09/14	3:30 p	33.3	33.3	33.1	46	20.1	4.0	ENE	2.41	5.8	ENE	33.3	36.2	36.2	39.1	752.8	0.00	0.0	281	4.03	332	2.3	0.16	2.5	0.000	0.104	35.4	39	19.3	38.2	7.14	 .0692	0.00	234	1	100.0	10
07/09/14	3:40 p	33.3	33.3	33.3	46	20.1	4.0	ENE	2.41	6.7	ENE	33.3	36.2	36.2	39.2	752.8	0.00	0.0	290	4.16	316	2.3	0.16	2.5	0.000	0.104	35.4	39	19.3	38.2	7.14	 .0692	0.00	234	1	100.0	10
07/09/14	3:50 p	33.3	33.3	33.1	47	20.4	4.0	ENE	2.41	6.7	ENE	33.3	36.4	36.4	39.1	752.8	0.00	0.0	254	3.64	295	2.2	0.16	2.3	0.000	0.104	35.4	39	19.3	38.2	7.14	 .0692	0.00	234	1	100.0	10
07/09/14	4:00 p	33.4	33.4	33.3	46	20.2	3.6	ENE	2.15	5.4	E	33.4	36.4	36.4	39.6	752.7	0.00	0.0	283	4.06	316	2.2	0.16	2.3	0.000	0.105	35.4	39	19.3	38.2	7.14	 .0692	0.30	235	1	100.0	10
07/09/14	4:10 p	33.6	33.6	33.3	45	20.0	3.1	ENE	1.88	5.8	ENE	33.6	36.5	36.5	40.1	752.7	0.00	0.0	308	4.42	364	2.2	0.16	2.3	0.000	0.106	35.4	39	19.3	38.2	7.14	 .0692	0.00	234	1	100.0	10
07/09/14	4:20 p	33.8	33.8	33.6	44	19.8	4.5	ENE	2.68	6.7	ENE	33.8	36.6	36.6	39.9	752.7	0.00	0.0	308	4.42	338	2.1	0.15	2.1	0.000	0.107	35.4	39	19.3	38.2	7.14	 .0692	0.00	234	1	100.0	10
07/09/14	4:30 p	33.8	33.8	33.7	44	19.8	4.0	ENE	2.41	7.2	E	33.8	36.6	36.6	40.2	752.8	0.00	0.0	313	4.49	339	1.9	0.14	2.1	0.000	0.107	35.4	39	19.4	38.3	7.13	 .0692	0.00	234	1	100.0	10
07/09/14	4:40 p	33.7	33.8	33.7	44	19.8	3.6	ENE	2.15	8.0	ENE	33.7	36.5	36.5	38.9	752.8	0.00	0.0	202	2.90	243	1.4	0.10	1.6	0.000	0.107	35.4	39	19.4	38.3	7.13	 .0692	0.00	234	1	100.0	10
07/09/14	4:50 p	33.7	33.8	33.7	44	19.8	3.6	E	2.15	5.8	ENE	33.7	36.5	36.5	38.2	752.9	0.00	0.0	147	2.11	163	1.1	0.08	1.2	0.000	0.107	35.4	39	19.4	38.3	7.13	 .0692	0.00	234	1	100.0	10
07/09/14	5:00 p	33.7	33.7	33.7	45	20.1	2.7	E	1.61	5.4	E	33.7	36.8	36.8	39.2	752.9	0.00	0.0	173	2.48	176	1.1	0.08	1.1	0.000	0.107	35.5	39	19.4	38.4	7.13	 .0692	0.30	234	1	100.0	10
07/09/14	5:10 p	33.4	33.8	33.4	45	19.9	3.1	E	1.88	8.0	SE	33.4	36.3	36.3	38.6	752.9	0.00	0.0	164	2.35	172	0.9	0.06	1.0	0.000	0.105	35.5	39	19.4	38.4	7.13	 .0692	0.00	235	1	100.0	10
07/09/14	5:20 p	33.3	33.4	33.3	46	20.1	3.6	E	2.15	7.2	E	33.3	36.2	36.2	38.2	752.9	0.00	0.0	142	2.04	155	0.7	0.05	0.8	0.000	0.104	35.5	39	19.4	38.4	7.13	 .0692	0.00	234	1	100.0	10
07/09/14	5:30 p	33.1	33.3	33.1	46	19.9	3.1	E	1.88	5.4	ESE	33.1	35.8	35.8	37.1	753.1	0.00	0.0	93	1.33	111	0.5	0.04	0.6	0.000	0.102	35.5	39	19.4	38.4	7.13	 .0692	0.00	234	1	100.0	10
07/09/14	5:40 p	32.8	33.1	32.8	46	19.7	3.1	E	1.88	4.9	E	32.8	35.4	35.4	36.3	753.2	0.00	0.0	73	1.05	79	0.2	0.01	0.5	0.000	0.101	35.6	39	19.5	38.5	7.13	 .0692	0.00	234	1	100.0	10
07/09/14	5:50 p	32.7	32.8	32.7	47	19.9	2.7	E	1.61	6.3	ESE	32.7	35.4	35.4	36.1	753.3	0.00	0.0	60	0.86	67	0.0	0.00	0.0	0.000	0.100	35.6	39	19.5	38.5	7.13	 .0692	0.00	234	1	100.0	10
07/09/14	6:00 p	32.7	32.7	32.7	46	19.6	2.2	E	1.34	5.4	E	32.7	35.2	35.2	35.6	753.4	0.00	0.0	45	0.65	53	0.0	0.00	0.0	0.000	0.100	35.6	39	19.5	38.5	7.13	 .0692	0.18	234	1	100.0	10
07/09/14	6:10 p	32.6	32.7	32.6	45	19.1	3.6	E	2.15	7.2	ENE	32.6	34.8	34.8	34.8	753.5	0.00	0.0	28	0.40	37	0.0	0.00	0.0	0.000	0.099	35.6	39	19.5	38.5	7.13	 .0692	0.00	235	1	100.0	10
07/09/14	6:20 p	32.4	32.6	32.4	45	19.0	3.1	ESE	1.88	6.3	ESE	32.4	34.4	34.4	34.1	753.7	0.00	0.0	11	0.16	18	0.0	0.00	0.0	0.000	0.098	35.5	39	19.4	38.4	7.13	 .0693	0.00	234	1	100.0	10
07/09/14	6:30 p	32.3	32.4	32.3	46	19.2	2.7	E	1.61	5.4	ESE	32.3	34.3	34.3	33.7	753.8	0.00	0.0	0	0.00	5	0.0	0.00	0.0	0.000	0.097	35.5	39	19.4	38.4	7.13	 .0693	0.00	234	1	100.0	10
07/09/14	6:40 p	31.9	32.3	31.9	46	18.9	3.6	E	2.15	6.3	E	31.9	33.9	33.9	33.2	753.9	0.00	0.0	0	0.00	0	0.0	0.00	0.0	0.000	0.095	35.5	39	19.4	38.4	7.13	 .0693	0.00	234	1	100.0	10
07/09/14	6:50 p	31.8	31.9	31.8	47	19.1	3.1	E	1.88	5.4	E	31.8	33.8	33.8	33.0	754.0	0.00	0.0	0	0.00	0	0.0	0.00	0.0	0.000	0.093	35.5	39	19.4	38.4	7.13	 .0693	0.00	234	1	100.0	10
07/09/14	7:00 p	31.7	31.8	31.6	47	19.0	2.2	E	1.34	5.8	E	31.7	33.7	33.7	32.8	754.3	0.00	0.0	0	0.00	0	0.0	0.00	0.0	0.000	0.093	35.4	39	19.4	38.3	7.13	 .0693	0.13	235	1	100.0	10
07/09/14	7:10 p	31.5	31.6	31.4	48	19.2	2.7	E	1.61	5.8	E	31.5	33.5	33.5	32.7	754.5	0.00	0.0	0	0.00	0	0.0	0.00	0.0	0.000	0.091	35.4	39	19.4	38.3	7.13	 .0693	0.00	233	1	100.0	10
07/09/14	7:20 p	31.4	31.5	31.4	47	18.7	3.6	E	2.15	8.5	ESE	31.4	33.1	33.1	32.2	754.6	0.00	0.0	0	0.00	0	0.0	0.00	0.0	0.000	0.091	35.4	39	19.4	38.3	7.13	 .0694	0.00	235	1	100.0	10
07/09/14	7:30 p	31.3	31.4	31.3	48	19.0	2.7	E	1.61	6.7	E	31.3	33.0	33.0	32.2	754.8	0.00	0.0	0	0.00	0	0.0	0.00	0.0	0.000	0.090	35.4	39	19.3	38.2	7.14	 .0694	0.00	234	1	100.0	10
07/09/14	7:40 p	31.1	31.3	31.1	49	19.1	2.7	ESE	1.61	6.3	NE	31.1	32.8	32.8	32.0	755.0	0.00	0.0	0	0.00	0	0.0	0.00	0.0	0.000	0.089	35.4	39	19.4	38.3	7.13	 .0694	0.00	234	1	100.0	10
07/09/14	7:50 p	30.9	31.1	30.9	50	19.3	4.0	E	2.41	9.4	E	30.7	32.7	32.6	31.8	755.1	0.00	0.0	0	0.00	0	0.0	0.00	0.0	0.000	0.087	35.4	39	19.3	38.2	7.14	 .0694	0.00	234	1	100.0	10
07/09/14	8:00 p	30.7	30.9	30.7	51	19.4	4.9	E	2.95	8.9	ESE	30.3	32.7	32.3	31.6	755.2	0.00	0.0	0	0.00	0	0.0	0.00	0.0	0.000	0.086	35.4	39	19.3	38.2	7.14	 .0694	0.15	234	1	100.0	10
07/09/14	8:10 p	30.7	30.7	30.6	51	19.4	4.0	E	2.41	8.0	ENE	30.4	32.6	32.4	31.6	755.3	0.00	0.0	0	0.00	0	0.0	0.00	0.0	0.000	0.086	35.3	39	19.3	38.1	7.14	 .0695	0.00	234	1	100.0	10
07/09/14	8:20 p	30.5	30.6	30.5	52	19.5	4.0	E	2.41	7.2	E	30.3	32.6	32.3	31.6	755.5	0.00	0.0	0	0.00	0	0.0	0.00	0.0	0.000	0.084	35.3	39	19.3	38.1	7.14	 .0695	0.00	235	1	100.0	10
07/09/14	8:30 p	30.4	30.5	30.4	52	19.4	2.2	S	1.34	5.4	ESE	30.4	32.3	32.3	31.5	755.8	0.00	0.0	0	0.00	0	0.0	0.00	0.0	0.000	0.084	35.3	39	19.3	38.1	7.14	 .0695	0.00	234	1	100.0	10
07/09/14	8:40 p	30.2	30.4	30.2	52	19.2	2.7	SSE	1.61	7.2	ESE	30.2	31.9	31.9	31.1	756.0	0.00	0.0	0	0.00	0	0.0	0.00	0.0	0.000	0.082	35.3	39	19.3	38.1	7.14	 .0695	0.00	234	1	100.0	10
07/09/14	8:50 p	30.1	30.2	30.1	53	19.4	3.1	SE	1.88	8.0	E	30.1	31.8	31.8	31.0	756.0	0.00	0.0	0	0.00	0	0.0	0.00	0.0	0.000	0.081	35.3	39	19.2	38.0	7.14	 .0695	0.00	234	1	100.0	10
07/09/14	9:00 p	29.9	30.1	29.9	54	19.6	3.1	SSE	1.88	7.2	E	29.9	31.7	31.7	30.9	756.1	0.00	0.0	0	0.00	0	0.0	0.00	0.0	0.000	0.080	35.3	39	19.2	38.0	7.14	 .0695	0.13	234	1	100.0	10
07/09/14	9:10 p	29.8	29.9	29.8	55	19.8	2.7	SSE	1.61	8.0	E	29.8	31.7	31.7	30.8	756.2	0.00	0.0	0	0.00	0	0.0	0.00	0.0	0.000	0.079	35.3	39	19.2	38.0	7.14	 .0696	0.00	234	1	100.0	10
07/09/14	9:20 p	29.6	29.8	29.6	56	19.9	2.7	SSE	1.61	7.2	ESE	29.6	31.6	31.6	30.7	756.2	0.00	0.0	0	0.00	0	0.0	0.00	0.0	0.000	0.078	35.3	39	19.2	38.0	7.14	 .0696	0.00	234	1	100.0	10
07/09/14	9:30 p	29.4	29.6	29.4	56	19.7	3.6	ESE	2.15	8.0	ESE	29.3	31.2	31.1	30.3	756.2	0.00	0.0	0	0.00	0	0.0	0.00	0.0	0.000	0.077	35.3	39	19.2	38.0	7.14	 .0696	0.00	235	1	100.0	10
07/09/14	9:40 p	29.3	29.4	29.3	57	19.9	3.1	ESE	1.88	6.7	E	29.3	31.2	31.2	30.3	756.3	0.00	0.0	0	0.00	0	0.0	0.00	0.0	0.000	0.076	35.3	39	19.2	38.0	7.14	 .0696	0.00	234	1	100.0	10
07/09/14	9:50 p	29.2	29.3	29.2	57	19.8	3.6	ESE	2.15	8.9	ENE	29.1	31.1	30.9	30.2	756.3	0.00	0.0	0	0.00	0	0.0	0.00	0.0	0.000	0.076	35.2	39	19.2	37.9	7.14	 .0696	0.00	234	1	100.0	10
07/09/14	10:00 p	29.1	29.2	29.1	57	19.7	4.0	E	2.41	8.9	ESE	28.7	30.9	30.5	29.7	756.3	0.00	0.0	0	0.00	0	0.0	0.00	0.0	0.000	0.075	35.2	39	19.1	37.8	7.14	 .0696	0.13	234	1	100.0	10
07/09/14	10:10 p	29.0	29.1	29.0	57	19.6	4.0	E	2.41	7.2	ESE	28.6	30.7	30.3	29.6	756.4	0.00	0.0	0	0.00	0	0.0	0.00	0.0	0.000	0.074	35.2	39	19.1	37.8	7.14	 .0696	0.00	234	1	100.0	10
07/09/14	10:20 p	28.9	29.0	28.9	58	19.8	3.6	E	2.15	8.0	E	28.8	30.8	30.6	29.8	756.4	0.00	0.0	0	0.00	0	0.0	0.00	0.0	0.000	0.074	35.2	39	19.1	37.8	7.14	 .0696	0.00	234	1	100.0	10
07/09/14	10:30 p	28.8	28.9	28.8	58	19.7	3.1	E	1.88	6.7	E	28.8	30.6	30.6	29.8	756.4	0.00	0.0	0	0.00	0	0.0	0.00	0.0	0.000	0.073	35.1	39	19.1	37.7	7.15	 .0696	0.00	234	1	100.0	10
07/09/14	10:40 p	28.8	28.8	28.8	59	20.0	3.6	ESE	2.15	8.5	E	28.6	30.6	30.4	29.7	756.4	0.00	0.0	0	0.00	0	0.0	0.00	0.0	0.000	0.073	35.1	39	19.1	37.7	7.15	 .0696	0.00	235	1	100.0	10
07/09/14	10:50 p	28.7	28.8	28.7	59	19.9	3.6	E	2.15	7.2	ESE	28.6	30.5	30.3	29.6	756.3	0.00	0.0	0	0.00	0	0.0	0.00	0.0	0.000	0.072	35.1	39	19.0	37.6	7.15	 .0696	0.00	234	1	100.0	10
07/09/14	11:00 p	28.7	28.7	28.7	59	19.9	4.5	ESE	2.68	8.0	SE	28.1	30.4	29.8	29.1	756.3	0.00	0.0	0	0.00	0	0.0	0.00	0.0	0.000	0.072	35.1	39	19.0	37.6	7.15	 .0696	0.10	234	1	100.0	10
07/09/14	11:10 p	28.6	28.7	28.6	59	19.8	3.6	E	2.15	8.0	E	28.4	30.3	30.1	29.3	756.3	0.00	0.0	0	0.00	0	0.0	0.00	0.0	0.000	0.071	35.0	39	19.0	37.4	7.15	 .0697	0.00	234	1	100.0	10
07/09/14	11:20 p	28.6	28.6	28.6	59	19.8	3.6	E	2.15	8.0	E	28.4	30.3	30.1	29.3	756.3	0.00	0.0	0	0.00	0	0.0	0.00	0.0	0.000	0.071	35.0	39	19.0	37.4	7.15	 .0696	0.00	234	1	100.0	10
07/09/14	11:30 p	28.6	28.6	28.6	59	19.8	3.6	E	2.15	5.8	ENE	28.4	30.2	30.0	29.2	756.3	0.00	0.0	0	0.00	0	0.0	0.00	0.0	0.000	0.071	34.9	39	18.9	37.3	7.15	 .0697	0.00	234	1	100.0	10
07/09/14	11:40 p	28.7	28.7	28.6	58	19.6	4.0	E	2.41	8.5	ESE	28.3	30.3	29.9	29.1	756.1	0.00	0.0	0	0.00	0	0.0	0.00	0.0	0.000	0.072	34.9	39	18.9	37.2	7.15	 .0697	0.00	235	1	100.0	10
07/09/14	11:50 p	28.7	28.7	28.7	58	19.6	4.0	E	2.41	8.0	ESE	28.3	30.3	29.9	29.1	756.0	0.00	0.0	0	0.00	0	0.0	0.00	0.0	0.000	0.072	34.9	39	18.9	37.2	7.15	 .0697	0.00	234	1	100.0	10
08/09/14	12:00 a	28.7	28.7	28.7	58	19.6	3.6	E	2.15	8.0	E	28.5	30.3	30.1	29.3	755.9	0.00	0.0	0	0.00	0	0.0	0.00	0.0	0.000	0.072	34.9	39	18.9	37.2	7.15	 .0697	0.10	234	1	100.0	10
