		Temp	Hi	Low	Out	Dew	Wind	Wind	Wind	Hi	Hi	Wind	Heat	THW	THSW			Rain	Solar	Solar	Hi Solar	UV 	UV 	Hi 	Heat	Cool	In 	In	In 	In 	In 	In Air		Wind	Wind	ISS 	Arc.
Date	Time	Out	Temp	Temp	Hum	Pt.	Speed	Dir	Run	Speed	Dir	Chill	Index	Index	Index	Bar  	Rain	Rate	Rad.	Energy	Rad. 	Index	Dose	UV 	D-D 	D-D 	Temp	Hum	Dew	Heat	EMC	Density	ET 	Samp	Tx 	Recept	Int.
10/09/14	12:10 a	29.0	29.1	29.0	55	19.0	2.7	E	1.61	4.9	ENE	29.0	30.5	30.5	29.7	755.8	0.00	0.0	0	0.00	0	0.0	0.00	0.0	0.000	0.074	35.7	37	18.8	38.1	6.82	 .0695	0.00	233	1	100.0	10
10/09/14	12:20 a	28.9	29.0	28.9	55	19.0	3.1	E	1.88	6.3	ENE	28.9	30.4	30.4	29.6	755.8	0.00	0.0	0	0.00	0	0.0	0.00	0.0	0.000	0.074	35.7	37	18.8	38.1	6.82	 .0695	0.00	235	1	100.0	10
10/09/14	12:30 a	28.8	28.9	28.8	55	18.9	3.1	E	1.88	5.8	NNE	28.8	30.2	30.2	29.4	755.7	0.00	0.0	0	0.00	0	0.0	0.00	0.0	0.000	0.073	35.7	37	18.8	38.1	6.82	 .0695	0.00	234	1	100.0	10
10/09/14	12:40 a	28.7	28.8	28.7	55	18.8	3.6	E	2.15	6.3	ESE	28.6	30.1	29.9	29.1	755.6	0.00	0.0	0	0.00	0	0.0	0.00	0.0	0.000	0.072	35.7	37	18.7	37.9	6.83	 .0695	0.00	234	1	100.0	10
10/09/14	12:50 a	28.6	28.7	28.6	56	19.0	3.6	E	2.15	6.3	E	28.4	29.9	29.8	29.0	755.5	0.00	0.0	0	0.00	0	0.0	0.00	0.0	0.000	0.071	35.7	37	18.7	37.9	6.83	 .0695	0.00	234	1	100.0	10
10/09/14	1:00 a	28.5	28.6	28.5	56	18.9	3.1	E	1.88	6.3	ESE	28.5	29.8	29.8	28.9	755.5	0.00	0.0	0	0.00	0	0.0	0.00	0.0	0.000	0.071	35.7	37	18.7	37.9	6.83	 .0694	0.13	234	1	100.0	10
10/09/14	1:10 a	28.4	28.5	28.4	57	19.1	3.6	E	2.15	6.7	E	28.3	29.8	29.6	28.8	755.4	0.00	0.0	0	0.00	0	0.0	0.00	0.0	0.000	0.070	35.7	37	18.7	37.9	6.83	 .0694	0.00	234	1	100.0	10
10/09/14	1:20 a	28.3	28.4	28.3	58	19.3	4.0	E	2.41	6.7	ESE	27.9	29.7	29.2	28.4	755.2	0.00	0.0	0	0.00	0	0.0	0.00	0.0	0.000	0.069	35.6	37	18.7	37.8	6.83	 .0694	0.00	234	1	100.0	10
10/09/14	1:30 a	28.3	28.3	28.3	58	19.2	3.1	E	1.88	6.7	ENE	28.3	29.6	29.6	28.7	755.2	0.00	0.0	0	0.00	0	0.0	0.00	0.0	0.000	0.069	35.6	37	18.7	37.8	6.83	 .0694	0.00	235	1	100.0	10
10/09/14	1:40 a	28.2	28.3	28.2	59	19.4	4.0	E	2.41	8.5	ESE	27.8	29.6	29.1	28.3	755.1	0.00	0.0	0	0.00	0	0.0	0.00	0.0	0.000	0.069	35.6	37	18.6	37.8	6.83	 .0694	0.00	234	1	100.0	10
10/09/14	1:50 a	28.2	28.3	28.2	59	19.4	3.6	ESE	2.15	7.2	E	28.1	29.6	29.4	28.6	755.0	0.00	0.0	0	0.00	0	0.0	0.00	0.0	0.000	0.069	35.6	37	18.6	37.8	6.83	 .0694	0.00	234	1	100.0	10
10/09/14	2:00 a	28.1	28.2	28.1	59	19.3	4.0	E	2.41	8.5	ESE	27.7	29.4	28.9	28.2	755.0	0.00	0.0	0	0.00	0	0.0	0.00	0.0	0.000	0.068	35.5	37	18.6	37.7	6.83	 .0695	0.13	234	1	100.0	10
10/09/14	2:10 a	28.1	28.1	28.1	60	19.6	4.5	E	2.68	9.4	ESE	27.3	29.4	28.7	27.9	754.9	0.00	0.0	0	0.00	0	0.0	0.00	0.0	0.000	0.068	35.5	37	18.6	37.7	6.83	 .0694	0.00	234	1	100.0	10
10/09/14	2:20 a	28.0	28.1	27.9	60	19.5	4.0	E	2.41	9.4	E	27.5	29.3	28.8	28.1	754.8	0.00	0.0	0	0.00	0	0.0	0.00	0.0	0.000	0.067	35.4	37	18.5	37.6	6.83	 .0695	0.00	234	1	100.0	10
10/09/14	2:30 a	27.9	28.0	27.9	61	19.7	4.5	E	2.68	8.9	E	27.1	29.3	28.5	27.8	754.7	0.00	0.0	0	0.00	0	0.0	0.00	0.0	0.000	0.066	35.4	37	18.5	37.6	6.83	 .0694	0.00	235	1	100.0	10
10/09/14	2:40 a	27.8	27.9	27.8	62	19.8	4.0	E	2.41	8.5	E	27.3	29.2	28.7	27.9	754.7	0.00	0.0	0	0.00	0	0.0	0.00	0.0	0.000	0.066	35.4	38	18.9	37.8	7.04	 .0694	0.00	234	1	100.0	10
10/09/14	2:50 a	27.7	27.8	27.7	62	19.8	3.6	ESE	2.15	7.2	ESE	27.6	29.1	28.9	28.2	754.6	0.00	0.0	0	0.00	0	0.0	0.00	0.0	0.000	0.065	35.4	38	18.9	37.8	7.04	 .0694	0.00	234	1	100.0	10
10/09/14	3:00 a	27.6	27.7	27.6	63	19.9	3.1	E	1.88	8.0	E	27.6	29.1	29.1	28.2	754.5	0.00	0.0	0	0.00	0	0.0	0.00	0.0	0.000	0.064	35.4	38	18.9	37.8	7.04	 .0694	0.10	234	1	100.0	10
10/09/14	3:10 a	27.6	27.6	27.6	63	19.9	4.0	E	2.41	8.5	ESE	27.1	29.0	28.5	27.7	754.5	0.00	0.0	0	0.00	0	0.0	0.00	0.0	0.000	0.064	35.3	38	18.9	37.7	7.04	 .0694	0.00	234	1	100.0	10
10/09/14	3:20 a	27.4	27.6	27.4	63	19.8	3.1	E	1.88	6.7	E	27.4	28.8	28.8	27.9	754.5	0.00	0.0	0	0.00	0	0.0	0.00	0.0	0.000	0.063	35.3	38	18.9	37.7	7.04	 .0694	0.00	234	1	100.0	10
10/09/14	3:30 a	27.3	27.4	27.3	64	19.9	4.0	E	2.41	9.4	ESE	26.8	28.7	28.2	27.4	754.5	0.00	0.0	0	0.00	0	0.0	0.00	0.0	0.000	0.062	35.3	38	18.8	37.6	7.04	 .0694	0.00	234	1	100.0	10
10/09/14	3:40 a	27.2	27.3	27.2	65	20.1	3.6	E	2.15	8.5	E	27.0	28.6	28.4	27.7	754.5	0.00	0.0	0	0.00	0	0.0	0.00	0.0	0.000	0.062	35.3	38	18.8	37.6	7.04	 .0694	0.00	235	1	100.0	10
10/09/14	3:50 a	27.2	27.2	27.2	65	20.0	3.6	E	2.15	9.8	ESE	26.9	28.6	28.3	27.6	754.5	0.00	0.0	0	0.00	0	0.0	0.00	0.0	0.000	0.061	35.2	38	18.8	37.5	7.04	 .0695	0.00	234	1	100.0	10
10/09/14	4:00 a	27.1	27.2	27.1	66	20.2	3.6	E	2.15	8.9	E	26.9	28.6	28.3	27.6	754.5	0.00	0.0	0	0.00	0	0.0	0.00	0.0	0.000	0.061	35.2	38	18.8	37.5	7.04	 .0695	0.10	234	1	100.0	10
10/09/14	4:10 a	27.1	27.1	27.1	66	20.2	3.6	E	2.15	8.5	E	26.8	28.4	28.2	27.5	754.5	0.00	0.0	0	0.00	0	0.0	0.00	0.0	0.000	0.061	35.2	38	18.7	37.4	7.04	 .0695	0.00	234	1	100.0	10
10/09/14	4:20 a	27.0	27.1	27.0	66	20.1	3.6	E	2.15	7.2	ESE	26.8	28.4	28.2	27.4	754.7	0.00	0.0	0	0.00	0	0.0	0.00	0.0	0.000	0.060	35.2	38	18.7	37.4	7.04	 .0695	0.00	234	1	100.0	10
10/09/14	4:30 a	27.0	27.0	27.0	66	20.1	2.7	ESE	1.61	6.3	SE	27.0	28.4	28.4	27.6	754.7	0.00	0.0	0	0.00	0	0.0	0.00	0.0	0.000	0.060	35.1	38	18.7	37.3	7.05	 .0695	0.00	234	1	100.0	10
10/09/14	4:40 a	26.9	27.0	26.9	67	20.3	3.1	SSE	1.88	6.3	ESE	26.9	28.4	28.4	27.6	754.7	0.00	0.0	0	0.00	0	0.0	0.00	0.0	0.000	0.060	35.1	38	18.7	37.3	7.05	 .0695	0.00	234	1	100.0	10
10/09/14	4:50 a	26.9	26.9	26.9	67	20.2	2.7	E	1.61	8.0	E	26.9	28.3	28.3	27.5	754.8	0.00	0.0	0	0.00	0	0.0	0.00	0.0	0.000	0.059	35.1	38	18.7	37.3	7.05	 .0695	0.00	235	1	100.0	10
10/09/14	5:00 a	26.8	26.9	26.8	67	20.2	2.2	ESE	1.34	5.4	ENE	26.8	28.2	28.2	27.4	754.9	0.00	0.0	0	0.00	0	0.0	0.00	0.0	0.000	0.059	35.1	39	19.1	37.7	7.15	 .0695	0.08	234	1	100.0	10
10/09/14	5:10 a	26.8	26.9	26.8	68	20.4	1.8	SSE	1.07	5.4	E	26.8	28.3	28.3	27.5	755.0	0.00	0.0	0	0.00	0	0.0	0.00	0.0	0.000	0.059	35.1	39	19.0	37.6	7.15	 .0695	0.00	234	1	100.0	10
10/09/14	5:20 a	26.7	26.8	26.7	68	20.3	1.8	SSE	1.07	6.3	E	26.7	28.1	28.1	27.3	755.1	0.00	0.0	0	0.00	0	0.0	0.00	0.0	0.000	0.058	35.1	39	19.0	37.6	7.15	 .0695	0.00	234	1	100.0	10
10/09/14	5:30 a	26.7	26.7	26.7	68	20.3	2.2	SSE	1.34	6.3	SE	26.7	28.0	28.0	27.2	755.1	0.00	0.0	0	0.00	0	0.0	0.00	0.0	0.000	0.058	35.1	39	19.0	37.6	7.15	 .0695	0.00	234	1	100.0	10
10/09/14	5:40 a	26.6	26.7	26.6	69	20.5	2.2	ESE	1.34	5.4	E	26.6	28.0	28.0	27.2	755.2	0.00	0.0	0	0.00	0	0.0	0.00	0.0	0.000	0.057	35.0	39	19.0	37.4	7.15	 .0696	0.00	234	1	100.0	10
10/09/14	5:50 a	26.5	26.6	26.5	69	20.3	2.7	ESE	1.61	6.7	E	26.5	27.8	27.8	27.1	755.3	0.00	0.0	0	0.00	0	0.0	0.00	0.0	0.000	0.057	35.0	39	19.0	37.4	7.15	 .0696	0.00	235	1	100.0	10
10/09/14	6:00 a	26.4	26.5	26.4	70	20.5	2.2	SSE	1.34	6.3	E	26.4	27.8	27.8	27.1	755.3	0.00	0.0	0	0.00	0	0.0	0.00	0.0	0.000	0.056	35.0	39	19.0	37.4	7.15	 .0696	0.05	234	1	100.0	10
10/09/14	6:10 a	26.4	26.4	26.4	70	20.5	1.8	SSE	1.07	4.0	ESE	26.4	27.8	27.8	27.0	755.4	0.00	0.0	0	0.00	0	0.0	0.00	0.0	0.000	0.056	35.0	39	19.0	37.4	7.15	 .0696	0.00	234	1	100.0	10
10/09/14	6:20 a	26.4	26.4	26.4	71	20.7	1.8	SSE	1.07	4.5	E	26.4	27.9	27.9	27.2	755.5	0.00	0.0	5	0.07	11	0.0	0.00	0.0	0.000	0.056	34.9	39	18.9	37.3	7.15	 .0696	0.00	234	1	100.0	10
10/09/14	6:30 a	26.4	26.4	26.4	71	20.8	1.3	SSE	0.80	4.5	ESE	26.4	27.9	27.9	27.4	755.6	0.00	0.0	17	0.24	25	0.0	0.00	0.0	0.000	0.056	34.9	39	18.9	37.3	7.15	 .0696	0.00	234	1	100.0	10
10/09/14	6:40 a	26.5	26.5	26.4	71	20.8	1.8	SSE	1.07	4.9	ESE	26.5	28.0	28.0	27.7	755.6	0.00	0.0	36	0.52	47	0.0	0.00	0.0	0.000	0.057	34.9	39	18.9	37.3	7.15	 .0696	0.00	234	1	100.0	10
10/09/14	6:50 a	26.6	26.6	26.5	71	20.9	1.3	SSE	0.80	5.4	E	26.6	28.2	28.2	28.2	755.8	0.00	0.0	63	0.90	79	0.0	0.00	0.0	0.000	0.057	34.9	39	18.9	37.2	7.15	 .0696	0.00	234	1	100.0	10
10/09/14	7:00 a	26.6	26.6	26.6	71	20.9	2.7	ESE	1.61	5.8	ESE	26.6	28.2	28.2	28.7	755.9	0.00	0.0	100	1.43	120	0.1	0.01	0.5	0.000	0.057	34.9	39	18.9	37.2	7.15	 .0697	0.05	235	1	100.0	10
10/09/14	7:10 a	26.7	26.7	26.6	71	21.0	2.7	ESE	1.61	5.8	E	26.7	28.4	28.4	29.5	756.0	0.00	0.0	140	2.01	160	0.5	0.04	0.6	0.000	0.058	34.9	40	19.3	37.6	7.26	 .0696	0.00	234	1	100.0	10
10/09/14	7:20 a	26.9	26.9	26.7	70	21.0	1.8	SSE	1.07	5.8	E	26.9	28.7	28.7	30.3	756.1	0.00	0.0	184	2.64	206	0.7	0.05	0.8	0.000	0.060	34.9	40	19.3	37.6	7.26	 .0696	0.00	234	1	100.0	10
10/09/14	7:30 a	27.2	27.2	27.0	70	21.3	1.8	SSE	1.07	4.9	E	27.2	29.1	29.1	31.4	756.2	0.00	0.0	231	3.31	248	0.9	0.06	1.0	0.000	0.062	34.9	40	19.3	37.6	7.26	 .0696	0.00	234	1	100.0	10
10/09/14	7:40 a	27.3	27.3	27.3	69	21.1	2.2	SSE	1.34	6.3	ESE	27.3	29.2	29.2	32.1	756.2	0.00	0.0	266	3.81	285	1.1	0.08	1.2	0.000	0.062	34.9	40	19.3	37.6	7.26	 .0696	0.00	234	1	100.0	10
10/09/14	7:50 a	27.6	27.6	27.3	68	21.2	2.7	ESE	1.61	6.3	E	27.6	29.6	29.6	36.4	756.3	0.00	0.0	311	4.46	332	1.3	0.09	1.4	0.000	0.064	34.9	40	19.3	37.6	7.26	 .0696	0.00	234	1	100.0	10
10/09/14	8:00 a	27.9	28.0	27.6	66	21.0	2.2	S	1.34	6.7	E	27.9	30.0	30.0	37.3	756.3	0.00	0.0	355	5.09	371	1.5	0.11	1.7	0.000	0.067	34.9	40	19.3	37.6	7.26	 .0696	0.20	235	1	100.0	10
10/09/14	8:10 a	28.1	28.1	27.9	65	20.9	2.7	E	1.61	7.2	E	28.1	30.1	30.1	37.9	756.5	0.00	0.0	395	5.66	415	1.8	0.13	1.9	0.000	0.068	34.9	40	19.3	37.6	7.26	 .0697	0.00	234	1	100.0	10
10/09/14	8:20 a	28.4	28.4	28.1	64	21.0	2.7	ESE	1.61	7.2	ESE	28.4	30.6	30.6	38.8	756.5	0.00	0.0	436	6.25	452	2.1	0.15	2.2	0.000	0.070	34.9	40	19.3	37.6	7.26	 .0697	0.00	234	1	100.0	10
10/09/14	8:30 a	28.7	28.7	28.4	63	21.0	2.7	E	1.61	8.0	E	28.7	31.1	31.1	39.3	756.5	0.00	0.0	472	6.77	487	2.3	0.16	2.5	0.000	0.072	34.9	40	19.3	37.7	7.25	 .0696	0.00	234	1	100.0	10
10/09/14	8:40 a	29.2	29.2	28.7	62	21.2	2.2	S	1.34	4.9	S	29.2	31.9	31.9	40.2	756.5	0.00	0.0	509	7.30	529	2.6	0.19	2.8	0.000	0.076	34.9	40	19.3	37.7	7.25	 .0697	0.00	234	1	100.0	10
10/09/14	8:50 a	29.3	29.3	29.2	61	21.0	3.6	SSE	2.15	8.5	E	29.2	31.8	31.7	39.4	756.5	0.00	0.0	547	7.84	564	3.0	0.21	3.1	0.000	0.076	35.0	40	19.4	37.8	7.25	 .0696	0.00	234	1	100.0	10
10/09/14	9:00 a	29.5	29.5	29.3	60	20.9	3.1	SSE	1.88	7.2	ESE	29.5	32.0	32.0	40.1	756.6	0.00	0.0	583	8.36	598	3.3	0.24	3.4	0.000	0.078	35.0	40	19.4	37.8	7.25	 .0696	0.38	234	1	100.0	10
10/09/14	9:10 a	30.1	30.1	29.5	59	21.2	2.2	S	1.34	5.4	SE	30.1	33.1	33.1	41.3	756.6	0.00	0.0	617	8.84	633	3.6	0.26	3.8	0.000	0.082	35.0	40	19.4	37.8	7.25	 .0696	0.00	235	1	100.0	10
10/09/14	9:20 a	30.2	30.2	30.1	58	21.0	2.7	SSE	1.61	6.3	NE	30.2	33.0	33.0	41.0	756.5	0.00	0.0	651	9.33	664	4.0	0.29	4.1	0.000	0.082	35.1	40	19.4	37.9	7.25	 .0696	0.00	234	1	100.0	10
10/09/14	9:30 a	30.3	30.3	30.2	58	21.1	2.7	SSE	1.61	7.2	ESE	30.3	33.2	33.2	41.0	756.6	0.00	0.0	679	9.73	693	4.3	0.31	4.4	0.000	0.083	35.1	40	19.4	37.9	7.25	 .0696	0.00	234	1	100.0	10
10/09/14	9:40 a	30.7	30.7	30.3	56	20.9	2.7	S	1.61	7.2	ESE	30.7	33.6	33.6	41.2	756.6	0.00	0.0	710	10.18	724	4.6	0.33	4.8	0.000	0.086	35.1	40	19.5	38.0	7.25	 .0696	0.00	234	1	100.0	10
10/09/14	9:50 a	30.8	30.8	30.7	55	20.7	3.1	E	1.88	7.2	SE	30.8	33.6	33.6	40.9	756.5	0.00	0.0	742	10.64	752	5.0	0.36	5.2	0.000	0.087	35.1	40	19.5	38.0	7.25	 .0696	0.00	234	1	100.0	10
10/09/14	10:00 a	31.3	31.3	30.8	53	20.6	2.7	E	1.61	6.7	ENE	31.3	33.9	33.9	41.3	756.4	0.00	0.0	768	11.01	780	5.4	0.39	5.5	0.000	0.090	35.1	40	19.5	38.0	7.25	 .0696	0.53	234	1	100.0	10
10/09/14	10:10 a	31.3	31.3	31.3	52	20.3	3.6	ESE	2.15	8.5	E	31.3	33.9	33.8	40.6	756.4	0.00	0.0	795	11.40	809	5.7	0.41	5.9	0.000	0.090	35.1	40	19.5	38.0	7.25	 .0696	0.00	235	1	100.0	10
10/09/14	10:20 a	31.4	31.4	31.3	51	20.1	4.5	E	2.68	8.5	ESE	31.3	33.9	33.8	39.9	756.3	0.00	0.0	820	11.75	831	6.0	0.43	6.2	0.000	0.091	35.1	40	19.5	38.0	7.25	 .0696	0.00	234	1	100.0	10
10/09/14	10:30 a	31.9	32.0	31.4	50	20.2	2.7	E	1.61	6.7	ESE	31.9	34.7	34.7	41.6	756.2	0.00	0.0	844	12.10	853	6.4	0.46	6.5	0.000	0.095	35.2	40	19.5	38.1	7.25	 .0696	0.00	234	1	100.0	10
10/09/14	10:40 a	32.1	32.2	31.9	50	20.3	3.1	ESE	1.88	9.4	NE	32.1	34.8	34.8	41.4	756.2	0.00	0.0	861	12.34	872	6.7	0.48	6.8	0.000	0.095	35.2	40	19.5	38.1	7.25	 .0696	0.00	234	1	100.0	10
10/09/14	10:50 a	32.3	32.3	32.1	49	20.2	2.7	SSE	1.61	7.2	E	32.3	34.9	34.9	41.5	756.1	0.00	0.0	881	12.63	889	7.0	0.50	7.2	0.000	0.097	35.2	40	19.6	38.2	7.25	 .0695	0.00	234	1	100.0	10
10/09/14	11:00 a	32.7	32.7	32.3	47	19.9	2.2	S	1.34	9.4	SE	32.7	35.4	35.4	41.8	756.0	0.00	0.0	896	12.84	905	7.3	0.52	7.4	0.000	0.100	35.2	40	19.6	38.2	7.25	 .0695	0.69	234	1	100.0	10
10/09/14	11:10 a	32.8	32.9	32.8	47	20.0	3.1	ESE	1.88	9.4	ESE	32.8	35.6	35.6	41.7	755.9	0.00	0.0	909	13.03	921	7.6	0.54	7.7	0.000	0.101	35.3	40	19.6	38.3	7.25	 .0695	0.00	234	1	100.0	10
10/09/14	11:20 a	33.2	33.2	32.8	45	19.6	3.1	E	1.88	8.0	ESE	33.2	35.8	35.8	41.7	755.8	0.00	0.0	921	13.20	928	7.8	0.56	8.0	0.000	0.103	35.3	40	19.6	38.3	7.25	 .0695	0.00	235	1	100.0	10
10/09/14	11:30 a	33.4	33.4	33.2	44	19.5	2.7	SSE	1.61	8.0	SSE	33.4	36.0	36.0	41.9	755.7	0.00	0.0	930	13.33	940	8.1	0.58	8.2	0.000	0.105	35.3	40	19.6	38.3	7.25	 .0695	0.00	234	1	100.0	10
10/09/14	11:40 a	33.5	33.5	33.4	46	20.3	3.1	E	1.88	8.5	ESE	33.5	36.6	36.6	42.3	755.5	0.00	0.0	939	13.46	944	8.3	0.59	8.3	0.000	0.105	35.3	40	19.6	38.3	7.25	 .0695	0.00	234	1	100.0	10
10/09/14	11:50 a	33.7	33.8	33.5	43	19.4	3.1	SSE	1.88	8.5	E	33.7	36.2	36.2	41.7	755.4	0.00	0.0	944	13.53	953	8.4	0.60	8.5	0.000	0.107	35.3	40	19.7	38.4	7.25	 .0694	0.00	234	1	100.0	10
10/09/14	12:00 p	33.9	33.9	33.7	44	20.0	2.7	S	1.61	6.7	SE	33.9	36.9	36.9	42.9	755.3	0.00	0.0	950	13.62	954	8.6	0.61	8.7	0.000	0.108	35.4	39	19.3	38.2	7.14	 .0694	0.76	234	1	100.0	10
10/09/14	12:10 p	33.8	34.1	33.8	43	19.5	3.1	E	1.88	6.3	ESE	33.8	36.4	36.4	42.5	755.2	0.00	0.0	953	13.66	958	8.7	0.62	8.8	0.000	0.108	35.4	39	19.3	38.2	7.14	 .0694	0.00	234	1	100.0	10
10/09/14	12:20 p	34.1	34.1	33.8	42	19.3	2.7	SSE	1.61	7.2	ESE	34.1	36.6	36.6	42.9	755.1	0.00	0.0	953	13.66	956	8.8	0.63	8.8	0.000	0.109	35.4	39	19.3	38.2	7.14	 .0694	0.00	235	1	100.0	10
10/09/14	12:30 p	34.3	34.3	34.1	42	19.6	2.2	SSE	1.34	4.9	SSE	34.3	37.1	37.1	43.5	754.9	0.00	0.0	952	13.65	956	8.8	0.63	8.8	0.000	0.111	35.4	39	19.3	38.2	7.14	 .0694	0.00	234	1	100.0	10
10/09/14	12:40 p	34.3	34.4	34.3	41	19.2	2.7	SSE	1.61	8.5	E	34.3	36.8	36.8	43.2	754.7	0.00	0.0	950	13.62	956	8.8	0.63	8.9	0.000	0.111	35.5	39	19.4	38.4	7.13	 .0694	0.00	234	1	100.0	10
10/09/14	12:50 p	34.8	34.8	34.3	41	19.6	2.2	SSE	1.34	5.8	SSE	34.8	37.7	37.7	44.2	754.6	0.00	0.0	943	13.52	947	8.7	0.62	8.8	0.000	0.114	35.5	39	19.4	38.4	7.13	 .0693	0.00	234	1	100.0	10
10/09/14	1:00 p	34.7	34.8	34.7	41	19.5	3.1	SSE	1.88	6.7	E	34.7	37.4	37.4	43.8	754.4	0.00	0.0	939	13.46	946	8.7	0.62	8.7	0.000	0.113	35.5	39	19.4	38.4	7.13	 .0693	0.76	234	1	100.0	10
10/09/14	1:10 p	34.7	34.7	34.6	41	19.5	2.7	SSE	1.61	5.8	SSE	34.7	37.6	37.6	44.2	754.3	0.00	0.0	927	13.29	933	8.5	0.61	8.6	0.000	0.114	35.6	39	19.5	38.5	7.13	 .0693	0.00	234	1	100.0	10
10/09/14	1:20 p	35.0	35.1	34.8	40	19.4	2.7	SSE	1.61	6.3	ESE	35.0	37.8	37.8	44.4	754.1	0.00	0.0	917	13.15	926	8.4	0.60	8.5	0.000	0.116	35.6	39	19.5	38.6	7.13	 .0693	0.00	234	1	100.0	10
10/09/14	1:30 p	35.2	35.2	35.0	39	19.2	2.2	SSE	1.34	4.5	SSE	35.2	37.9	37.9	44.6	754.0	0.00	0.0	899	12.89	907	8.2	0.59	8.3	0.000	0.117	35.6	39	19.5	38.6	7.13	 .0693	0.00	235	1	100.0	10
10/09/14	1:40 p	35.4	35.6	35.3	38	19.0	2.7	SSE	1.61	7.2	SSE	35.4	37.9	37.9	44.7	753.8	0.00	0.0	892	12.79	907	8.0	0.57	8.3	0.000	0.119	35.7	39	19.6	38.7	7.13	 .0692	0.00	234	1	100.0	10
10/09/14	1:50 p	35.7	35.7	35.3	37	18.7	2.2	SSE	1.34	4.5	SE	35.7	37.9	37.9	44.7	753.7	0.00	0.0	874	12.53	886	7.8	0.56	7.9	0.000	0.120	35.7	39	19.6	38.8	7.12	 .0692	0.00	234	1	100.0	10
10/09/14	2:00 p	35.9	35.9	35.7	37	18.9	1.8	S	1.07	6.7	ESE	35.9	38.4	38.4	45.2	753.6	0.00	0.0	857	12.29	867	7.5	0.54	7.6	0.000	0.122	35.8	39	19.7	38.9	7.12	 .0692	0.74	234	1	100.0	10
10/09/14	2:10 p	36.0	36.0	35.9	37	19.0	2.2	S	1.34	4.9	SSE	36.0	38.6	38.6	45.4	753.5	0.00	0.0	838	12.01	854	7.2	0.51	7.4	0.000	0.123	35.8	39	19.7	38.9	7.12	 .0691	0.00	234	1	100.0	10
10/09/14	2:20 p	36.1	36.1	36.0	36	18.7	2.2	SSE	1.34	5.4	ESE	36.1	38.3	38.3	45.1	753.4	0.00	0.0	820	11.75	831	6.8	0.49	7.0	0.000	0.123	35.8	38	19.3	38.7	7.02	 .0692	0.00	234	1	100.0	10
10/09/14	2:30 p	36.0	36.1	35.9	37	19.0	2.2	S	1.34	8.0	E	36.0	38.6	38.6	45.3	753.3	0.00	0.0	793	11.37	821	6.5	0.46	6.8	0.000	0.123	35.9	38	19.3	38.8	7.02	 .0691	0.00	234	1	100.0	10
10/09/14	2:40 p	36.0	36.1	36.0	36	18.6	2.2	SSE	1.34	10.7	E	36.0	38.2	38.2	44.8	753.1	0.00	0.0	765	10.97	780	6.0	0.43	6.4	0.000	0.123	35.9	38	19.3	38.8	7.02	 .0691	0.00	235	1	100.0	10
10/09/14	2:50 p	36.2	36.2	35.9	35	18.3	2.2	SSE	1.34	4.9	SSE	36.2	38.1	38.1	44.6	753.0	0.00	0.0	734	10.52	754	5.7	0.41	5.9	0.000	0.124	35.9	38	19.4	38.9	7.02	 .0691	0.00	234	1	100.0	10
10/09/14	3:00 p	36.3	36.4	36.2	35	18.4	2.2	S	1.34	5.4	SSE	36.3	38.3	38.3	44.8	752.9	0.00	0.0	708	10.15	721	5.4	0.39	5.6	0.000	0.125	36.0	38	19.4	38.9	7.01	 .0691	0.66	234	1	100.0	10
10/09/14	3:10 p	36.2	36.3	36.1	35	18.3	1.8	S	1.07	4.5	SE	36.2	38.2	38.2	44.3	752.8	0.00	0.0	629	9.02	693	4.5	0.32	5.1	0.000	0.124	36.1	38	19.5	39.1	7.01	 .0690	0.00	234	1	100.0	10
10/09/14	3:20 p	36.1	36.3	36.1	36	18.7	2.7	S	1.61	5.8	ENE	36.1	38.3	38.3	44.5	752.7	0.00	0.0	638	9.15	654	4.6	0.33	4.8	0.000	0.123	36.1	38	19.5	39.1	7.01	 .0690	0.00	234	1	100.0	10
10/09/14	3:30 p	36.3	36.3	36.1	35	18.4	2.2	SSE	1.34	5.8	E	36.3	38.3	38.3	44.4	752.6	0.00	0.0	614	8.80	626	4.3	0.31	4.4	0.000	0.125	36.1	38	19.5	39.2	7.01	 .0690	0.00	234	1	100.0	10
10/09/14	3:40 p	36.3	36.3	36.3	35	18.4	2.2	S	1.34	4.5	E	36.3	38.2	38.2	43.6	752.6	0.00	0.0	506	7.25	561	3.6	0.26	4.1	0.000	0.125	36.2	38	19.6	39.3	7.01	 .0690	0.00	235	1	100.0	10
10/09/14	3:50 p	36.2	36.3	36.2	35	18.3	1.8	SSE	1.07	5.4	SSE	36.2	38.2	38.2	43.8	752.5	0.00	0.0	529	7.58	555	3.5	0.25	3.7	0.000	0.124	36.2	38	19.6	39.4	7.01	 .0690	0.00	234	1	100.0	10
10/09/14	4:00 p	36.3	36.3	36.2	35	18.4	2.2	S	1.34	5.4	E	36.3	38.3	38.3	43.7	752.5	0.00	0.0	482	6.91	504	3.1	0.22	3.3	0.000	0.125	36.2	38	19.6	39.4	7.01	 .0690	0.51	234	1	100.0	10
10/09/14	4:10 p	36.3	36.4	36.3	35	18.4	1.8	S	1.07	5.4	SSW	36.3	38.3	38.3	43.5	752.4	0.00	0.0	450	6.45	462	2.8	0.20	2.9	0.000	0.125	36.3	37	19.3	39.1	6.80	 .0690	0.00	234	1	100.0	10
10/09/14	4:20 p	36.2	36.3	36.2	35	18.3	2.2	SSE	1.34	8.0	SE	36.2	38.2	38.2	43.1	752.3	0.00	0.0	413	5.92	429	2.5	0.18	2.6	0.000	0.124	36.3	37	19.3	39.2	6.80	 .0690	0.00	234	1	100.0	10
10/09/14	4:30 p	35.9	36.3	35.9	35	18.1	3.1	E	1.88	6.7	ENE	35.9	37.7	37.7	42.2	752.3	0.00	0.0	376	5.39	394	2.1	0.15	2.3	0.000	0.122	36.3	37	19.3	39.2	6.80	 .0690	0.00	234	1	100.0	10
10/09/14	4:40 p	35.9	36.0	35.8	35	18.1	2.7	SSE	1.61	6.7	E	35.9	37.7	37.7	42.1	752.3	0.00	0.0	341	4.89	359	1.8	0.13	2.0	0.000	0.122	36.4	37	19.4	39.3	6.80	 .0689	0.00	235	1	100.0	10
10/09/14	4:50 p	35.9	35.9	35.9	35	18.0	3.1	E	1.88	6.7	E	35.9	37.6	37.6	41.5	752.4	0.00	0.0	302	4.33	320	1.6	0.11	1.7	0.000	0.122	36.4	37	19.4	39.4	6.80	 .0689	0.00	234	1	100.0	10
10/09/14	5:00 p	36.1	36.1	35.8	35	18.2	1.8	S	1.07	4.9	ESE	36.1	37.8	37.8	41.5	752.4	0.00	0.0	264	3.78	281	1.3	0.09	1.4	0.000	0.123	36.4	37	19.4	39.4	6.80	 .0689	0.38	234	1	100.0	10
10/09/14	5:10 p	36.1	36.1	36.1	35	18.2	1.8	SSE	1.07	4.9	ESE	36.1	37.8	37.8	41.1	752.5	0.00	0.0	222	3.18	243	1.0	0.07	1.1	0.000	0.123	36.5	37	19.5	39.5	6.80	 .0689	0.00	234	1	100.0	10
10/09/14	5:20 p	36.0	36.1	36.0	35	18.1	1.8	ESE	1.07	4.5	ESE	36.0	37.8	37.8	40.4	752.6	0.00	0.0	178	2.55	197	0.8	0.06	0.9	0.000	0.123	36.6	37	19.5	39.6	6.79	 .0689	0.00	234	1	100.0	10
10/09/14	5:30 p	35.9	36.0	35.9	35	18.1	1.3	E	0.80	4.5	ESE	35.9	37.7	37.7	39.7	752.7	0.00	0.0	135	1.94	155	0.6	0.04	0.7	0.000	0.122	36.6	37	19.6	39.7	6.79	 .0689	0.00	234	1	100.0	10
10/09/14	5:40 p	35.8	35.9	35.8	35	17.9	0.9	SSE	0.54	2.7	S	35.8	37.4	37.4	39.1	752.8	0.00	0.0	114	1.63	120	0.2	0.01	0.5	0.000	0.121	36.7	37	19.6	39.8	6.79	 .0689	0.00	234	1	100.0	10
10/09/14	5:50 p	35.7	35.8	35.7	34	17.4	1.3	SSE	0.80	5.8	ESE	35.7	36.9	36.9	38.6	752.9	0.00	0.0	108	1.55	114	0.0	0.00	0.0	0.000	0.120	36.7	37	19.6	39.8	6.79	 .0689	0.00	235	1	100.0	10
10/09/14	6:00 p	35.6	35.7	35.6	34	17.3	1.3	S	0.80	3.1	E	35.6	36.8	36.8	37.8	753.1	0.00	0.0	74	1.06	90	0.0	0.00	0.0	0.000	0.120	36.7	37	19.7	39.9	6.79	 .0689	0.18	234	1	100.0	10
10/09/14	6:10 p	35.3	35.6	35.3	34	17.1	1.3	E	0.80	4.0	ESE	35.3	36.4	36.4	36.7	753.2	0.00	0.0	38	0.54	54	0.0	0.00	0.0	0.000	0.118	36.7	36	19.2	39.5	6.69	 .0690	0.00	234	1	100.0	10
10/09/14	6:20 p	35.1	35.3	35.1	34	16.9	1.3	ESE	0.80	3.6	ESE	35.1	36.1	36.1	35.8	753.3	0.00	0.0	17	0.24	25	0.0	0.00	0.0	0.000	0.117	36.8	36	19.3	39.6	6.69	 .0689	0.00	234	1	100.0	10
10/09/14	6:30 p	34.9	35.1	34.9	35	17.2	1.3	ESE	0.80	2.7	E	34.9	36.0	36.0	35.3	753.3	0.00	0.0	1	0.01	7	0.0	0.00	0.0	0.000	0.115	36.8	36	19.3	39.6	6.69	 .0689	0.00	234	1	100.0	10
10/09/14	6:40 p	34.6	34.9	34.6	35	16.9	2.2	ENE	1.34	3.1	E	34.6	35.4	35.4	34.6	753.5	0.00	0.0	0	0.00	0	0.0	0.00	0.0	0.000	0.113	36.8	36	19.3	39.6	6.69	 .0690	0.00	234	1	100.0	10
10/09/14	6:50 p	32.6	34.6	32.6	49	20.5	4.5	NNW	2.68	8.0	N	32.6	35.5	35.5	34.8	753.7	0.00	0.0	0	0.00	0	0.0	0.00	0.0	0.000	0.099	36.7	36	19.2	39.5	6.69	 .0690	0.00	234	1	100.0	10
10/09/14	7:00 p	31.7	32.6	31.7	53	20.9	4.9	NNE	2.95	8.5	N	31.4	34.8	34.6	33.9	753.8	0.00	0.0	0	0.00	0	0.0	0.00	0.0	0.000	0.093	36.7	36	19.2	39.4	6.69	 .0690	0.13	235	1	100.0	10
10/09/14	7:10 p	31.4	31.7	31.4	54	21.0	5.4	N	3.22	8.0	NNE	31.1	34.4	34.1	33.4	754.0	0.00	0.0	0	0.00	0	0.0	0.00	0.0	0.000	0.091	36.6	37	19.6	39.7	6.79	 .0690	0.00	234	1	100.0	10
10/09/14	7:20 p	31.2	31.4	31.2	54	20.8	4.9	NNE	2.95	8.0	N	30.9	34.0	33.7	33.0	754.2	0.00	0.0	0	0.00	0	0.0	0.00	0.0	0.000	0.090	36.6	37	19.5	39.6	6.79	 .0691	0.00	234	1	100.0	10
10/09/14	7:30 p	31.1	31.2	31.1	55	21.0	5.4	NNE	3.22	8.5	NW	30.6	33.9	33.4	32.8	754.3	0.00	0.0	0	0.00	0	0.0	0.00	0.0	0.000	0.088	36.5	37	19.5	39.5	6.80	 .0691	0.00	234	1	100.0	10
10/09/14	7:40 p	30.9	31.1	30.9	55	20.8	4.5	NNE	2.68	6.3	NW	30.7	33.7	33.4	32.8	754.6	0.00	0.0	0	0.00	0	0.0	0.00	0.0	0.000	0.088	36.4	38	19.8	39.8	7.00	 .0691	0.00	234	1	100.0	10
10/09/14	7:50 p	30.9	30.9	30.9	52	19.9	4.5	NNE	2.68	8.0	NNE	30.6	33.1	32.8	32.1	754.8	0.00	0.0	0	0.00	0	0.0	0.00	0.0	0.000	0.087	36.4	38	19.8	39.7	7.00	 .0691	0.00	234	1	100.0	10
10/09/14	8:00 p	30.8	30.9	30.8	52	19.8	3.6	N	2.15	6.3	NNE	30.7	32.9	32.9	32.1	755.0	0.00	0.0	0	0.00	0	0.0	0.00	0.0	0.000	0.086	36.3	38	19.7	39.6	7.00	 .0692	0.15	235	1	100.0	10
10/09/14	8:10 p	30.6	30.8	30.6	52	19.6	4.0	NNE	2.41	5.8	NE	30.3	32.7	32.4	31.7	755.2	0.00	0.0	0	0.00	0	0.0	0.00	0.0	0.000	0.085	36.3	38	19.7	39.6	7.00	 .0692	0.00	234	1	100.0	10
10/09/14	8:20 p	30.6	30.6	30.5	52	19.6	3.1	NNE	1.88	4.9	NNW	30.6	32.7	32.7	31.8	755.3	0.00	0.0	0	0.00	0	0.0	0.00	0.0	0.000	0.085	36.3	37	19.3	39.1	6.80	 .0692	0.00	234	1	100.0	10
10/09/14	8:30 p	30.4	30.6	30.4	54	20.0	3.6	NNE	2.15	6.3	N	30.3	32.7	32.6	31.9	755.4	0.00	0.0	0	0.00	0	0.0	0.00	0.0	0.000	0.084	36.3	37	19.3	39.1	6.80	 .0693	0.00	234	1	100.0	10
10/09/14	8:40 p	30.2	30.4	30.2	56	20.4	3.6	NNE	2.15	6.3	NNE	30.1	32.6	32.5	31.8	755.6	0.00	0.0	0	0.00	0	0.0	0.00	0.0	0.000	0.082	36.3	37	19.3	39.1	6.80	 .0693	0.00	234	1	100.0	10
10/09/14	8:50 p	29.9	30.2	29.9	61	21.6	3.1	NE	1.88	4.0	NE	29.9	33.1	33.1	32.3	755.9	0.00	0.0	0	0.00	0	0.0	0.00	0.0	0.000	0.080	36.2	38	19.6	39.4	7.01	 .0693	0.00	234	1	100.0	10
10/09/14	9:00 p	28.6	29.9	28.6	68	22.1	3.6	NNE	2.15	5.4	NNE	28.4	31.6	31.4	30.7	756.0	0.51	5.3	0	0.00	0	0.0	0.00	0.0	0.000	0.071	36.2	38	19.6	39.4	7.01	 .0693	0.13	234	1	100.0	10
10/09/14	9:10 p	28.0	28.6	28.0	73	22.7	2.2	NNW	1.34	3.6	NW	28.0	31.1	31.1	30.4	756.2	0.00	1.0	0	0.00	0	0.0	0.00	0.0	0.000	0.067	36.2	38	19.6	39.3	7.01	 .0693	0.00	235	1	100.0	10
10/09/14	9:20 p	28.1	28.1	28.0	76	23.4	1.3	NNE	0.80	2.7	NNW	28.1	31.7	31.7	31.1	756.3	0.00	0.0	0	0.00	0	0.0	0.00	0.0	0.000	0.068	36.2	39	20.0	39.7	7.11	 .0693	0.00	234	1	100.0	10
10/09/14	9:30 p	28.6	28.6	28.1	71	22.8	1.8	ENE	1.07	2.7	ENE	28.6	32.1	32.1	31.4	756.5	0.00	0.0	0	0.00	0	0.0	0.00	0.0	0.000	0.071	36.3	39	20.1	39.9	7.10	 .0693	0.00	234	1	100.0	10
10/09/14	9:40 p	28.6	28.7	28.6	71	22.8	1.8	ENE	1.07	2.7	NNE	28.6	32.2	32.2	31.6	756.4	0.00	0.0	0	0.00	0	0.0	0.00	0.0	0.000	0.071	36.3	39	20.1	39.9	7.10	 .0693	0.00	234	1	100.0	10
10/09/14	9:50 p	28.6	28.6	28.6	72	23.0	2.2	NNE	1.34	3.6	NNE	28.6	32.3	32.3	31.6	756.4	0.00	0.0	0	0.00	0	0.0	0.00	0.0	0.000	0.071	36.3	40	20.5	40.3	7.25	 .0692	0.00	234	1	100.0	10
10/09/14	10:00 p	28.5	28.6	28.5	71	22.7	2.7	N	1.61	3.6	NNE	28.5	31.9	31.9	31.2	756.5	0.00	0.0	0	0.00	0	0.0	0.00	0.0	0.000	0.071	36.2	40	20.5	40.2	7.25	 .0692	0.05	234	1	100.0	10
10/09/14	10:10 p	28.6	28.6	28.5	71	22.8	2.2	N	1.34	3.1	N	28.6	32.1	32.1	31.4	756.6	0.00	0.0	0	0.00	0	0.0	0.00	0.0	0.000	0.071	36.2	40	20.5	40.2	7.25	 .0693	0.00	235	1	100.0	10
10/09/14	10:20 p	28.6	28.6	28.5	71	22.8	2.2	N	1.34	3.1	N	28.6	32.1	32.1	31.4	756.7	0.00	0.0	0	0.00	0	0.0	0.00	0.0	0.000	0.071	36.2	40	20.4	40.1	7.25	 .0693	0.00	234	1	100.0	10
10/09/14	10:30 p	28.7	28.7	28.6	71	22.9	1.8	NE	1.07	3.1	N	28.7	32.4	32.4	31.7	756.7	0.00	0.0	0	0.00	0	0.0	0.00	0.0	0.000	0.072	36.2	40	20.4	40.1	7.25	 .0693	0.00	234	1	100.0	10
10/09/14	10:40 p	28.9	28.9	28.7	68	22.4	2.2	NE	1.34	3.6	ENE	28.9	32.3	32.3	31.6	756.6	0.00	0.0	0	0.00	0	0.0	0.00	0.0	0.000	0.073	36.2	40	20.4	40.1	7.25	 .0693	0.00	234	1	100.0	10
10/09/14	10:50 p	29.2	29.2	28.9	65	21.9	3.1	ENE	1.88	4.5	E	29.2	32.3	32.3	31.6	756.7	0.00	0.0	0	0.00	0	0.0	0.00	0.0	0.000	0.075	36.2	40	20.4	40.1	7.25	 .0693	0.00	234	1	100.0	10
10/09/14	11:00 p	29.3	29.3	29.2	63	21.5	1.8	E	1.07	4.0	E	29.3	32.2	32.2	31.4	756.7	0.00	0.0	0	0.00	0	0.0	0.00	0.0	0.000	0.076	36.2	40	20.4	40.1	7.25	 .0693	0.08	234	1	100.0	10
10/09/14	11:10 p	29.4	29.4	29.3	60	20.8	2.2	E	1.34	4.0	ESE	29.4	31.8	31.8	31.0	756.6	0.00	0.0	0	0.00	0	0.0	0.00	0.0	0.000	0.077	36.2	40	20.4	40.1	7.25	 .0693	0.00	234	1	100.0	10
10/09/14	11:20 p	29.3	29.4	29.3	60	20.8	2.2	E	1.34	4.0	E	29.3	31.7	31.7	30.9	756.6	0.00	0.0	0	0.00	0	0.0	0.00	0.0	0.000	0.076	36.2	40	20.4	40.1	7.25	 .0693	0.00	235	1	100.0	10
10/09/14	11:30 p	29.2	29.3	29.2	59	20.3	2.7	E	1.61	4.5	E	29.2	31.3	31.3	30.5	756.5	0.00	0.0	0	0.00	0	0.0	0.00	0.0	0.000	0.075	36.2	40	20.4	40.1	7.25	 .0693	0.00	234	1	100.0	10
10/09/14	11:40 p	29.2	29.2	29.2	58	20.1	2.7	E	1.61	5.4	E	29.2	31.2	31.2	30.4	756.4	0.00	0.0	0	0.00	0	0.0	0.00	0.0	0.000	0.076	36.2	40	20.4	40.1	7.25	 .0693	0.00	234	1	100.0	10
10/09/14	11:50 p	29.2	29.2	29.2	58	20.1	3.1	E	1.88	5.4	SSE	29.2	31.1	31.1	30.3	756.2	0.00	0.0	0	0.00	0	0.0	0.00	0.0	0.000	0.075	36.1	40	20.4	40.0	7.25	 .0693	0.00	234	1	100.0	10
11/09/14	12:00 a	29.1	29.2	29.1	58	20.0	2.2	ESE	1.34	4.0	ESE	29.1	31.1	31.1	30.3	756.3	0.00	0.0	0	0.00	0	0.0	0.00	0.0	0.000	0.075	36.1	39	20.0	39.6	7.11	 .0693	0.10	234	1	100.0	10
