		Temp	Hi	Low	Out	Dew	Wind	Wind	Wind	Hi	Hi	Wind	Heat	THW	THSW			Rain	Solar	Solar	Hi Solar	UV 	UV 	Hi 	Heat	Cool	In 	In	In 	In 	In 	In Air		Wind	Wind	ISS 	Arc.
Date	Time	Out	Temp	Temp	Hum	Pt.	Speed	Dir	Run	Speed	Dir	Chill	Index	Index	Index	Bar  	Rain	Rate	Rad.	Energy	Rad. 	Index	Dose	UV 	D-D 	D-D 	Temp	Hum	Dew	Heat	EMC	Density	ET 	Samp	Tx 	Recept	Int.
27/06/15	4:32 p	35.5	35.6	35.5	41	20.2	2.2	S	0.13	4.0	SW	35.5	39.1	39.1	41.6	752.1	0.00	0.0	202	0.29	202	1.3	0.01	1.3	0.000	0.012	37.7	37	20.5	42.0	6.75	 .0685	0.00	23	1	100.0	1
27/06/15	4:33 p	35.6	35.6	35.5	42	20.7	2.7	S	0.16	4.9	S	35.6	39.6	39.6	42.1	752.1	0.00	0.0	200	0.29	200	1.3	0.01	1.3	0.000	0.012	37.7	37	20.5	42.0	6.75	 .0685	0.00	24	1	100.0	1
27/06/15	4:34 p	35.6	35.6	35.5	42	20.7	2.7	SSE	0.16	5.4	E	35.6	39.6	39.6	42.1	752.1	0.00	0.0	204	0.29	204	1.3	0.01	1.3	0.000	0.012	37.7	37	20.5	42.0	6.75	 .0685	0.00	23	1	100.0	1
27/06/15	4:35 p	35.6	35.6	35.6	42	20.7	4.5	E	0.27	6.7	E	35.6	39.6	39.6	42.1	752.2	0.00	0.0	225	0.32	234	1.5	0.01	1.5	0.000	0.012	37.7	37	20.5	42.0	6.75	 .0685	0.00	23	1	100.0	1
27/06/15	4:36 p	35.6	35.6	35.5	42	20.7	4.5	E	0.27	7.2	E	35.6	39.6	39.6	41.9	752.1	0.00	0.0	211	0.30	211	1.4	0.01	1.4	0.000	0.012	37.7	37	20.5	42.0	6.75	 .0685	0.00	24	1	100.0	1
27/06/15	4:37 p	35.5	35.5	35.5	42	20.6	4.0	E	0.24	5.8	E	35.5	39.4	39.4	41.7	752.1	0.00	0.0	199	0.29	199	1.4	0.01	1.4	0.000	0.012	37.7	37	20.5	42.0	6.75	 .0685	0.00	23	1	100.0	1
27/06/15	4:38 p	35.4	35.5	35.4	42	20.6	3.6	ESE	0.21	5.8	E	35.4	39.3	39.3	41.6	752.1	0.00	0.0	188	0.27	188	1.3	0.01	1.3	0.000	0.012	37.7	37	20.5	42.0	6.75	 .0685	0.00	24	1	100.0	1
27/06/15	4:39 p	35.4	35.4	35.4	43	21.0	3.6	E	0.21	5.8	E	35.4	39.7	39.7	41.8	752.1	0.00	0.0	179	0.26	179	1.3	0.01	1.3	0.000	0.012	37.7	37	20.5	41.9	6.75	 .0685	0.00	23	1	100.0	1
27/06/15	4:40 p	35.4	35.4	35.4	43	21.0	3.6	ESE	0.21	5.8	ENE	35.4	39.7	39.7	41.7	752.2	0.00	0.0	169	0.24	169	1.3	0.01	1.3	0.000	0.012	37.7	37	20.5	41.9	6.75	 .0685	0.00	24	1	100.0	1
27/06/15	4:41 p	35.4	35.4	35.4	43	20.9	5.4	E	0.32	8.9	E	35.4	39.6	39.6	41.2	752.1	0.00	0.0	159	0.23	162	1.2	0.01	1.2	0.000	0.012	37.7	37	20.5	41.9	6.75	 .0685	0.00	23	1	100.0	1
27/06/15	4:42 p	35.4	35.4	35.4	43	20.9	3.6	E	0.21	6.3	ENE	35.4	39.6	39.6	41.4	752.2	0.00	0.0	160	0.23	160	1.2	0.01	1.2	0.000	0.012	37.7	37	20.5	41.9	6.75	 .0685	0.00	23	1	100.0	1
27/06/15	4:43 p	35.3	35.4	35.3	43	20.9	4.9	ESE	0.30	9.8	ESE	35.3	39.4	39.4	41.3	752.2	0.00	0.0	174	0.25	174	1.2	0.01	1.2	0.000	0.012	37.7	37	20.5	41.9	6.75	 .0685	0.00	24	1	100.0	1
27/06/15	4:44 p	35.3	35.3	35.3	43	20.9	4.5	E	0.27	6.3	E	35.3	39.4	39.4	42.0	752.2	0.00	0.0	221	0.32	221	1.3	0.01	1.3	0.000	0.012	37.7	37	20.5	41.9	6.75	 .0685	0.00	23	1	100.0	1
27/06/15	4:45 p	35.3	35.3	35.3	43	20.8	5.4	ESE	0.32	9.8	E	35.3	39.3	39.3	41.5	752.2	0.00	0.0	206	0.30	206	1.3	0.01	1.3	0.000	0.012	37.7	37	20.5	41.9	6.75	 .0685	0.00	24	1	100.0	1
27/06/15	4:46 p	35.3	35.3	35.3	43	20.8	4.5	E	0.27	6.7	SSE	35.3	39.3	39.3	41.8	752.2	0.00	0.0	218	0.31	218	1.3	0.01	1.3	0.000	0.012	37.7	37	20.5	41.9	6.75	 .0685	0.00	23	1	100.0	1
27/06/15	4:47 p	35.2	35.3	35.2	43	20.8	5.4	E	0.32	9.8	ESE	35.2	39.2	39.2	41.4	752.2	0.00	0.0	210	0.30	216	1.3	0.01	1.3	0.000	0.012	37.7	37	20.5	41.9	6.75	 .0685	0.00	23	1	100.0	1
27/06/15	4:48 p	35.2	35.2	35.2	43	20.8	4.9	E	0.30	8.5	E	35.2	39.2	39.2	41.3	752.2	0.00	0.0	185	0.27	185	1.3	0.01	1.3	0.000	0.012	37.7	37	20.5	41.9	6.75	 .0685	0.00	24	1	100.0	1
27/06/15	4:49 p	35.2	35.2	35.2	44	21.1	4.9	ESE	0.30	8.5	SSE	35.2	39.4	39.4	41.3	752.1	0.00	0.0	172	0.25	172	1.3	0.01	1.3	0.000	0.012	37.6	37	20.4	41.7	6.76	 .0685	0.00	23	1	100.0	1
27/06/15	4:50 p	35.2	35.2	35.2	44	21.1	4.9	E	0.30	8.5	ESE	35.2	39.4	39.4	41.3	752.2	0.00	0.0	167	0.24	167	1.3	0.01	1.3	0.000	0.012	37.6	37	20.4	41.7	6.76	 .0685	0.00	24	1	100.0	1
27/06/15	4:51 p	35.1	35.2	35.1	44	21.0	3.6	ENE	0.21	5.4	SE	35.1	39.3	39.3	41.8	752.2	0.00	0.0	195	0.28	195	1.3	0.01	1.3	0.000	0.012	37.6	37	20.4	41.7	6.76	 .0685	0.00	23	1	100.0	1
27/06/15	4:52 p	35.1	35.1	35.1	44	21.0	3.6	ESE	0.21	6.3	E	35.1	39.3	39.3	41.8	752.2	0.00	0.0	195	0.28	195	1.2	0.01	1.2	0.000	0.012	37.6	37	20.4	41.7	6.76	 .0685	0.00	24	1	100.0	1
27/06/15	4:53 p	35.1	35.1	35.1	44	21.0	4.9	E	0.30	8.5	ENE	35.1	39.3	39.3	41.3	752.2	0.00	0.0	178	0.26	183	1.2	0.01	1.2	0.000	0.012	37.6	37	20.4	41.7	6.76	 .0685	0.00	23	1	100.0	1
27/06/15	4:54 p	35.1	35.1	35.1	44	21.0	2.2	ESE	0.13	3.6	E	35.1	39.3	39.3	42.2	752.2	0.00	0.0	211	0.30	211	1.3	0.01	1.3	0.000	0.012	37.7	37	20.5	41.9	6.75	 .0685	0.00	23	1	100.0	1
27/06/15	4:55 p	35.1	35.1	35.1	44	21.0	3.6	E	0.21	6.7	ESE	35.1	39.3	39.3	42.9	752.2	0.00	0.0	279	0.40	279	1.4	0.01	1.4	0.000	0.012	37.6	37	20.4	41.7	6.76	 .0685	0.00	24	1	100.0	1
27/06/15	4:56 p	35.1	35.1	35.1	44	21.0	4.9	ESE	0.30	8.5	SSE	35.1	39.3	39.3	42.6	752.2	0.00	0.0	288	0.41	288	1.4	0.01	1.4	0.000	0.012	37.6	37	20.4	41.7	6.76	 .0685	0.00	23	1	100.0	1
27/06/15	4:57 p	35.2	35.2	35.2	43	20.7	5.8	E	0.35	12.1	E	35.2	39.1	39.1	42.3	752.2	0.00	0.0	292	0.42	292	1.4	0.01	1.4	0.000	0.012	37.6	37	20.4	41.7	6.76	 .0685	0.00	24	1	100.0	1
27/06/15	4:58 p	35.2	35.2	35.1	43	20.7	5.4	E	0.32	8.0	E	35.2	39.1	39.1	42.3	752.2	0.00	0.0	290	0.42	290	1.4	0.01	1.4	0.000	0.012	37.6	37	20.4	41.7	6.76	 .0685	0.00	23	1	100.0	1
27/06/15	4:59 p	35.2	35.2	35.1	43	20.7	4.5	E	0.27	8.5	E	35.2	39.1	39.1	42.5	752.2	0.00	0.0	279	0.40	281	1.4	0.01	1.4	0.000	0.012	37.6	37	20.4	41.7	6.76	 .0685	0.00	23	1	100.0	1
27/06/15	5:00 p	35.2	35.2	35.2	43	20.7	3.6	ESE	0.21	8.0	SE	35.2	39.1	39.1	42.7	752.2	0.00	0.0	271	0.39	271	1.4	0.01	1.4	0.000	0.012	37.6	37	20.4	41.7	6.76	 .0685	0.33	24	1	100.0	1
27/06/15	5:01 p	35.2	35.2	35.2	43	20.7	4.0	E	0.24	6.3	ENE	35.2	39.1	39.1	42.4	752.2	0.00	0.0	265	0.38	265	1.3	0.01	1.3	0.000	0.012	37.6	37	20.4	41.7	6.76	 .0685	0.00	23	1	100.0	1
27/06/15	5:02 p	35.2	35.2	35.2	43	20.7	2.7	ESE	0.16	4.9	ENE	35.2	39.1	39.1	42.8	752.2	0.00	0.0	260	0.37	260	1.3	0.01	1.3	0.000	0.012	37.6	37	20.4	41.7	6.76	 .0685	0.00	24	1	100.0	1
27/06/15	5:03 p	35.2	35.2	35.2	43	20.8	4.5	E	0.27	6.7	E	35.2	39.2	39.2	42.3	752.2	0.00	0.0	253	0.36	253	1.3	0.01	1.3	0.000	0.012	37.6	37	20.4	41.7	6.76	 .0685	0.00	23	1	100.0	1
27/06/15	5:04 p	35.2	35.2	35.2	43	20.8	3.6	E	0.21	4.9	E	35.2	39.2	39.2	42.5	752.2	0.00	0.0	246	0.35	248	1.3	0.01	1.3	0.000	0.012	37.6	37	20.4	41.7	6.76	 .0685	0.00	24	1	100.0	1
27/06/15	5:05 p	35.2	35.2	35.2	43	20.8	5.4	E	0.32	8.0	E	35.2	39.2	39.2	41.9	752.2	0.00	0.0	237	0.34	237	1.2	0.01	1.2	0.000	0.012	37.6	37	20.4	41.6	6.76	 .0686	0.00	23	1	100.0	1
27/06/15	5:06 p	35.2	35.2	35.2	43	20.7	5.8	E	0.35	8.9	E	35.2	39.1	39.1	41.7	752.2	0.00	0.0	227	0.33	227	1.2	0.01	1.2	0.000	0.012	37.6	37	20.4	41.7	6.76	 .0685	0.00	23	1	100.0	1
27/06/15	5:07 p	35.2	35.2	35.2	43	20.7	3.6	E	0.21	5.8	ESE	35.2	39.1	39.1	42.1	752.2	0.00	0.0	221	0.32	221	1.2	0.01	1.2	0.000	0.012	37.6	37	20.4	41.6	6.76	 .0686	0.00	24	1	100.0	1
27/06/15	5:08 p	35.2	35.2	35.2	43	20.7	3.6	E	0.21	5.4	E	35.2	39.1	39.1	41.9	752.2	0.00	0.0	207	0.30	207	1.1	0.01	1.1	0.000	0.012	37.6	37	20.4	41.7	6.76	 .0685	0.00	23	1	100.0	1
27/06/15	5:09 p	35.2	35.2	35.2	43	20.8	3.1	E	0.19	5.8	E	35.2	39.2	39.2	41.5	752.3	0.00	0.0	169	0.24	169	1.1	0.01	1.1	0.000	0.012	37.6	37	20.4	41.6	6.76	 .0686	0.00	24	1	100.0	1
27/06/15	5:10 p	35.2	35.2	35.2	43	20.8	4.0	E	0.24	8.0	NE	35.2	39.2	39.2	41.3	752.3	0.00	0.0	166	0.24	167	1.0	0.01	1.0	0.000	0.012	37.6	37	20.4	41.6	6.76	 .0686	0.00	23	1	100.0	1
27/06/15	5:11 p	35.2	35.2	35.2	42	20.4	5.8	E	0.35	8.9	ESE	35.2	38.9	38.9	40.9	752.2	0.00	0.0	181	0.26	181	1.0	0.01	1.0	0.000	0.012	37.6	37	20.4	41.6	6.76	 .0686	0.00	23	1	100.0	1
27/06/15	5:12 p	35.2	35.2	35.2	42	20.3	5.8	E	0.35	10.3	ENE	35.2	38.8	38.8	41.1	752.3	0.00	0.0	199	0.29	199	1.0	0.01	1.0	0.000	0.012	37.6	37	20.4	41.6	6.76	 .0686	0.00	24	1	100.0	1
27/06/15	5:13 p	35.2	35.2	35.2	42	20.3	4.0	E	0.24	6.3	E	35.2	38.8	38.8	41.4	752.3	0.00	0.0	197	0.28	197	1.0	0.01	1.0	0.000	0.012	37.6	37	20.4	41.6	6.76	 .0686	0.00	23	1	100.0	1
27/06/15	5:14 p	35.1	35.2	35.1	43	20.7	5.4	ESE	0.32	9.8	ESE	35.1	39.0	39.0	41.2	752.3	0.00	0.0	190	0.27	190	1.0	0.01	1.0	0.000	0.012	37.6	37	20.4	41.6	6.76	 .0686	0.00	24	1	100.0	1
27/06/15	5:15 p	35.1	35.1	35.1	43	20.6	5.4	ESE	0.32	9.8	E	35.1	38.9	38.9	41.1	752.3	0.00	0.0	183	0.26	183	1.0	0.01	1.0	0.000	0.012	37.6	37	20.4	41.6	6.76	 .0686	0.00	23	1	100.0	1
27/06/15	5:16 p	35.1	35.1	35.1	43	20.6	4.0	ESE	0.24	5.8	ESE	35.1	38.9	38.9	41.2	752.3	0.00	0.0	175	0.25	183	0.9	0.01	0.9	0.000	0.012	37.6	37	20.4	41.6	6.76	 .0686	0.00	23	1	100.0	1
27/06/15	5:17 p	35.0	35.1	35.0	43	20.6	1.8	SSW	0.11	3.6	S	35.0	38.7	38.7	41.3	752.3	0.00	0.0	181	0.26	181	0.9	0.01	0.9	0.000	0.012	37.6	37	20.4	41.6	6.76	 .0686	0.00	24	1	100.0	1
27/06/15	5:18 p	35.0	35.0	35.0	43	20.6	4.0	SE	0.24	5.4	ENE	35.0	38.7	38.7	40.9	752.3	0.00	0.0	169	0.24	169	0.9	0.01	0.9	0.000	0.012	37.5	37	20.3	41.5	6.76	 .0686	0.00	23	1	100.0	1
27/06/15	5:19 p	35.0	35.0	35.0	44	20.9	3.1	E	0.19	6.3	E	35.0	39.1	39.1	41.1	752.4	0.00	0.0	148	0.21	148	0.9	0.01	0.9	0.000	0.012	37.5	37	20.3	41.5	6.76	 .0686	0.00	24	1	100.0	1
27/06/15	5:20 p	34.9	35.0	34.9	44	20.9	3.1	E	0.19	5.8	E	34.9	38.9	38.9	41.1	752.4	0.00	0.0	151	0.22	151	0.8	0.01	0.8	0.000	0.012	37.5	37	20.3	41.5	6.76	 .0686	0.00	23	1	100.0	1
27/06/15	5:21 p	34.9	34.9	34.9	44	20.9	3.1	ESE	0.19	6.3	SSE	34.9	38.9	38.9	41.2	752.4	0.00	0.0	156	0.22	156	0.8	0.01	0.8	0.000	0.012	37.6	37	20.4	41.6	6.76	 .0686	0.00	24	1	100.0	1
27/06/15	5:22 p	34.9	34.9	34.9	43	20.5	5.4	E	0.32	8.9	E	34.9	38.5	38.5	40.4	752.5	0.00	0.0	159	0.23	160	0.8	0.01	0.8	0.000	0.011	37.5	37	20.3	41.5	6.76	 .0686	0.00	23	1	100.0	1
27/06/15	5:23 p	34.8	34.9	34.8	43	20.4	4.5	E	0.27	9.4	ESE	34.8	38.4	38.4	40.5	752.5	0.00	0.0	162	0.23	162	0.8	0.01	0.8	0.000	0.011	37.5	37	20.3	41.5	6.76	 .0686	0.00	23	1	100.0	1
27/06/15	5:24 p	34.8	34.8	34.8	43	20.4	6.3	E	0.38	12.5	E	34.8	38.4	38.4	40.2	752.6	0.00	0.0	160	0.23	160	0.8	0.01	0.8	0.000	0.011	37.6	37	20.4	41.6	6.76	 .0686	0.00	24	1	100.0	1
27/06/15	5:25 p	34.8	34.8	34.8	43	20.4	5.8	ESE	0.35	9.8	ESE	34.8	38.3	38.3	40.1	752.6	0.00	0.0	155	0.22	155	0.8	0.01	0.8	0.000	0.011	37.5	37	20.3	41.5	6.76	 .0686	0.00	23	1	100.0	1
27/06/15	5:26 p	34.7	34.8	34.7	43	20.3	4.5	ESE	0.27	6.3	E	34.7	38.2	38.2	40.1	752.6	0.00	0.0	149	0.21	149	0.7	0.00	0.7	0.000	0.011	37.5	37	20.3	41.5	6.76	 .0686	0.00	24	1	100.0	1
27/06/15	5:27 p	34.7	34.7	34.7	43	20.3	4.5	E	0.27	7.2	ESE	34.7	38.2	38.2	40.0	752.6	0.00	0.0	146	0.21	146	0.7	0.00	0.7	0.000	0.011	37.5	37	20.3	41.5	6.76	 .0686	0.00	23	1	100.0	1
27/06/15	5:28 p	34.7	34.7	34.7	42	19.9	7.2	E	0.43	9.8	E	34.7	37.8	37.8	39.2	752.7	0.00	0.0	138	0.20	141	0.7	0.00	0.7	0.000	0.011	37.5	37	20.3	41.5	6.76	 .0686	0.00	23	1	100.0	1
27/06/15	5:29 p	34.6	34.7	34.6	42	19.8	5.8	ESE	0.35	8.9	ESE	34.6	37.7	37.7	39.1	752.7	0.00	0.0	123	0.18	123	0.7	0.00	0.7	0.000	0.011	37.5	37	20.3	41.5	6.76	 .0686	0.00	24	1	100.0	1
27/06/15	5:30 p	34.6	34.6	34.6	42	19.8	5.4	E	0.32	8.0	ENE	34.6	37.6	37.6	39.1	752.7	0.00	0.0	128	0.18	128	0.6	0.00	0.6	0.000	0.011	37.5	37	20.3	41.5	6.76	 .0686	0.00	23	1	100.0	1
27/06/15	5:31 p	34.6	34.6	34.6	43	20.2	4.5	ESE	0.27	5.8	E	34.6	37.8	37.8	39.5	752.7	0.00	0.0	128	0.18	128	0.6	0.00	0.6	0.000	0.011	37.5	37	20.3	41.5	6.76	 .0686	0.00	24	1	100.0	1
27/06/15	5:32 p	34.6	34.6	34.6	43	20.2	5.8	ESE	0.35	11.6	E	34.6	37.8	37.8	39.2	752.7	0.00	0.0	120	0.17	120	0.6	0.00	0.6	0.000	0.011	37.5	37	20.3	41.5	6.76	 .0686	0.00	23	1	100.0	1
27/06/15	5:33 p	34.5	34.6	34.5	43	20.1	4.0	ESE	0.24	8.0	ESE	34.5	37.7	37.7	39.3	752.7	0.00	0.0	118	0.17	118	0.6	0.00	0.6	0.000	0.011	37.5	37	20.3	41.5	6.76	 .0686	0.00	24	1	100.0	1
27/06/15	5:34 p	34.5	34.5	34.5	43	20.1	5.4	E	0.32	8.5	ESE	34.5	37.7	37.7	39.1	752.7	0.00	0.0	115	0.16	120	0.5	0.00	0.5	0.000	0.011	37.4	37	20.3	41.4	6.76	 .0686	0.00	23	1	100.0	1
27/06/15	5:35 p	34.5	34.5	34.5	43	20.1	4.9	E	0.30	8.0	E	34.5	37.7	37.7	39.0	752.7	0.00	0.0	105	0.15	105	0.5	0.00	0.5	0.000	0.011	37.5	37	20.3	41.5	6.76	 .0686	0.00	23	1	100.0	1
27/06/15	5:36 p	34.5	34.5	34.4	43	20.1	7.2	E	0.43	11.6	SE	34.5	37.7	37.7	38.8	752.8	0.00	0.0	105	0.15	105	0.5	0.00	0.5	0.000	0.011	37.5	37	20.3	41.5	6.76	 .0686	0.00	24	1	100.0	1
27/06/15	5:37 p	34.4	34.5	34.4	43	20.1	5.8	ENE	0.35	9.4	E	34.4	37.6	37.6	38.9	752.7	0.00	0.0	111	0.16	111	0.5	0.00	0.5	0.000	0.011	37.4	37	20.3	41.4	6.76	 .0686	0.00	23	1	100.0	1
27/06/15	5:38 p	34.4	34.4	34.4	43	20.1	4.5	E	0.27	8.0	ENE	34.4	37.6	37.6	39.1	752.8	0.00	0.0	111	0.16	111	0.5	0.00	0.5	0.000	0.011	37.4	37	20.3	41.4	6.76	 .0686	0.00	24	1	100.0	1
27/06/15	5:39 p	34.4	34.4	34.4	43	20.1	4.0	E	0.24	8.5	ESE	34.4	37.6	37.6	39.1	752.8	0.00	0.0	107	0.15	107	0.5	0.00	0.5	0.000	0.011	37.4	37	20.3	41.4	6.76	 .0686	0.00	23	1	100.0	1
27/06/15	5:40 p	34.4	34.4	34.4	43	20.1	4.9	E	0.30	8.5	ESE	34.4	37.6	37.6	38.8	752.8	0.00	0.0	100	0.14	102	0.5	0.00	0.5	0.000	0.011	37.4	37	20.3	41.4	6.76	 .0686	0.00	23	1	100.0	1
27/06/15	5:41 p	34.4	34.4	34.4	43	20.1	4.9	E	0.30	8.0	ESE	34.4	37.6	37.6	38.8	752.8	0.00	0.0	98	0.14	98	0.5	0.00	0.5	0.000	0.011	37.4	37	20.2	41.3	6.76	 .0687	0.00	24	1	100.0	1
27/06/15	5:42 p	34.4	34.4	34.4	43	20.1	4.5	ESE	0.27	9.4	ESE	34.4	37.6	37.6	38.8	752.8	0.00	0.0	98	0.14	98	0.5	0.00	0.5	0.000	0.011	37.4	37	20.2	41.3	6.76	 .0687	0.00	23	1	100.0	1
27/06/15	5:43 p	34.4	34.4	34.4	43	20.1	5.8	E	0.35	9.4	ENE	34.4	37.6	37.6	38.8	752.7	0.00	0.0	98	0.14	98	0.5	0.00	0.5	0.000	0.011	37.4	37	20.2	41.3	6.76	 .0687	0.00	24	1	100.0	1
27/06/15	5:44 p	34.4	34.4	34.4	43	20.0	4.5	E	0.27	9.4	E	34.4	37.5	37.5	38.8	752.7	0.00	0.0	100	0.14	100	0.5	0.00	0.5	0.000	0.011	37.4	37	20.2	41.3	6.76	 .0687	0.00	23	1	100.0	1
27/06/15	5:45 p	34.4	34.4	34.4	43	20.0	4.5	E	0.27	8.0	ENE	34.4	37.5	37.5	38.8	752.8	0.00	0.0	99	0.14	100	0.5	0.00	0.5	0.000	0.011	37.4	37	20.2	41.3	6.76	 .0687	0.00	24	1	100.0	1
27/06/15	5:46 p	34.4	34.4	34.4	44	20.4	6.7	ENE	0.40	9.8	E	34.4	37.8	37.8	38.9	752.8	0.00	0.0	95	0.14	95	0.0	0.00	0.0	0.000	0.011	37.3	37	20.2	41.2	6.77	 .0687	0.00	23	1	100.0	1
27/06/15	5:47 p	34.3	34.4	34.3	44	20.3	4.9	E	0.30	8.5	ENE	34.3	37.7	37.7	38.8	752.8	0.00	0.0	91	0.13	91	0.0	0.00	0.0	0.000	0.011	37.3	37	20.2	41.2	6.77	 .0687	0.00	23	1	100.0	1
27/06/15	5:48 p	34.3	34.3	34.3	44	20.3	6.3	E	0.38	11.6	SSE	34.3	37.7	37.7	38.7	752.8	0.00	0.0	86	0.12	86	0.0	0.00	0.0	0.000	0.011	37.3	37	20.2	41.2	6.77	 .0687	0.00	24	1	100.0	1
27/06/15	5:49 p	34.3	34.3	34.3	44	20.3	4.0	E	0.24	7.2	ENE	34.3	37.7	37.7	38.8	752.8	0.00	0.0	83	0.12	83	0.0	0.00	0.0	0.000	0.011	37.3	37	20.2	41.2	6.77	 .0687	0.00	23	1	100.0	1
27/06/15	5:50 p	34.3	34.3	34.3	44	20.3	3.6	E	0.21	7.2	E	34.3	37.7	37.7	38.8	752.9	0.00	0.0	83	0.12	83	0.0	0.00	0.0	0.000	0.011	37.3	37	20.2	41.2	6.77	 .0687	0.00	24	1	100.0	1
27/06/15	5:51 p	34.3	34.3	34.3	44	20.3	4.5	E	0.27	6.3	E	34.3	37.7	37.7	38.7	752.8	0.00	0.0	77	0.11	77	0.0	0.00	0.0	0.000	0.011	37.3	37	20.2	41.2	6.77	 .0687	0.00	23	1	100.0	1
27/06/15	5:52 p	34.3	34.3	34.3	44	20.3	4.5	E	0.27	8.0	ESE	34.3	37.6	37.6	38.4	752.9	0.00	0.0	72	0.10	72	0.0	0.00	0.0	0.000	0.011	37.3	37	20.1	41.1	6.77	 .0687	0.00	23	1	100.0	1
27/06/15	5:53 p	34.3	34.3	34.3	45	20.6	3.6	E	0.21	5.4	E	34.3	37.9	37.9	38.7	752.9	0.00	0.0	69	0.10	69	0.0	0.00	0.0	0.000	0.011	37.3	37	20.1	41.1	6.77	 .0687	0.00	24	1	100.0	1
27/06/15	5:54 p	34.3	34.3	34.3	45	20.6	3.6	E	0.21	8.5	ESE	34.3	37.9	37.9	38.7	752.9	0.00	0.0	65	0.09	65	0.0	0.00	0.0	0.000	0.011	37.3	37	20.1	41.1	6.77	 .0687	0.00	23	1	100.0	1
27/06/15	5:55 p	34.2	34.3	34.2	45	20.6	5.4	E	0.32	8.0	E	34.2	37.8	37.8	38.4	752.9	0.00	0.0	62	0.09	62	0.0	0.00	0.0	0.000	0.011	37.3	37	20.1	41.1	6.77	 .0687	0.00	24	1	100.0	1
27/06/15	5:56 p	34.2	34.2	34.2	45	20.6	4.5	ESE	0.27	7.2	ENE	34.2	37.8	37.8	38.3	753.0	0.00	0.0	56	0.08	56	0.0	0.00	0.0	0.000	0.011	37.3	37	20.1	41.1	6.77	 .0687	0.00	23	1	100.0	1
27/06/15	5:57 p	34.2	34.2	34.2	45	20.5	6.3	E	0.38	12.5	ESE	34.2	37.7	37.7	38.1	753.0	0.00	0.0	52	0.07	53	0.0	0.00	0.0	0.000	0.011	37.2	37	20.1	40.9	6.77	 .0687	0.00	23	1	100.0	1
27/06/15	5:58 p	34.2	34.2	34.2	45	20.5	4.5	ENE	0.27	6.3	ESE	34.2	37.7	37.7	38.1	753.0	0.00	0.0	49	0.07	49	0.0	0.00	0.0	0.000	0.011	37.2	37	20.1	40.9	6.77	 .0687	0.00	24	1	100.0	1
27/06/15	5:59 p	34.2	34.2	34.2	45	20.5	6.7	E	0.40	8.5	ENE	34.2	37.7	37.7	38.0	753.0	0.00	0.0	47	0.07	47	0.0	0.00	0.0	0.000	0.011	37.2	37	20.1	40.9	6.77	 .0687	0.00	23	1	100.0	1
27/06/15	6:00 p	34.1	34.1	34.1	45	20.5	3.6	E	0.21	5.8	E	34.1	37.6	37.6	37.9	753.0	0.00	0.0	46	0.07	46	0.0	0.00	0.0	0.000	0.011	37.2	37	20.1	40.9	6.77	 .0687	0.28	24	1	100.0	1
27/06/15	6:01 p	34.1	34.1	34.1	45	20.5	4.9	ESE	0.30	7.2	ESE	34.1	37.6	37.6	37.9	753.0	0.00	0.0	46	0.07	46	0.0	0.00	0.0	0.000	0.011	37.2	37	20.1	40.9	6.77	 .0687	0.00	23	1	100.0	1
27/06/15	6:02 p	34.1	34.1	34.1	45	20.4	5.8	E	0.35	9.4	E	34.1	37.4	37.4	37.8	753.0	0.00	0.0	44	0.06	44	0.0	0.00	0.0	0.000	0.011	37.2	37	20.0	40.8	6.77	 .0688	0.00	24	1	100.0	1
27/06/15	6:03 p	34.1	34.1	34.1	46	20.8	4.0	ESE	0.24	8.5	ESE	34.1	37.7	37.7	38.1	753.1	0.00	0.0	43	0.06	44	0.0	0.00	0.0	0.000	0.011	37.2	37	20.0	40.8	6.77	 .0688	0.00	23	1	100.0	1
27/06/15	6:04 p	34.0	34.0	34.0	46	20.7	5.4	E	0.32	8.9	E	34.0	37.6	37.6	37.9	753.1	0.00	0.0	40	0.06	40	0.0	0.00	0.0	0.000	0.011	37.2	37	20.0	40.8	6.77	 .0688	0.00	23	1	100.0	1
27/06/15	6:05 p	34.0	34.0	34.0	46	20.7	4.9	E	0.30	8.0	ESE	34.0	37.6	37.6	37.9	753.1	0.00	0.0	40	0.06	40	0.0	0.00	0.0	0.000	0.011	37.2	37	20.0	40.8	6.77	 .0688	0.00	24	1	100.0	1
27/06/15	6:06 p	33.9	34.0	33.9	46	20.7	4.5	E	0.27	8.0	SE	33.9	37.5	37.5	37.7	753.1	0.00	0.0	39	0.06	39	0.0	0.00	0.0	0.000	0.011	37.2	37	20.0	40.8	6.77	 .0688	0.00	23	1	100.0	1
27/06/15	6:07 p	33.9	33.9	33.9	46	20.7	6.7	E	0.40	9.4	ENE	33.9	37.5	37.5	37.7	753.1	0.00	0.0	39	0.06	39	0.0	0.00	0.0	0.000	0.011	37.1	37	20.0	40.7	6.77	 .0688	0.00	24	1	100.0	1
27/06/15	6:08 p	33.9	33.9	33.9	46	20.6	6.7	ESE	0.40	11.6	ESE	33.9	37.4	37.4	37.6	753.1	0.00	0.0	39	0.06	39	0.0	0.00	0.0	0.000	0.011	37.1	37	20.0	40.7	6.77	 .0688	0.00	23	1	100.0	1
27/06/15	6:09 p	33.8	33.9	33.8	46	20.6	4.5	E	0.27	9.4	E	33.8	37.3	37.3	37.5	753.1	0.00	0.0	37	0.05	37	0.0	0.00	0.0	0.000	0.011	37.1	37	20.0	40.7	6.77	 .0688	0.00	24	1	100.0	1
27/06/15	6:10 p	33.8	33.8	33.8	46	20.6	5.4	E	0.32	9.8	SE	33.8	37.3	37.3	37.5	753.1	0.00	0.0	37	0.05	37	0.0	0.00	0.0	0.000	0.011	37.1	37	20.0	40.7	6.77	 .0688	0.00	23	1	100.0	1
27/06/15	6:11 p	33.8	33.8	33.8	47	20.9	6.3	E	0.38	10.3	E	33.8	37.6	37.6	37.7	753.2	0.00	0.0	35	0.05	35	0.0	0.00	0.0	0.000	0.011	37.1	37	20.0	40.7	6.77	 .0688	0.00	23	1	100.0	1
27/06/15	6:12 p	33.8	33.8	33.8	47	20.9	5.8	E	0.35	8.9	ESE	33.8	37.4	37.4	37.6	753.1	0.00	0.0	33	0.05	33	0.0	0.00	0.0	0.000	0.011	37.1	38	20.4	41.2	6.97	 .0687	0.00	24	1	100.0	1
27/06/15	6:13 p	33.8	33.8	33.8	47	20.9	4.9	E	0.30	6.7	E	33.8	37.4	37.4	37.6	753.2	0.00	0.0	33	0.05	33	0.0	0.00	0.0	0.000	0.011	37.1	38	20.4	41.2	6.97	 .0687	0.00	23	1	100.0	1
27/06/15	6:14 p	33.8	33.8	33.8	47	20.9	5.4	E	0.32	8.5	ESE	33.8	37.4	37.4	37.6	753.2	0.00	0.0	32	0.05	32	0.0	0.00	0.0	0.000	0.011	37.1	38	20.4	41.1	6.98	 .0688	0.00	24	1	100.0	1
27/06/15	6:15 p	33.7	33.8	33.7	47	20.8	4.0	ENE	0.24	6.3	E	33.7	37.3	37.3	37.4	753.2	0.00	0.0	29	0.04	30	0.0	0.00	0.0	0.000	0.011	37.1	38	20.4	41.1	6.98	 .0688	0.00	23	1	100.0	1
27/06/15	6:16 p	33.7	33.7	33.7	47	20.8	4.9	ESE	0.30	8.0	E	33.7	37.3	37.3	37.3	753.2	0.00	0.0	26	0.04	26	0.0	0.00	0.0	0.000	0.011	37.1	38	20.4	41.1	6.98	 .0688	0.00	23	1	100.0	1
27/06/15	6:17 p	33.7	33.7	33.7	47	20.8	5.4	E	0.32	8.0	ESE	33.7	37.3	37.3	37.3	753.3	0.00	0.0	25	0.04	25	0.0	0.00	0.0	0.000	0.011	37.1	38	20.4	41.1	6.98	 .0688	0.00	24	1	100.0	1
27/06/15	6:18 p	33.7	33.7	33.7	47	20.8	5.4	ESE	0.32	8.5	ESE	33.7	37.3	37.3	37.3	753.3	0.00	0.0	23	0.03	23	0.0	0.00	0.0	0.000	0.011	37.1	38	20.4	41.1	6.98	 .0688	0.00	23	1	100.0	1
27/06/15	6:19 p	33.7	33.7	33.7	47	20.8	4.9	E	0.30	8.9	ESE	33.7	37.2	37.2	37.1	753.3	0.00	0.0	21	0.03	21	0.0	0.00	0.0	0.000	0.011	37.0	38	20.3	40.9	6.98	 .0688	0.00	24	1	100.0	1
27/06/15	6:20 p	33.7	33.7	33.7	47	20.8	4.5	E	0.27	8.5	E	33.7	37.2	37.2	37.1	753.3	0.00	0.0	19	0.03	19	0.0	0.00	0.0	0.000	0.011	37.0	38	20.3	40.9	6.98	 .0688	0.00	23	1	100.0	1
27/06/15	6:21 p	33.7	33.7	33.7	47	20.8	4.0	ESE	0.24	6.3	ESE	33.7	37.2	37.2	37.1	753.3	0.00	0.0	18	0.03	18	0.0	0.00	0.0	0.000	0.011	37.0	38	20.3	40.9	6.98	 .0688	0.00	24	1	100.0	1
27/06/15	6:22 p	33.7	33.7	33.7	47	20.8	4.0	E	0.24	6.3	ENE	33.7	37.2	37.2	37.0	753.4	0.00	0.0	16	0.02	16	0.0	0.00	0.0	0.000	0.011	37.0	38	20.3	40.9	6.98	 .0688	0.00	23	1	100.0	1
27/06/15	6:23 p	33.6	33.7	33.6	47	20.7	4.0	E	0.24	6.3	E	33.6	37.1	37.1	36.9	753.4	0.00	0.0	16	0.02	16	0.0	0.00	0.0	0.000	0.011	37.0	38	20.3	40.9	6.98	 .0688	0.00	23	1	100.0	1
27/06/15	6:24 p	33.6	33.7	33.6	47	20.7	4.0	E	0.24	8.0	ESE	33.6	37.1	37.1	36.8	753.4	0.00	0.0	14	0.02	14	0.0	0.00	0.0	0.000	0.011	36.9	38	20.3	40.8	6.98	 .0688	0.00	24	1	100.0	1
27/06/15	6:25 p	33.6	33.7	33.6	47	20.7	4.5	E	0.27	6.3	E	33.6	37.1	37.1	36.9	753.5	0.00	0.0	14	0.02	14	0.0	0.00	0.0	0.000	0.011	36.9	38	20.3	40.8	6.98	 .0688	0.00	23	1	100.0	1
27/06/15	6:26 p	33.6	33.6	33.6	47	20.7	5.4	E	0.32	9.4	ENE	33.6	37.1	37.1	36.8	753.4	0.00	0.0	12	0.02	12	0.0	0.00	0.0	0.000	0.011	36.9	38	20.3	40.8	6.98	 .0688	0.00	24	1	100.0	1
27/06/15	6:27 p	33.6	33.6	33.6	47	20.7	5.4	E	0.32	8.0	E	33.6	37.1	37.1	36.8	753.4	0.00	0.0	11	0.02	11	0.0	0.00	0.0	0.000	0.011	36.9	38	20.3	40.8	6.98	 .0688	0.00	23	1	100.0	1
27/06/15	6:28 p	33.6	33.6	33.6	47	20.7	4.9	E	0.30	9.4	ENE	33.6	37.1	37.1	36.8	753.5	0.00	0.0	11	0.02	11	0.0	0.00	0.0	0.000	0.011	36.9	38	20.3	40.8	6.98	 .0688	0.00	23	1	100.0	1
27/06/15	6:29 p	33.6	33.6	33.6	47	20.7	4.0	ESE	0.24	6.3	ESE	33.6	37.1	37.1	36.8	753.5	0.00	0.0	9	0.01	9	0.0	0.00	0.0	0.000	0.011	36.9	38	20.3	40.8	6.98	 .0688	0.00	24	1	100.0	1
27/06/15	6:30 p	33.6	33.6	33.6	47	20.7	4.0	ESE	0.24	9.4	SSE	33.6	37.1	37.1	36.8	753.5	0.00	0.0	9	0.01	9	0.0	0.00	0.0	0.000	0.011	36.9	38	20.3	40.8	6.98	 .0688	0.00	23	1	100.0	1
27/06/15	6:31 p	33.6	33.6	33.6	47	20.7	5.8	E	0.35	11.2	ENE	33.6	37.1	37.1	36.8	753.5	0.00	0.0	9	0.01	9	0.0	0.00	0.0	0.000	0.011	36.9	38	20.3	40.8	6.98	 .0688	0.00	24	1	100.0	1
27/06/15	6:32 p	33.6	33.6	33.6	47	20.7	4.9	E	0.30	9.8	ENE	33.6	37.1	37.1	36.8	753.5	0.00	0.0	9	0.01	9	0.0	0.00	0.0	0.000	0.011	36.9	38	20.2	40.7	6.98	 .0688	0.00	23	1	100.0	1
27/06/15	6:33 p	33.6	33.6	33.6	47	20.7	4.0	E	0.24	7.2	E	33.6	37.0	37.0	36.6	753.6	0.00	0.0	7	0.01	7	0.0	0.00	0.0	0.000	0.011	36.9	38	20.3	40.8	6.98	 .0688	0.00	23	1	100.0	1
27/06/15	6:34 p	33.6	33.6	33.6	48	21.0	3.6	ESE	0.21	5.8	E	33.6	37.2	37.2	36.8	753.5	0.00	0.0	7	0.01	7	0.0	0.00	0.0	0.000	0.011	36.9	38	20.2	40.7	6.98	 .0688	0.00	24	1	100.0	1
27/06/15	6:35 p	33.5	33.6	33.5	48	21.0	6.3	ESE	0.38	8.9	E	33.5	37.1	37.1	36.8	753.6	0.00	0.0	7	0.01	7	0.0	0.00	0.0	0.000	0.011	36.9	38	20.2	40.7	6.98	 .0688	0.00	23	1	100.0	1
27/06/15	6:36 p	33.4	33.5	33.4	48	20.9	4.9	E	0.30	8.0	E	33.4	37.0	37.0	36.6	753.6	0.00	0.0	7	0.01	7	0.0	0.00	0.0	0.000	0.010	36.9	38	20.2	40.7	6.98	 .0689	0.00	24	1	100.0	1
27/06/15	6:37 p	33.4	33.4	33.4	48	20.9	5.4	E	0.32	9.4	ESE	33.4	37.0	37.0	36.6	753.6	0.00	0.0	7	0.01	7	0.0	0.00	0.0	0.000	0.010	36.9	38	20.2	40.7	6.98	 .0689	0.00	23	1	100.0	1
27/06/15	6:38 p	33.4	33.4	33.4	48	20.9	5.4	E	0.32	9.4	E	33.4	36.9	36.9	36.5	753.6	0.00	0.0	6	0.01	7	0.0	0.00	0.0	0.000	0.010	36.9	38	20.2	40.7	6.98	 .0689	0.00	24	1	100.0	1
27/06/15	6:39 p	33.3	33.4	33.3	48	20.8	3.6	E	0.21	4.9	E	33.3	36.8	36.8	36.3	753.6	0.00	0.0	5	0.01	5	0.0	0.00	0.0	0.000	0.010	36.9	38	20.2	40.7	6.98	 .0689	0.00	23	1	100.0	1
27/06/15	6:40 p	33.3	33.4	33.3	48	20.8	3.6	E	0.21	7.2	ESE	33.3	36.8	36.8	36.3	753.6	0.00	0.0	5	0.01	5	0.0	0.00	0.0	0.000	0.010	36.9	38	20.2	40.7	6.98	 .0689	0.00	23	1	100.0	1
27/06/15	6:41 p	33.3	33.3	33.3	48	20.8	4.0	E	0.24	5.8	E	33.3	36.8	36.8	36.3	753.6	0.00	0.0	5	0.01	5	0.0	0.00	0.0	0.000	0.010	36.8	38	20.2	40.6	6.98	 .0689	0.00	24	1	100.0	1
27/06/15	6:42 p	33.3	33.3	33.3	49	21.2	3.1	ESE	0.19	4.5	E	33.3	37.1	37.1	36.4	753.6	0.00	0.0	0	0.00	0	0.0	0.00	0.0	0.000	0.010	36.8	38	20.2	40.6	6.98	 .0689	0.00	23	1	100.0	1
27/06/15	6:43 p	33.3	33.3	33.3	49	21.1	3.6	E	0.21	5.4	ESE	33.3	36.9	36.9	36.4	753.6	0.00	0.0	0	0.00	0	0.0	0.00	0.0	0.000	0.010	36.8	38	20.2	40.6	6.98	 .0689	0.00	24	1	100.0	1
27/06/15	6:44 p	33.3	33.3	33.3	49	21.1	3.6	E	0.21	5.8	ENE	33.3	36.9	36.9	36.4	753.6	0.00	0.0	0	0.00	0	0.0	0.00	0.0	0.000	0.010	36.8	38	20.2	40.6	6.98	 .0689	0.00	23	1	100.0	1
27/06/15	6:45 p	33.2	33.3	33.2	49	21.1	3.6	ENE	0.21	6.7	E	33.2	36.8	36.8	36.3	753.6	0.00	0.0	0	0.00	0	0.0	0.00	0.0	0.000	0.010	36.8	38	20.2	40.6	6.98	 .0689	0.00	23	1	100.0	1
27/06/15	6:46 p	33.2	33.3	33.2	49	21.1	3.1	ESE	0.19	5.4	ESE	33.2	36.8	36.8	36.2	753.6	0.00	0.0	0	0.00	0	0.0	0.00	0.0	0.000	0.010	36.8	38	20.2	40.6	6.98	 .0689	0.00	24	1	100.0	1
27/06/15	6:47 p	33.2	33.2	33.2	49	21.1	2.7	E	0.16	4.0	ESE	33.2	36.8	36.8	36.2	753.6	0.00	0.0	0	0.00	0	0.0	0.00	0.0	0.000	0.010	36.8	38	20.2	40.6	6.98	 .0689	0.00	23	1	100.0	1
27/06/15	6:48 p	33.2	33.2	33.2	49	21.1	2.2	ESE	0.13	3.1	E	33.2	36.8	36.8	36.2	753.6	0.00	0.0	0	0.00	0	0.0	0.00	0.0	0.000	0.010	36.8	38	20.2	40.6	6.98	 .0689	0.00	24	1	100.0	1
27/06/15	6:49 p	33.2	33.2	33.2	49	21.1	4.0	E	0.24	6.3	E	33.2	36.8	36.8	36.3	753.6	0.00	0.0	0	0.00	0	0.0	0.00	0.0	0.000	0.010	36.8	38	20.2	40.6	6.98	 .0689	0.00	23	1	100.0	1
27/06/15	6:50 p	33.2	33.2	33.2	49	21.1	4.9	E	0.30	7.2	E	33.2	36.8	36.8	36.3	753.7	0.00	0.0	0	0.00	0	0.0	0.00	0.0	0.000	0.010	36.8	38	20.2	40.6	6.98	 .0689	0.00	23	1	100.0	1
27/06/15	6:51 p	33.2	33.2	33.2	49	21.0	3.6	E	0.21	5.8	E	33.2	36.7	36.7	36.2	753.6	0.00	0.0	0	0.00	0	0.0	0.00	0.0	0.000	0.010	36.8	38	20.1	40.5	6.99	 .0689	0.00	24	1	100.0	1
27/06/15	6:52 p	33.2	33.2	33.2	49	21.0	4.0	E	0.24	6.3	ENE	33.2	36.7	36.7	36.2	753.7	0.00	0.0	0	0.00	0	0.0	0.00	0.0	0.000	0.010	36.8	38	20.2	40.6	6.98	 .0689	0.00	23	1	100.0	1
27/06/15	6:53 p	33.2	33.2	33.2	49	21.0	4.5	E	0.27	6.3	E	33.2	36.7	36.7	36.2	753.6	0.00	0.0	0	0.00	0	0.0	0.00	0.0	0.000	0.010	36.8	38	20.1	40.5	6.99	 .0689	0.00	24	1	100.0	1
27/06/15	6:54 p	33.1	33.2	33.1	49	21.0	3.6	E	0.21	4.5	ENE	33.1	36.6	36.6	36.1	753.7	0.00	0.0	0	0.00	0	0.0	0.00	0.0	0.000	0.010	36.8	38	20.1	40.5	6.99	 .0689	0.00	23	1	100.0	1
27/06/15	6:55 p	33.1	33.1	33.1	49	21.0	4.5	E	0.27	5.4	E	33.1	36.6	36.6	35.9	753.7	0.00	0.0	0	0.00	0	0.0	0.00	0.0	0.000	0.010	36.8	38	20.1	40.5	6.99	 .0689	0.00	24	1	100.0	1
27/06/15	6:56 p	33.1	33.1	33.1	49	21.0	4.9	E	0.30	7.2	E	33.1	36.6	36.6	35.9	753.7	0.00	0.0	0	0.00	0	0.0	0.00	0.0	0.000	0.010	36.8	38	20.1	40.5	6.99	 .0689	0.00	23	1	100.0	1
27/06/15	6:57 p	33.1	33.1	33.1	49	20.9	5.4	E	0.32	8.5	E	33.1	36.5	36.5	35.9	753.7	0.00	0.0	0	0.00	0	0.0	0.00	0.0	0.000	0.010	36.8	38	20.1	40.5	6.99	 .0689	0.00	23	1	100.0	1
27/06/15	6:58 p	33.1	33.1	33.1	49	20.9	6.3	E	0.38	7.2	E	33.0	36.5	36.4	35.8	753.7	0.00	0.0	0	0.00	0	0.0	0.00	0.0	0.000	0.010	36.7	38	20.1	40.4	6.99	 .0689	0.00	24	1	100.0	1
27/06/15	6:59 p	33.1	33.1	33.1	50	21.2	4.9	E	0.30	8.5	ENE	33.1	36.7	36.7	36.1	753.7	0.00	0.0	0	0.00	0	0.0	0.00	0.0	0.000	0.010	36.7	38	20.1	40.4	6.99	 .0689	0.00	23	1	100.0	1
27/06/15	7:00 p	33.1	33.1	33.1	50	21.2	7.2	E	0.43	9.4	ENE	32.9	36.7	36.6	36.0	753.7	0.00	0.0	0	0.00	0	0.0	0.00	0.0	0.000	0.010	36.7	38	20.1	40.4	6.99	 .0689	0.18	24	1	100.0	1
27/06/15	7:01 p	33.1	33.1	33.1	50	21.2	5.4	ENE	0.32	7.2	ENE	33.1	36.7	36.7	36.1	753.7	0.00	0.0	0	0.00	0	0.0	0.00	0.0	0.000	0.010	36.7	38	20.1	40.4	6.99	 .0689	0.00	23	1	100.0	1
27/06/15	7:02 p	33.0	33.1	33.0	49	20.9	4.9	E	0.30	7.2	E	33.0	36.4	36.4	35.7	753.8	0.00	0.0	0	0.00	0	0.0	0.00	0.0	0.000	0.010	36.7	38	20.1	40.4	6.99	 .0689	0.00	23	1	100.0	1
27/06/15	7:03 p	33.0	33.0	33.0	50	21.2	4.9	E	0.30	6.7	E	33.0	36.6	36.6	35.9	753.9	0.00	0.0	0	0.00	0	0.0	0.00	0.0	0.000	0.010	36.7	38	20.1	40.4	6.99	 .0689	0.00	24	1	100.0	1
27/06/15	7:04 p	33.0	33.0	33.0	50	21.2	4.5	E	0.27	6.7	E	33.0	36.6	36.6	35.9	753.9	0.00	0.0	0	0.00	0	0.0	0.00	0.0	0.000	0.010	36.7	38	20.1	40.4	6.99	 .0689	0.00	23	1	100.0	1
27/06/15	7:05 p	33.0	33.0	33.0	50	21.2	4.0	E	0.24	5.8	ENE	33.0	36.6	36.6	35.9	753.9	0.00	0.0	0	0.00	0	0.0	0.00	0.0	0.000	0.010	36.7	38	20.0	40.3	6.99	 .0690	0.00	24	1	100.0	1
27/06/15	7:06 p	32.9	33.0	32.9	50	21.1	5.8	E	0.35	8.5	E	32.9	36.5	36.4	35.8	753.9	0.00	0.0	0	0.00	0	0.0	0.00	0.0	0.000	0.010	36.7	38	20.0	40.3	6.99	 .0690	0.00	23	1	100.0	1
27/06/15	7:07 p	32.9	32.9	32.9	50	21.1	3.6	E	0.21	5.4	ESE	32.9	36.5	36.5	35.8	753.9	0.00	0.0	0	0.00	0	0.0	0.00	0.0	0.000	0.010	36.7	38	20.1	40.4	6.99	 .0689	0.00	24	1	100.0	1
27/06/15	7:08 p	32.9	32.9	32.9	50	21.1	2.2	E	0.13	4.5	E	32.9	36.5	36.5	35.7	754.0	0.00	0.0	0	0.00	0	0.0	0.00	0.0	0.000	0.010	36.7	38	20.0	40.3	6.99	 .0690	0.00	23	1	100.0	1
27/06/15	7:09 p	32.9	32.9	32.9	50	21.1	3.6	E	0.21	5.8	E	32.9	36.4	36.4	35.7	754.0	0.00	0.0	0	0.00	0	0.0	0.00	0.0	0.000	0.010	36.7	38	20.0	40.3	6.99	 .0690	0.00	23	1	100.0	1
27/06/15	7:10 p	32.9	32.9	32.9	50	21.1	3.1	E	0.19	5.4	E	32.9	36.4	36.4	35.6	754.0	0.00	0.0	0	0.00	0	0.0	0.00	0.0	0.000	0.010	36.7	38	20.0	40.3	6.99	 .0690	0.00	24	1	100.0	1
27/06/15	7:11 p	32.8	32.9	32.8	50	21.0	5.4	ENE	0.32	9.4	ENE	32.8	36.3	36.3	35.7	754.0	0.00	0.0	0	0.00	0	0.0	0.00	0.0	0.000	0.010	36.7	38	20.0	40.3	6.99	 .0690	0.00	23	1	100.0	1
27/06/15	7:12 p	32.8	32.8	32.8	50	21.0	4.0	E	0.24	5.8	E	32.8	36.2	36.2	35.4	754.0	0.00	0.0	0	0.00	0	0.0	0.00	0.0	0.000	0.010	36.7	38	20.0	40.3	6.99	 .0690	0.00	24	1	100.0	1
27/06/15	7:13 p	32.8	32.8	32.8	50	21.0	4.5	E	0.27	8.5	E	32.8	36.2	36.2	35.5	754.0	0.00	0.0	0	0.00	0	0.0	0.00	0.0	0.000	0.010	36.7	38	20.0	40.3	6.99	 .0690	0.00	23	1	100.0	1
27/06/15	7:14 p	32.8	32.8	32.7	50	21.0	3.1	E	0.19	6.3	ENE	32.8	36.2	36.2	35.4	754.0	0.00	0.0	0	0.00	0	0.0	0.00	0.0	0.000	0.010	36.7	38	20.0	40.3	6.99	 .0690	0.00	23	1	100.0	1
27/06/15	7:15 p	32.7	32.7	32.7	50	20.9	3.1	E	0.19	7.2	E	32.7	36.1	36.1	35.3	754.0	0.00	0.0	0	0.00	0	0.0	0.00	0.0	0.000	0.010	36.7	38	20.0	40.3	6.99	 .0690	0.00	24	1	100.0	1
27/06/15	7:16 p	32.7	32.7	32.7	50	20.9	4.0	E	0.24	5.8	E	32.7	35.9	35.9	35.2	754.0	0.00	0.0	0	0.00	0	0.0	0.00	0.0	0.000	0.010	36.6	38	20.0	40.2	6.99	 .0690	0.00	23	1	100.0	1
27/06/15	7:17 p	32.7	32.7	32.7	50	20.9	4.0	E	0.24	6.7	E	32.7	35.9	35.9	35.2	754.0	0.00	0.0	0	0.00	0	0.0	0.00	0.0	0.000	0.010	36.7	38	20.0	40.3	6.99	 .0690	0.00	24	1	100.0	1
27/06/15	7:18 p	32.6	32.7	32.6	50	20.8	4.0	E	0.24	8.0	SSE	32.6	35.8	35.8	35.1	754.0	0.00	0.0	0	0.00	0	0.0	0.00	0.0	0.000	0.010	36.6	38	20.0	40.2	6.99	 .0690	0.00	23	1	100.0	1
27/06/15	7:19 p	32.6	32.6	32.6	50	20.8	4.0	E	0.24	7.2	ENE	32.6	35.7	35.7	35.0	754.0	0.00	0.0	0	0.00	0	0.0	0.00	0.0	0.000	0.010	36.6	38	20.0	40.2	6.99	 .0690	0.00	24	1	100.0	1
27/06/15	7:20 p	32.6	32.6	32.6	50	20.8	4.0	ESE	0.24	8.0	E	32.6	35.7	35.7	35.0	753.9	0.00	0.0	0	0.00	0	0.0	0.00	0.0	0.000	0.010	36.6	38	20.0	40.2	6.99	 .0690	0.00	23	1	100.0	1
27/06/15	7:21 p	32.6	32.6	32.6	50	20.8	4.5	ESE	0.27	7.2	ESE	32.6	35.7	35.7	35.1	754.0	0.00	0.0	0	0.00	0	0.0	0.00	0.0	0.000	0.010	36.6	38	20.0	40.2	6.99	 .0690	0.00	23	1	100.0	1
27/06/15	7:22 p	32.5	32.5	32.5	50	20.7	3.6	E	0.21	7.2	E	32.5	35.6	35.6	34.9	754.0	0.00	0.0	0	0.00	0	0.0	0.00	0.0	0.000	0.010	36.6	38	20.0	40.2	6.99	 .0690	0.00	24	1	100.0	1
27/06/15	7:23 p	32.4	32.5	32.4	50	20.7	4.0	E	0.24	7.2	E	32.4	35.5	35.5	34.8	754.0	0.00	0.0	0	0.00	0	0.0	0.00	0.0	0.000	0.010	36.6	38	20.0	40.2	6.99	 .0690	0.00	23	1	100.0	1
27/06/15	7:24 p	32.4	32.4	32.4	50	20.7	3.1	ESE	0.19	4.9	ESE	32.4	35.5	35.5	34.7	754.0	0.00	0.0	0	0.00	0	0.0	0.00	0.0	0.000	0.010	36.6	38	20.0	40.2	6.99	 .0690	0.00	24	1	100.0	1
27/06/15	7:25 p	32.4	32.4	32.4	50	20.7	4.9	E	0.30	6.3	E	32.4	35.5	35.4	34.8	753.9	0.00	0.0	0	0.00	0	0.0	0.00	0.0	0.000	0.010	36.6	38	19.9	40.1	6.99	 .0690	0.00	23	1	100.0	1
27/06/15	7:26 p	32.4	32.4	32.4	50	20.6	2.7	ESE	0.16	4.0	ESE	32.4	35.4	35.4	34.6	753.9	0.00	0.0	0	0.00	0	0.0	0.00	0.0	0.000	0.010	36.6	38	19.9	40.1	6.99	 .0690	0.00	23	1	100.0	1
27/06/15	7:27 p	32.4	32.4	32.4	51	21.0	3.1	E	0.19	5.4	SE	32.4	35.7	35.7	34.9	753.9	0.00	0.0	0	0.00	0	0.0	0.00	0.0	0.000	0.010	36.6	38	19.9	40.1	6.99	 .0690	0.00	24	1	100.0	1
27/06/15	7:28 p	32.4	32.4	32.3	51	21.0	3.1	E	0.19	5.4	E	32.4	35.7	35.7	34.9	753.9	0.00	0.0	0	0.00	0	0.0	0.00	0.0	0.000	0.010	36.6	38	19.9	40.1	6.99	 .0690	0.00	23	1	100.0	1
27/06/15	7:29 p	32.3	32.3	32.3	51	20.9	2.2	E	0.13	5.4	ENE	32.3	35.6	35.6	34.8	753.9	0.00	0.0	0	0.00	0	0.0	0.00	0.0	0.000	0.010	36.6	38	19.9	40.1	6.99	 .0690	0.00	24	1	100.0	1
27/06/15	7:30 p	32.3	32.3	32.3	51	20.9	3.6	E	0.21	5.4	E	32.3	35.6	35.6	34.8	753.9	0.00	0.0	0	0.00	0	0.0	0.00	0.0	0.000	0.010	36.6	38	19.9	40.1	6.99	 .0690	0.00	23	1	100.0	1
27/06/15	7:31 p	32.3	32.3	32.3	51	20.9	4.0	E	0.24	6.3	ESE	32.3	35.6	35.6	34.8	754.0	0.00	0.0	0	0.00	0	0.0	0.00	0.0	0.000	0.010	36.6	38	19.9	40.1	6.99	 .0690	0.00	24	1	100.0	1
27/06/15	7:32 p	32.3	32.3	32.3	51	20.9	4.0	ESE	0.24	5.8	ESE	32.3	35.4	35.4	34.7	754.0	0.00	0.0	0	0.00	0	0.0	0.00	0.0	0.000	0.010	36.6	38	19.9	40.1	6.99	 .0690	0.00	23	1	100.0	1
27/06/15	7:33 p	32.3	32.3	32.3	51	20.9	3.6	E	0.21	6.7	ESE	32.3	35.4	35.4	34.7	754.0	0.00	0.0	0	0.00	0	0.0	0.00	0.0	0.000	0.010	36.6	38	19.9	40.1	6.99	 .0690	0.00	23	1	100.0	1
27/06/15	7:34 p	32.2	32.3	32.2	51	20.8	3.6	E	0.21	5.4	ESE	32.2	35.3	35.3	34.6	754.1	0.00	0.0	0	0.00	0	0.0	0.00	0.0	0.000	0.010	36.6	38	19.9	40.1	6.99	 .0690	0.00	24	1	100.0	1
27/06/15	7:35 p	32.2	32.2	32.2	51	20.8	3.6	ESE	0.21	5.4	ENE	32.2	35.3	35.3	34.6	754.1	0.00	0.0	0	0.00	0	0.0	0.00	0.0	0.000	0.010	36.6	38	19.9	40.1	6.99	 .0690	0.00	23	1	100.0	1
27/06/15	7:36 p	32.2	32.2	32.2	51	20.8	4.0	E	0.24	6.7	SE	32.2	35.3	35.3	34.6	754.1	0.00	0.0	0	0.00	0	0.0	0.00	0.0	0.000	0.010	36.6	38	19.9	40.1	6.99	 .0690	0.00	24	1	100.0	1
27/06/15	7:37 p	32.2	32.2	32.2	51	20.7	3.1	E	0.19	5.4	ENE	32.2	35.2	35.2	34.4	754.2	0.00	0.0	0	0.00	0	0.0	0.00	0.0	0.000	0.010	36.6	38	19.9	40.1	6.99	 .0690	0.00	23	1	100.0	1
27/06/15	7:38 p	32.2	32.2	32.2	51	20.7	4.5	E	0.27	6.3	E	32.2	35.2	35.2	34.6	754.2	0.00	0.0	0	0.00	0	0.0	0.00	0.0	0.000	0.010	36.6	38	19.9	40.1	6.99	 .0690	0.00	23	1	100.0	1
27/06/15	7:39 p	32.2	32.2	32.2	51	20.7	3.1	E	0.19	4.9	E	32.2	35.2	35.2	34.4	754.2	0.00	0.0	0	0.00	0	0.0	0.00	0.0	0.000	0.010	36.6	38	19.9	40.1	6.99	 .0690	0.00	24	1	100.0	1
27/06/15	7:40 p	32.2	32.2	32.2	51	20.7	3.1	E	0.19	4.0	ENE	32.2	35.2	35.2	34.4	754.3	0.00	0.0	0	0.00	0	0.0	0.00	0.0	0.000	0.010	36.6	38	19.9	40.1	6.99	 .0690	0.00	23	1	100.0	1
27/06/15	7:41 p	32.1	32.2	32.1	51	20.7	2.7	E	0.16	4.5	E	32.1	35.2	35.2	34.4	754.3	0.00	0.0	0	0.00	0	0.0	0.00	0.0	0.000	0.010	36.5	38	19.9	39.9	7.00	 .0690	0.00	24	1	100.0	1
27/06/15	7:42 p	32.1	32.1	32.1	51	20.7	2.7	E	0.16	4.0	E	32.1	35.2	35.2	34.4	754.3	0.00	0.0	0	0.00	0	0.0	0.00	0.0	0.000	0.010	36.5	38	19.9	39.9	7.00	 .0690	0.00	23	1	100.0	1
27/06/15	7:43 p	32.1	32.1	32.1	51	20.7	3.1	E	0.19	4.9	SSE	32.1	35.2	35.2	34.4	754.3	0.00	0.0	0	0.00	0	0.0	0.00	0.0	0.000	0.010	36.5	38	19.9	39.9	7.00	 .0690	0.00	24	1	100.0	1
27/06/15	7:44 p	32.1	32.1	32.1	51	20.7	2.2	E	0.13	3.6	ENE	32.1	35.2	35.2	34.4	754.3	0.00	0.0	0	0.00	0	0.0	0.00	0.0	0.000	0.010	36.5	38	19.9	39.9	7.00	 .0690	0.00	23	1	100.0	1
27/06/15	7:45 p	32.1	32.1	32.1	51	20.7	3.1	E	0.19	4.9	ENE	32.1	35.2	35.2	34.4	754.3	0.00	0.0	0	0.00	0	0.0	0.00	0.0	0.000	0.010	36.5	38	19.9	39.9	7.00	 .0690	0.00	23	1	100.0	1
27/06/15	7:46 p	32.1	32.1	32.1	51	20.7	2.7	E	0.16	4.0	E	32.1	35.2	35.2	34.4	754.3	0.00	0.0	0	0.00	0	0.0	0.00	0.0	0.000	0.010	36.5	38	19.9	39.9	7.00	 .0690	0.00	24	1	100.0	1
27/06/15	7:47 p	32.1	32.1	32.1	51	20.7	3.1	E	0.19	4.5	E	32.1	35.2	35.2	34.4	754.4	0.00	0.0	0	0.00	0	0.0	0.00	0.0	0.000	0.010	36.5	38	19.9	39.9	7.00	 .0690	0.00	23	1	100.0	1
27/06/15	7:48 p	32.1	32.1	32.1	51	20.7	2.7	E	0.16	3.6	E	32.1	35.2	35.2	34.4	754.4	0.00	0.0	0	0.00	0	0.0	0.00	0.0	0.000	0.010	36.5	38	19.9	39.9	7.00	 .0690	0.00	24	1	100.0	1
27/06/15	7:49 p	32.1	32.1	32.1	51	20.7	3.1	E	0.19	5.4	E	32.1	35.2	35.2	34.4	754.4	0.00	0.0	0	0.00	0	0.0	0.00	0.0	0.000	0.010	36.5	38	19.9	39.9	7.00	 .0690	0.00	23	1	100.0	1
27/06/15	7:50 p	32.1	32.1	32.1	51	20.6	3.1	E	0.19	4.9	E	32.1	35.1	35.1	34.3	754.4	0.00	0.0	0	0.00	0	0.0	0.00	0.0	0.000	0.010	36.5	38	19.9	39.9	7.00	 .0690	0.00	23	1	100.0	1
27/06/15	7:51 p	32.1	32.1	32.1	51	20.6	4.0	E	0.24	5.8	SSE	32.1	35.1	35.1	34.3	754.4	0.00	0.0	0	0.00	0	0.0	0.00	0.0	0.000	0.010	36.5	38	19.9	39.9	7.00	 .0690	0.00	24	1	100.0	1
27/06/15	7:52 p	32.1	32.1	32.1	51	20.6	3.6	E	0.21	5.4	E	32.1	35.1	35.1	34.3	754.5	0.00	0.0	0	0.00	0	0.0	0.00	0.0	0.000	0.010	36.5	38	19.9	39.9	7.00	 .0691	0.00	23	1	100.0	1
27/06/15	7:53 p	32.1	32.1	32.1	51	20.6	2.7	E	0.16	3.6	E	32.1	35.1	35.1	34.3	754.5	0.00	0.0	0	0.00	0	0.0	0.00	0.0	0.000	0.010	36.5	38	19.9	39.9	7.00	 .0691	0.00	24	1	100.0	1
27/06/15	7:54 p	32.1	32.1	32.1	51	20.6	2.7	E	0.16	3.6	E	32.1	35.1	35.1	34.3	754.5	0.00	0.0	0	0.00	0	0.0	0.00	0.0	0.000	0.010	36.5	38	19.9	39.9	7.00	 .0691	0.00	23	1	100.0	1
27/06/15	7:55 p	32.1	32.1	32.1	51	20.6	2.2	E	0.13	3.6	ESE	32.1	35.1	35.1	34.3	754.5	0.00	0.0	0	0.00	0	0.0	0.00	0.0	0.000	0.010	36.5	38	19.9	39.9	7.00	 .0691	0.00	23	1	100.0	1
27/06/15	7:56 p	32.1	32.1	32.1	51	20.6	3.1	E	0.19	6.3	ESE	32.1	35.1	35.1	34.3	754.5	0.00	0.0	0	0.00	0	0.0	0.00	0.0	0.000	0.010	36.5	38	19.9	39.9	7.00	 .0691	0.00	24	1	100.0	1
27/06/15	7:57 p	32.1	32.1	32.1	51	20.6	3.1	E	0.19	5.4	E	32.1	35.1	35.1	34.3	754.6	0.00	0.0	0	0.00	0	0.0	0.00	0.0	0.000	0.010	36.5	38	19.9	39.9	7.00	 .0691	0.00	23	1	100.0	1
27/06/15	7:58 p	32.1	32.1	32.1	51	20.6	2.2	E	0.13	4.0	ENE	32.1	35.1	35.1	34.3	754.6	0.00	0.0	0	0.00	0	0.0	0.00	0.0	0.000	0.010	36.5	38	19.9	39.9	7.00	 .0691	0.00	24	1	100.0	1
27/06/15	7:59 p	32.1	32.1	32.1	51	20.6	3.6	E	0.21	4.9	E	32.1	35.1	35.1	34.3	754.6	0.00	0.0	0	0.00	0	0.0	0.00	0.0	0.000	0.010	36.4	38	19.8	39.8	7.00	 .0691	0.00	23	1	100.0	1
27/06/15	8:00 p	32.1	32.1	32.1	51	20.6	4.0	E	0.24	6.3	ENE	32.1	35.1	35.1	34.3	754.7	0.00	0.0	0	0.00	0	0.0	0.00	0.0	0.000	0.010	36.5	38	19.9	39.9	7.00	 .0691	0.15	24	1	100.0	1
27/06/15	8:01 p	32.1	32.1	32.1	51	20.6	3.6	E	0.21	4.5	E	32.1	35.1	35.1	34.3	754.7	0.00	0.0	0	0.00	0	0.0	0.00	0.0	0.000	0.010	36.5	38	19.9	39.9	7.00	 .0691	0.00	23	1	100.0	1
27/06/15	8:02 p	32.1	32.1	32.1	51	20.6	5.4	E	0.32	8.0	ESE	31.8	35.1	34.8	34.2	754.7	0.00	0.0	0	0.00	0	0.0	0.00	0.0	0.000	0.010	36.5	38	19.9	39.9	7.00	 .0691	0.00	23	1	100.0	1
27/06/15	8:03 p	32.0	32.1	32.0	51	20.6	3.1	ENE	0.19	5.8	ESE	32.0	35.0	35.0	34.2	754.7	0.00	0.0	0	0.00	0	0.0	0.00	0.0	0.000	0.009	36.4	38	19.8	39.8	7.00	 .0691	0.00	24	1	100.0	1
27/06/15	8:04 p	32.0	32.1	32.0	51	20.6	3.6	E	0.21	5.8	ENE	32.0	35.0	35.0	34.3	754.7	0.00	0.0	0	0.00	0	0.0	0.00	0.0	0.000	0.009	36.5	38	19.9	39.9	7.00	 .0691	0.00	23	1	100.0	1
27/06/15	8:05 p	32.0	32.1	32.0	51	20.6	2.7	E	0.16	4.5	E	32.0	35.0	35.0	34.2	754.7	0.00	0.0	0	0.00	0	0.0	0.00	0.0	0.000	0.009	36.4	38	19.8	39.8	7.00	 .0691	0.00	24	1	100.0	1
27/06/15	8:06 p	32.1	32.1	32.0	51	20.6	3.1	E	0.19	4.5	ESE	32.1	35.1	35.1	34.3	754.8	0.00	0.0	0	0.00	0	0.0	0.00	0.0	0.000	0.010	36.4	38	19.8	39.8	7.00	 .0691	0.00	23	1	100.0	1
27/06/15	8:07 p	32.0	32.0	32.0	51	20.6	4.0	E	0.24	6.7	E	32.0	35.0	35.0	34.3	754.8	0.00	0.0	0	0.00	0	0.0	0.00	0.0	0.000	0.009	36.4	38	19.8	39.8	7.00	 .0691	0.00	23	1	100.0	1
27/06/15	8:08 p	32.0	32.1	32.0	51	20.6	4.0	E	0.24	6.3	E	32.0	35.0	35.0	34.3	754.8	0.00	0.0	0	0.00	0	0.0	0.00	0.0	0.000	0.009	36.4	38	19.8	39.8	7.00	 .0691	0.00	24	1	100.0	1
27/06/15	8:09 p	32.0	32.0	32.0	51	20.6	3.6	E	0.21	5.4	E	32.0	35.0	35.0	34.3	754.8	0.00	0.0	0	0.00	0	0.0	0.00	0.0	0.000	0.009	36.4	38	19.8	39.8	7.00	 .0691	0.00	23	1	100.0	1
27/06/15	8:10 p	32.0	32.0	32.0	51	20.6	3.1	E	0.19	4.5	E	32.0	35.0	35.0	34.2	754.7	0.00	0.0	0	0.00	0	0.0	0.00	0.0	0.000	0.009	36.4	38	19.8	39.8	7.00	 .0691	0.00	24	1	100.0	1
27/06/15	8:11 p	32.0	32.0	32.0	51	20.6	2.7	ESE	0.16	4.0	ESE	32.0	35.0	35.0	34.2	754.8	0.00	0.0	0	0.00	0	0.0	0.00	0.0	0.000	0.009	36.4	38	19.8	39.8	7.00	 .0691	0.00	23	1	100.0	1
27/06/15	8:12 p	32.0	32.0	32.0	51	20.6	3.1	E	0.19	4.0	ENE	32.0	35.0	35.0	34.2	754.8	0.00	0.0	0	0.00	0	0.0	0.00	0.0	0.000	0.009	36.4	38	19.8	39.8	7.00	 .0691	0.00	24	1	100.0	1
27/06/15	8:13 p	32.0	32.0	32.0	51	20.6	3.6	E	0.21	5.4	E	32.0	35.0	35.0	34.3	754.8	0.00	0.0	0	0.00	0	0.0	0.00	0.0	0.000	0.009	36.4	38	19.8	39.8	7.00	 .0691	0.00	23	1	100.0	1
27/06/15	8:14 p	32.0	32.0	32.0	51	20.6	3.1	E	0.19	5.4	ESE	32.0	35.0	35.0	34.2	754.8	0.00	0.0	0	0.00	0	0.0	0.00	0.0	0.000	0.009	36.4	38	19.8	39.8	7.00	 .0691	0.00	23	1	100.0	1
27/06/15	8:15 p	31.9	32.0	31.9	51	20.5	3.6	E	0.21	5.4	E	31.9	34.9	34.9	34.2	754.9	0.00	0.0	0	0.00	0	0.0	0.00	0.0	0.000	0.009	36.4	38	19.8	39.8	7.00	 .0691	0.00	24	1	100.0	1
27/06/15	8:16 p	31.9	31.9	31.9	51	20.5	3.1	E	0.19	5.4	E	31.9	34.9	34.9	34.1	754.9	0.00	0.0	0	0.00	0	0.0	0.00	0.0	0.000	0.009	36.4	38	19.8	39.8	7.00	 .0691	0.00	23	1	100.0	1
27/06/15	8:17 p	31.9	31.9	31.9	52	20.9	3.1	E	0.19	4.5	E	31.9	35.1	35.1	34.3	754.9	0.00	0.0	0	0.00	0	0.0	0.00	0.0	0.000	0.009	36.4	38	19.8	39.8	7.00	 .0691	0.00	24	1	100.0	1
27/06/15	8:18 p	31.9	31.9	31.9	52	20.9	2.7	E	0.16	3.6	NE	31.9	35.1	35.1	34.3	754.9	0.00	0.0	0	0.00	0	0.0	0.00	0.0	0.000	0.009	36.4	38	19.8	39.8	7.00	 .0691	0.00	23	1	100.0	1
27/06/15	8:19 p	31.9	31.9	31.9	52	20.9	2.2	E	0.13	3.1	ENE	31.9	35.1	35.1	34.3	754.9	0.00	0.0	0	0.00	0	0.0	0.00	0.0	0.000	0.009	36.4	38	19.8	39.8	7.00	 .0691	0.00	23	1	100.0	1
27/06/15	8:20 p	31.9	31.9	31.9	52	20.9	2.7	E	0.16	4.9	E	31.9	35.1	35.1	34.3	755.0	0.00	0.0	0	0.00	0	0.0	0.00	0.0	0.000	0.009	36.4	38	19.8	39.8	7.00	 .0691	0.00	24	1	100.0	1
27/06/15	8:21 p	31.9	31.9	31.9	52	20.8	2.7	E	0.16	4.5	ESE	31.9	35.0	35.0	34.2	754.9	0.00	0.0	0	0.00	0	0.0	0.00	0.0	0.000	0.009	36.4	38	19.8	39.8	7.00	 .0691	0.00	23	1	100.0	1
27/06/15	8:22 p	31.9	31.9	31.9	52	20.9	3.1	ESE	0.19	4.5	E	31.9	35.1	35.1	34.3	755.0	0.00	0.0	0	0.00	0	0.0	0.00	0.0	0.000	0.009	36.4	38	19.8	39.8	7.00	 .0691	0.00	24	1	100.0	1
27/06/15	8:23 p	31.9	31.9	31.9	52	20.8	2.7	ESE	0.16	4.5	ESE	31.9	35.0	35.0	34.2	755.0	0.00	0.0	0	0.00	0	0.0	0.00	0.0	0.000	0.009	36.4	38	19.8	39.8	7.00	 .0691	0.00	23	1	100.0	1
27/06/15	8:24 p	31.9	31.9	31.9	52	20.8	3.1	ESE	0.19	4.5	E	31.9	35.0	35.0	34.2	755.0	0.00	0.0	0	0.00	0	0.0	0.00	0.0	0.000	0.009	36.4	39	20.3	40.3	7.10	 .0691	0.00	24	1	100.0	1
27/06/15	8:25 p	31.9	31.9	31.9	52	20.8	3.6	E	0.21	4.9	SE	31.9	35.0	35.0	34.3	755.0	0.00	0.0	0	0.00	0	0.0	0.00	0.0	0.000	0.009	36.4	39	20.2	40.2	7.10	 .0691	0.00	23	1	100.0	1
27/06/15	8:26 p	31.9	31.9	31.9	52	20.8	2.2	E	0.13	3.1	E	31.9	35.0	35.0	34.2	755.1	0.00	0.0	0	0.00	0	0.0	0.00	0.0	0.000	0.009	36.4	39	20.3	40.3	7.10	 .0691	0.00	23	1	100.0	1
27/06/15	8:27 p	31.9	31.9	31.9	52	20.8	2.7	E	0.16	3.6	E	31.9	35.0	35.0	34.2	755.0	0.00	0.0	0	0.00	0	0.0	0.00	0.0	0.000	0.009	36.4	39	20.2	40.2	7.10	 .0691	0.00	24	1	100.0	1
27/06/15	8:28 p	31.9	31.9	31.9	52	20.8	1.8	E	0.11	2.7	E	31.9	35.0	35.0	34.2	755.0	0.00	0.0	0	0.00	0	0.0	0.00	0.0	0.000	0.009	36.4	39	20.2	40.2	7.10	 .0691	0.00	23	1	100.0	1
27/06/15	8:29 p	31.9	31.9	31.9	52	20.8	2.7	E	0.16	4.0	E	31.9	35.0	35.0	34.2	755.0	0.00	0.0	0	0.00	0	0.0	0.00	0.0	0.000	0.009	36.4	39	20.3	40.3	7.10	 .0691	0.00	24	1	100.0	1
27/06/15	8:30 p	31.9	31.9	31.9	52	20.8	2.7	E	0.16	4.0	E	31.9	35.0	35.0	34.2	755.0	0.00	0.0	0	0.00	0	0.0	0.00	0.0	0.000	0.009	36.4	39	20.3	40.3	7.10	 .0691	0.00	23	1	100.0	1
27/06/15	8:31 p	31.9	31.9	31.9	52	20.8	2.7	E	0.16	4.5	E	31.9	35.0	35.0	34.2	755.1	0.00	0.0	0	0.00	0	0.0	0.00	0.0	0.000	0.009	36.4	39	20.2	40.2	7.10	 .0691	0.00	23	1	100.0	1
27/06/15	8:32 p	31.9	31.9	31.9	52	20.8	3.6	E	0.21	4.9	E	31.9	35.0	35.0	34.3	755.1	0.00	0.0	0	0.00	0	0.0	0.00	0.0	0.000	0.009	36.4	39	20.3	40.3	7.10	 .0691	0.00	24	1	100.0	1
27/06/15	8:33 p	31.9	31.9	31.8	52	20.8	3.6	E	0.21	5.4	ENE	31.9	35.0	35.0	34.3	755.1	0.00	0.0	0	0.00	0	0.0	0.00	0.0	0.000	0.009	36.4	39	20.3	40.3	7.10	 .0691	0.00	23	1	100.0	1
27/06/15	8:34 p	31.8	31.9	31.8	52	20.8	3.1	ESE	0.19	4.0	E	31.8	34.9	34.9	34.2	755.1	0.00	0.0	0	0.00	0	0.0	0.00	0.0	0.000	0.009	36.4	39	20.2	40.2	7.10	 .0691	0.00	24	1	100.0	1
27/06/15	8:35 p	31.8	31.8	31.8	52	20.8	2.2	ESE	0.13	3.6	ENE	31.8	34.9	34.9	34.2	755.2	0.00	0.0	0	0.00	0	0.0	0.00	0.0	0.000	0.009	36.4	39	20.2	40.2	7.10	 .0691	0.00	23	1	100.0	1
27/06/15	8:36 p	31.8	31.8	31.8	52	20.8	2.7	E	0.16	4.0	E	31.8	34.9	34.9	34.2	755.2	0.00	0.0	0	0.00	0	0.0	0.00	0.0	0.000	0.009	36.4	39	20.2	40.2	7.10	 .0691	0.00	24	1	100.0	1
27/06/15	8:37 p	31.8	31.8	31.8	52	20.8	3.1	E	0.19	5.4	E	31.8	34.9	34.9	34.2	755.2	0.00	0.0	0	0.00	0	0.0	0.00	0.0	0.000	0.009	36.4	39	20.3	40.3	7.10	 .0691	0.00	23	1	100.0	1
27/06/15	8:38 p	31.8	31.8	31.8	52	20.8	3.1	ESE	0.19	4.5	ESE	31.8	34.9	34.9	34.2	755.2	0.00	0.0	0	0.00	0	0.0	0.00	0.0	0.000	0.009	36.4	39	20.2	40.2	7.10	 .0691	0.00	23	1	100.0	1
27/06/15	8:39 p	31.8	31.8	31.8	52	20.8	2.2	E	0.13	4.0	E	31.8	34.9	34.9	34.2	755.3	0.00	0.0	0	0.00	0	0.0	0.00	0.0	0.000	0.009	36.4	39	20.2	40.2	7.10	 .0691	0.00	24	1	100.0	1
27/06/15	8:40 p	31.8	31.8	31.8	52	20.8	2.2	E	0.13	3.1	ENE	31.8	34.9	34.9	34.2	755.2	0.00	0.0	0	0.00	0	0.0	0.00	0.0	0.000	0.009	36.4	39	20.2	40.2	7.10	 .0691	0.00	23	1	100.0	1
27/06/15	8:41 p	31.8	31.8	31.8	52	20.8	2.2	E	0.13	2.7	E	31.8	34.9	34.9	34.2	755.3	0.00	0.0	0	0.00	0	0.0	0.00	0.0	0.000	0.009	36.4	39	20.2	40.2	7.10	 .0691	0.00	24	1	100.0	1
27/06/15	8:42 p	31.8	31.8	31.8	52	20.8	2.7	ESE	0.16	4.0	ESE	31.8	34.9	34.9	34.2	755.3	0.00	0.0	0	0.00	0	0.0	0.00	0.0	0.000	0.009	36.4	39	20.2	40.2	7.10	 .0691	0.00	23	1	100.0	1
27/06/15	8:43 p	31.8	31.8	31.8	52	20.8	1.8	ESE	0.11	2.7	ESE	31.8	34.9	34.9	34.2	755.3	0.00	0.0	0	0.00	0	0.0	0.00	0.0	0.000	0.009	36.4	39	20.2	40.2	7.10	 .0691	0.00	23	1	100.0	1
27/06/15	8:44 p	31.8	31.8	31.8	52	20.7	1.8	E	0.11	4.0	E	31.8	34.8	34.8	34.1	755.3	0.00	0.0	0	0.00	0	0.0	0.00	0.0	0.000	0.009	36.4	39	20.2	40.2	7.10	 .0691	0.00	24	1	100.0	1
27/06/15	8:45 p	31.8	31.8	31.8	52	20.7	4.0	E	0.24	5.8	ENE	31.7	34.8	34.8	34.1	755.4	0.00	0.0	0	0.00	0	0.0	0.00	0.0	0.000	0.009	36.4	39	20.3	40.3	7.10	 .0691	0.00	23	1	100.0	1
27/06/15	8:46 p	31.8	31.8	31.8	52	20.7	2.7	E	0.16	3.6	ENE	31.8	34.8	34.8	34.1	755.4	0.00	0.0	0	0.00	0	0.0	0.00	0.0	0.000	0.009	36.4	39	20.3	40.3	7.10	 .0691	0.00	24	1	100.0	1
27/06/15	8:47 p	31.8	31.8	31.8	52	20.7	3.6	E	0.21	4.9	E	31.8	34.8	34.8	34.1	755.4	0.00	0.0	0	0.00	0	0.0	0.00	0.0	0.000	0.009	36.4	39	20.3	40.3	7.10	 .0691	0.00	23	1	100.0	1
27/06/15	8:48 p	31.8	31.8	31.8	52	20.7	2.7	ENE	0.16	3.6	E	31.8	34.8	34.8	34.1	755.3	0.00	0.0	0	0.00	0	0.0	0.00	0.0	0.000	0.009	36.4	39	20.3	40.3	7.10	 .0691	0.00	23	1	100.0	1
27/06/15	8:49 p	31.8	31.8	31.7	52	20.7	1.3	E	0.08	2.7	E	31.8	34.8	34.8	34.1	755.4	0.00	0.0	0	0.00	0	0.0	0.00	0.0	0.000	0.009	36.4	39	20.2	40.2	7.10	 .0691	0.00	24	1	100.0	1
27/06/15	8:50 p	31.7	31.8	31.7	52	20.7	2.2	E	0.13	3.1	ESE	31.7	34.7	34.7	33.9	755.3	0.00	0.0	0	0.00	0	0.0	0.00	0.0	0.000	0.009	36.4	39	20.2	40.2	7.10	 .0691	0.00	23	1	100.0	1
27/06/15	8:51 p	31.7	31.7	31.7	52	20.7	3.6	E	0.21	7.2	E	31.7	34.7	34.7	34.0	755.3	0.00	0.0	0	0.00	0	0.0	0.00	0.0	0.000	0.009	36.4	39	20.2	40.2	7.10	 .0691	0.00	24	1	100.0	1
27/06/15	8:52 p	31.7	31.7	31.7	52	20.7	2.7	E	0.16	4.5	E	31.7	34.7	34.7	33.9	755.3	0.00	0.0	0	0.00	0	0.0	0.00	0.0	0.000	0.009	36.4	39	20.2	40.2	7.10	 .0691	0.00	23	1	100.0	1
27/06/15	8:53 p	31.7	31.7	31.7	52	20.7	2.7	E	0.16	4.9	ESE	31.7	34.7	34.7	33.9	755.3	0.00	0.0	0	0.00	0	0.0	0.00	0.0	0.000	0.009	36.4	39	20.2	40.2	7.10	 .0691	0.00	24	1	100.0	1
27/06/15	8:54 p	31.7	31.7	31.7	52	20.6	3.1	ESE	0.19	4.9	ESE	31.7	34.7	34.7	33.9	755.3	0.00	0.0	0	0.00	0	0.0	0.00	0.0	0.000	0.009	36.4	39	20.2	40.2	7.10	 .0691	0.00	23	1	100.0	1
27/06/15	8:55 p	31.7	31.7	31.7	52	20.6	2.7	ESE	0.16	3.6	ENE	31.7	34.7	34.7	33.9	755.3	0.00	0.0	0	0.00	0	0.0	0.00	0.0	0.000	0.009	36.4	39	20.2	40.2	7.10	 .0691	0.00	23	1	100.0	1
27/06/15	8:56 p	31.7	31.7	31.7	52	20.6	2.7	E	0.16	4.0	E	31.7	34.7	34.7	33.9	755.3	0.00	0.0	0	0.00	0	0.0	0.00	0.0	0.000	0.009	36.4	39	20.2	40.2	7.10	 .0691	0.00	24	1	100.0	1
27/06/15	8:57 p	31.7	31.7	31.7	52	20.6	2.2	E	0.13	3.1	E	31.7	34.7	34.7	33.9	755.3	0.00	0.0	0	0.00	0	0.0	0.00	0.0	0.000	0.009	36.4	39	20.2	40.2	7.10	 .0691	0.00	23	1	100.0	1
27/06/15	8:58 p	31.7	31.7	31.7	52	20.6	2.7	ESE	0.16	4.9	E	31.7	34.7	34.7	33.9	755.3	0.00	0.0	0	0.00	0	0.0	0.00	0.0	0.000	0.009	36.4	39	20.2	40.2	7.10	 .0691	0.00	24	1	100.0	1
27/06/15	8:59 p	31.6	31.7	31.6	52	20.6	2.7	E	0.16	4.5	ENE	31.6	34.6	34.6	33.8	755.3	0.00	0.0	0	0.00	0	0.0	0.00	0.0	0.000	0.009	36.4	39	20.2	40.2	7.10	 .0691	0.00	23	1	100.0	1
27/06/15	9:00 p	31.6	31.6	31.6	53	20.9	2.7	E	0.16	3.6	E	31.6	34.7	34.7	33.9	755.3	0.00	0.0	0	0.00	0	0.0	0.00	0.0	0.000	0.009	36.4	39	20.2	40.2	7.10	 .0691	0.13	23	1	100.0	1
27/06/15	9:01 p	31.6	31.6	31.6	53	20.9	3.1	E	0.19	4.9	E	31.6	34.7	34.7	33.9	755.3	0.00	0.0	0	0.00	0	0.0	0.00	0.0	0.000	0.009	36.4	39	20.2	40.2	7.10	 .0691	0.00	24	1	100.0	1
27/06/15	9:02 p	31.6	31.6	31.6	53	20.8	2.7	E	0.16	4.0	E	31.6	34.6	34.6	33.8	755.3	0.00	0.0	0	0.00	0	0.0	0.00	0.0	0.000	0.009	36.4	39	20.2	40.2	7.10	 .0691	0.00	23	1	100.0	1
27/06/15	9:03 p	31.6	31.6	31.6	53	20.8	2.2	E	0.13	5.4	E	31.6	34.6	34.6	33.8	755.4	0.00	0.0	0	0.00	0	0.0	0.00	0.0	0.000	0.009	36.4	39	20.2	40.2	7.10	 .0691	0.00	24	1	100.0	1
27/06/15	9:04 p	31.6	31.6	31.6	53	20.8	3.1	E	0.19	4.5	E	31.6	34.6	34.6	33.8	755.4	0.00	0.0	0	0.00	0	0.0	0.00	0.0	0.000	0.009	36.4	39	20.2	40.2	7.10	 .0691	0.00	23	1	100.0	1
27/06/15	9:05 p	31.6	31.6	31.6	53	20.8	2.7	E	0.16	4.0	ESE	31.6	34.6	34.6	33.8	755.4	0.00	0.0	0	0.00	0	0.0	0.00	0.0	0.000	0.009	36.4	39	20.2	40.2	7.10	 .0691	0.00	24	1	100.0	1
27/06/15	9:06 p	31.6	31.6	31.6	53	20.8	2.7	E	0.16	4.0	E	31.6	34.6	34.6	33.8	755.4	0.00	0.0	0	0.00	0	0.0	0.00	0.0	0.000	0.009	36.4	39	20.2	40.2	7.10	 .0691	0.00	23	1	100.0	1
27/06/15	9:07 p	31.5	31.6	31.5	53	20.8	2.7	ESE	0.16	4.9	ENE	31.5	34.4	34.4	33.7	755.4	0.00	0.0	0	0.00	0	0.0	0.00	0.0	0.000	0.009	36.4	39	20.2	40.2	7.10	 .0691	0.00	23	1	100.0	1
27/06/15	9:08 p	31.5	31.6	31.5	53	20.8	2.2	ESE	0.13	4.0	E	31.5	34.4	34.4	33.7	755.4	0.00	0.0	0	0.00	0	0.0	0.00	0.0	0.000	0.009	36.4	39	20.2	40.2	7.10	 .0691	0.00	24	1	100.0	1
27/06/15	9:09 p	31.5	31.6	31.5	53	20.8	3.1	ESE	0.19	5.8	ESE	31.5	34.4	34.4	33.7	755.4	0.00	0.0	0	0.00	0	0.0	0.00	0.0	0.000	0.009	36.4	39	20.2	40.2	7.10	 .0691	0.00	23	1	100.0	1
27/06/15	9:10 p	31.5	31.5	31.5	53	20.8	4.5	ENE	0.27	7.2	ENE	31.3	34.4	34.3	33.6	755.4	0.00	0.0	0	0.00	0	0.0	0.00	0.0	0.000	0.009	36.4	39	20.2	40.2	7.10	 .0691	0.00	24	1	100.0	1
27/06/15	9:11 p	31.5	31.5	31.5	53	20.8	3.1	E	0.19	4.9	ENE	31.5	34.4	34.4	33.7	755.4	0.00	0.0	0	0.00	0	0.0	0.00	0.0	0.000	0.009	36.4	39	20.2	40.2	7.10	 .0691	0.00	23	1	100.0	1
27/06/15	9:12 p	31.5	31.5	31.5	53	20.8	2.7	ESE	0.16	4.5	ESE	31.5	34.4	34.4	33.7	755.4	0.00	0.0	0	0.00	0	0.0	0.00	0.0	0.000	0.009	36.4	39	20.2	40.2	7.10	 .0691	0.00	23	1	100.0	1
27/06/15	9:13 p	31.5	31.5	31.5	53	20.8	3.1	ESE	0.19	4.9	ESE	31.5	34.4	34.4	33.7	755.4	0.00	0.0	0	0.00	0	0.0	0.00	0.0	0.000	0.009	36.4	39	20.2	40.2	7.10	 .0691	0.00	24	1	100.0	1
27/06/15	9:14 p	31.5	31.5	31.5	53	20.8	2.7	E	0.16	4.0	ESE	31.5	34.4	34.4	33.7	755.4	0.00	0.0	0	0.00	0	0.0	0.00	0.0	0.000	0.009	36.4	39	20.2	40.2	7.10	 .0691	0.00	23	1	100.0	1
27/06/15	9:15 p	31.4	31.5	31.4	53	20.7	3.1	E	0.19	5.4	ESE	31.4	34.3	34.3	33.6	755.4	0.00	0.0	0	0.00	0	0.0	0.00	0.0	0.000	0.009	36.4	39	20.2	40.2	7.10	 .0691	0.00	24	1	100.0	1
27/06/15	9:16 p	31.4	31.5	31.4	53	20.7	3.1	E	0.19	4.5	E	31.4	34.3	34.3	33.6	755.5	0.00	0.0	0	0.00	0	0.0	0.00	0.0	0.000	0.009	36.4	39	20.2	40.2	7.10	 .0691	0.00	23	1	100.0	1
27/06/15	9:17 p	31.4	31.4	31.4	53	20.7	4.0	E	0.24	4.9	ENE	31.3	34.3	34.2	33.5	755.5	0.00	0.0	0	0.00	0	0.0	0.00	0.0	0.000	0.009	36.4	39	20.2	40.2	7.10	 .0691	0.00	24	1	100.0	1
27/06/15	9:18 p	31.4	31.4	31.4	53	20.7	2.7	E	0.16	4.5	E	31.4	34.3	34.3	33.6	755.5	0.00	0.0	0	0.00	0	0.0	0.00	0.0	0.000	0.009	36.4	39	20.2	40.2	7.10	 .0691	0.00	23	1	100.0	1
27/06/15	9:19 p	31.4	31.4	31.4	53	20.7	3.1	E	0.19	5.4	E	31.4	34.3	34.3	33.6	755.4	0.00	0.0	0	0.00	0	0.0	0.00	0.0	0.000	0.009	36.4	39	20.2	40.2	7.10	 .0691	0.00	23	1	100.0	1
27/06/15	9:20 p	31.4	31.4	31.4	53	20.7	2.7	E	0.16	4.0	ESE	31.4	34.3	34.3	33.6	755.5	0.00	0.0	0	0.00	0	0.0	0.00	0.0	0.000	0.009	36.4	39	20.2	40.2	7.10	 .0691	0.00	24	1	100.0	1
27/06/15	9:21 p	31.4	31.4	31.4	53	20.7	3.1	E	0.19	4.0	ESE	31.4	34.2	34.2	33.4	755.4	0.00	0.0	0	0.00	0	0.0	0.00	0.0	0.000	0.009	36.3	39	20.2	40.1	7.10	 .0692	0.00	23	1	100.0	1
27/06/15	9:22 p	31.4	31.4	31.4	53	20.7	2.7	ESE	0.16	3.6	ESE	31.4	34.2	34.2	33.4	755.4	0.00	0.0	0	0.00	0	0.0	0.00	0.0	0.000	0.009	36.4	39	20.2	40.2	7.10	 .0691	0.00	24	1	100.0	1
27/06/15	9:23 p	31.4	31.4	31.4	53	20.7	2.2	ESE	0.13	4.5	E	31.4	34.2	34.2	33.4	755.5	0.00	0.0	0	0.00	0	0.0	0.00	0.0	0.000	0.009	36.4	39	20.2	40.2	7.10	 .0691	0.00	23	1	100.0	1
27/06/15	9:24 p	31.4	31.4	31.4	53	20.7	1.8	S	0.11	4.0	ESE	31.4	34.2	34.2	33.4	755.5	0.00	0.0	0	0.00	0	0.0	0.00	0.0	0.000	0.009	36.4	39	20.2	40.2	7.10	 .0691	0.00	23	1	100.0	1
27/06/15	9:25 p	31.4	31.4	31.4	53	20.7	2.7	E	0.16	4.0	E	31.4	34.2	34.2	33.4	755.5	0.00	0.0	0	0.00	0	0.0	0.00	0.0	0.000	0.009	36.4	39	20.2	40.2	7.10	 .0691	0.00	24	1	100.0	1
27/06/15	9:26 p	31.4	31.4	31.4	53	20.7	2.7	ESE	0.16	4.0	E	31.4	34.2	34.2	33.4	755.5	0.00	0.0	0	0.00	0	0.0	0.00	0.0	0.000	0.009	36.3	39	20.2	40.1	7.10	 .0692	0.00	23	1	100.0	1
27/06/15	9:27 p	31.3	31.4	31.3	53	20.6	2.2	E	0.13	4.0	ESE	31.3	34.1	34.1	33.3	755.5	0.00	0.0	0	0.00	0	0.0	0.00	0.0	0.000	0.009	36.4	39	20.2	40.2	7.10	 .0691	0.00	24	1	100.0	1
27/06/15	9:28 p	31.3	31.3	31.3	53	20.6	2.2	E	0.13	4.0	ESE	31.3	34.1	34.1	33.3	755.5	0.00	0.0	0	0.00	0	0.0	0.00	0.0	0.000	0.009	36.4	39	20.2	40.2	7.10	 .0691	0.00	23	1	100.0	1
27/06/15	9:29 p	31.3	31.3	31.3	53	20.6	3.1	E	0.19	5.4	ESE	31.3	34.1	34.1	33.3	755.5	0.00	0.0	0	0.00	0	0.0	0.00	0.0	0.000	0.009	36.4	39	20.2	40.2	7.10	 .0691	0.00	24	1	100.0	1
27/06/15	9:30 p	31.3	31.3	31.3	53	20.6	2.2	E	0.13	3.1	ENE	31.3	34.1	34.1	33.3	755.5	0.00	0.0	0	0.00	0	0.0	0.00	0.0	0.000	0.009	36.4	39	20.2	40.2	7.10	 .0691	0.00	23	1	100.0	1
27/06/15	9:31 p	31.3	31.3	31.3	54	20.9	3.1	ESE	0.19	5.4	ESE	31.3	34.3	34.3	33.5	755.5	0.00	0.0	0	0.00	0	0.0	0.00	0.0	0.000	0.009	36.4	39	20.2	40.2	7.10	 .0691	0.00	23	1	100.0	1
27/06/15	9:32 p	31.3	31.3	31.3	54	20.9	3.1	E	0.19	4.9	E	31.3	34.3	34.3	33.5	755.5	0.00	0.0	0	0.00	0	0.0	0.00	0.0	0.000	0.009	36.4	39	20.2	40.2	7.10	 .0691	0.00	24	1	100.0	1
27/06/15	9:33 p	31.3	31.3	31.3	54	20.9	2.7	ESE	0.16	5.4	E	31.3	34.3	34.3	33.5	755.5	0.00	0.0	0	0.00	0	0.0	0.00	0.0	0.000	0.009	36.4	39	20.2	40.2	7.10	 .0691	0.00	23	1	100.0	1
27/06/15	9:34 p	31.3	31.3	31.3	54	20.9	3.6	E	0.21	5.4	E	31.3	34.3	34.2	33.5	755.5	0.00	0.0	0	0.00	0	0.0	0.00	0.0	0.000	0.009	36.4	39	20.2	40.2	7.10	 .0691	0.00	24	1	100.0	1
27/06/15	9:35 p	31.3	31.3	31.3	54	20.9	3.6	E	0.21	5.4	E	31.2	34.2	34.1	33.4	755.5	0.00	0.0	0	0.00	0	0.0	0.00	0.0	0.000	0.009	36.4	39	20.2	40.2	7.10	 .0691	0.00	23	1	100.0	1
27/06/15	9:36 p	31.3	31.3	31.3	54	20.9	2.2	E	0.13	4.0	ENE	31.3	34.2	34.2	33.4	755.5	0.00	0.0	0	0.00	0	0.0	0.00	0.0	0.000	0.009	36.4	39	20.2	40.2	7.10	 .0691	0.00	23	1	100.0	1
27/06/15	9:37 p	31.3	31.3	31.3	54	20.9	2.7	E	0.16	4.9	ENE	31.3	34.2	34.2	33.4	755.5	0.00	0.0	0	0.00	0	0.0	0.00	0.0	0.000	0.009	36.4	39	20.2	40.2	7.10	 .0691	0.00	24	1	100.0	1
27/06/15	9:38 p	31.3	31.3	31.3	54	20.9	3.1	E	0.19	5.4	ESE	31.3	34.2	34.2	33.4	755.5	0.00	0.0	0	0.00	0	0.0	0.00	0.0	0.000	0.009	36.4	39	20.2	40.2	7.10	 .0691	0.00	23	1	100.0	1
27/06/15	9:39 p	31.3	31.3	31.3	54	20.9	4.9	E	0.30	6.3	E	31.0	34.2	33.9	33.2	755.5	0.00	0.0	0	0.00	0	0.0	0.00	0.0	0.000	0.009	36.4	39	20.2	40.2	7.10	 .0691	0.00	24	1	100.0	1
27/06/15	9:40 p	31.3	31.3	31.3	54	20.9	4.5	E	0.27	7.2	E	31.1	34.2	34.0	33.3	755.6	0.00	0.0	0	0.00	0	0.0	0.00	0.0	0.000	0.009	36.3	39	20.2	40.1	7.10	 .0692	0.00	23	1	100.0	1
27/06/15	9:41 p	31.3	31.3	31.3	54	20.9	4.5	ESE	0.27	6.7	E	31.1	34.2	34.0	33.3	755.5	0.00	0.0	0	0.00	0	0.0	0.00	0.0	0.000	0.009	36.3	39	20.2	40.1	7.10	 .0692	0.00	24	1	100.0	1
27/06/15	9:42 p	31.2	31.3	31.2	54	20.8	3.6	SE	0.21	5.8	ESE	31.2	34.0	33.9	33.2	755.5	0.00	0.0	0	0.00	0	0.0	0.00	0.0	0.000	0.009	36.3	39	20.2	40.1	7.10	 .0692	0.00	23	1	100.0	1
27/06/15	9:43 p	31.3	31.3	31.2	54	20.9	4.0	E	0.24	6.3	ENE	31.2	34.2	34.1	33.3	755.5	0.00	0.0	0	0.00	0	0.0	0.00	0.0	0.000	0.009	36.4	39	20.2	40.2	7.10	 .0691	0.00	23	1	100.0	1
27/06/15	9:44 p	31.2	31.2	31.2	54	20.8	3.1	E	0.19	5.4	E	31.2	34.0	34.0	33.2	755.5	0.00	0.0	0	0.00	0	0.0	0.00	0.0	0.000	0.009	36.3	39	20.2	40.1	7.10	 .0692	0.00	24	1	100.0	1
27/06/15	9:45 p	31.2	31.2	31.2	54	20.8	4.9	ESE	0.30	8.9	ESE	30.9	34.0	33.7	33.0	755.5	0.00	0.0	0	0.00	0	0.0	0.00	0.0	0.000	0.009	36.3	39	20.2	40.1	7.10	 .0692	0.00	23	1	100.0	1
27/06/15	9:46 p	31.2	31.2	31.2	54	20.8	4.0	ESE	0.24	6.3	ESE	31.1	34.0	33.8	33.1	755.5	0.00	0.0	0	0.00	0	0.0	0.00	0.0	0.000	0.009	36.3	39	20.2	40.1	7.10	 .0692	0.00	24	1	100.0	1
27/06/15	9:47 p	31.2	31.2	31.2	54	20.8	4.0	ESE	0.24	6.7	E	31.1	34.0	33.8	33.1	755.5	0.00	0.0	0	0.00	0	0.0	0.00	0.0	0.000	0.009	36.3	39	20.2	40.1	7.10	 .0692	0.00	23	1	100.0	1
27/06/15	9:48 p	31.2	31.2	31.2	54	20.8	3.6	E	0.21	5.8	E	31.1	33.9	33.8	33.1	755.5	0.00	0.0	0	0.00	0	0.0	0.00	0.0	0.000	0.009	36.3	39	20.2	40.1	7.10	 .0692	0.00	23	1	100.0	1
27/06/15	9:49 p	31.2	31.2	31.2	55	21.1	2.2	E	0.13	4.5	ESE	31.2	34.1	34.1	33.3	755.5	0.00	0.0	0	0.00	0	0.0	0.00	0.0	0.000	0.009	36.3	39	20.2	40.1	7.10	 .0692	0.00	24	1	100.0	1
27/06/15	9:50 p	31.2	31.2	31.2	55	21.1	3.1	E	0.19	5.8	ESE	31.2	34.1	34.1	33.3	755.5	0.00	0.0	0	0.00	0	0.0	0.00	0.0	0.000	0.009	36.3	39	20.2	40.1	7.10	 .0692	0.00	23	1	100.0	1
27/06/15	9:51 p	31.2	31.2	31.2	55	21.1	4.0	E	0.24	6.7	SE	31.0	34.1	33.9	33.2	755.5	0.00	0.0	0	0.00	0	0.0	0.00	0.0	0.000	0.009	36.3	39	20.2	40.1	7.10	 .0692	0.00	24	1	100.0	1
27/06/15	9:52 p	31.2	31.2	31.2	55	21.1	4.0	E	0.24	6.3	ESE	31.0	34.1	33.9	33.2	755.6	0.00	0.0	0	0.00	0	0.0	0.00	0.0	0.000	0.009	36.3	39	20.2	40.1	7.10	 .0692	0.00	23	1	100.0	1
27/06/15	9:53 p	31.2	31.2	31.1	55	21.1	3.6	E	0.21	5.4	E	31.1	34.1	34.0	33.3	755.6	0.00	0.0	0	0.00	0	0.0	0.00	0.0	0.000	0.009	36.3	39	20.2	40.1	7.10	 .0692	0.00	23	1	100.0	1
27/06/15	9:54 p	31.1	31.1	31.1	55	21.0	2.7	ESE	0.16	4.0	ESE	31.1	33.9	33.9	33.2	755.6	0.00	0.0	0	0.00	0	0.0	0.00	0.0	0.000	0.009	36.3	39	20.2	40.1	7.10	 .0692	0.00	24	1	100.0	1
27/06/15	9:55 p	31.1	31.1	31.1	55	21.0	4.5	E	0.27	8.5	ESE	30.9	33.9	33.7	33.1	755.5	0.00	0.0	0	0.00	0	0.0	0.00	0.0	0.000	0.009	36.3	39	20.2	40.1	7.10	 .0692	0.00	23	1	100.0	1
27/06/15	9:56 p	31.1	31.1	31.1	55	21.0	4.5	ESE	0.27	7.2	E	30.9	33.9	33.7	33.1	755.5	0.00	0.0	0	0.00	0	0.0	0.00	0.0	0.000	0.009	36.3	39	20.2	40.1	7.10	 .0692	0.00	24	1	100.0	1
27/06/15	9:57 p	31.1	31.1	31.1	55	21.0	3.1	E	0.19	4.9	ESE	31.1	33.9	33.9	33.2	755.5	0.00	0.0	0	0.00	0	0.0	0.00	0.0	0.000	0.009	36.3	39	20.2	40.1	7.10	 .0692	0.00	23	1	100.0	1
27/06/15	9:58 p	31.1	31.1	31.1	55	21.0	2.7	E	0.16	5.4	E	31.1	33.9	33.9	33.2	755.5	0.00	0.0	0	0.00	0	0.0	0.00	0.0	0.000	0.009	36.3	39	20.2	40.1	7.10	 .0692	0.00	24	1	100.0	1
27/06/15	9:59 p	31.1	31.1	31.1	55	21.0	3.1	SE	0.19	4.9	ESE	31.1	33.9	33.9	33.2	755.6	0.00	0.0	0	0.00	0	0.0	0.00	0.0	0.000	0.009	36.3	39	20.2	40.1	7.10	 .0692	0.00	23	1	100.0	1
27/06/15	10:00 p	31.1	31.1	31.1	55	21.0	4.0	E	0.24	6.3	E	30.9	33.9	33.8	33.1	755.6	0.00	0.0	0	0.00	0	0.0	0.00	0.0	0.000	0.009	36.3	39	20.2	40.1	7.10	 .0692	0.13	23	1	100.0	1
27/06/15	10:01 p	31.1	31.1	31.1	55	21.0	3.6	E	0.21	5.8	E	31.1	33.9	33.9	33.2	755.5	0.00	0.0	0	0.00	0	0.0	0.00	0.0	0.000	0.009	36.3	39	20.2	40.1	7.10	 .0692	0.00	24	1	100.0	1
27/06/15	10:02 p	31.1	31.1	31.1	55	21.0	3.6	E	0.21	6.3	E	31.0	33.9	33.8	33.1	755.5	0.00	0.0	0	0.00	0	0.0	0.00	0.0	0.000	0.009	36.3	39	20.2	40.1	7.10	 .0692	0.00	23	1	100.0	1
27/06/15	10:03 p	31.1	31.1	31.1	55	21.0	4.0	E	0.24	6.3	ESE	30.9	33.9	33.7	33.0	755.5	0.00	0.0	0	0.00	0	0.0	0.00	0.0	0.000	0.009	36.3	39	20.2	40.1	7.10	 .0692	0.00	24	1	100.0	1
27/06/15	10:04 p	31.1	31.1	31.1	55	21.0	4.0	E	0.24	5.8	ENE	30.9	33.9	33.7	33.0	755.5	0.00	0.0	0	0.00	0	0.0	0.00	0.0	0.000	0.009	36.3	39	20.2	40.1	7.10	 .0692	0.00	23	1	100.0	1
27/06/15	10:05 p	31.1	31.1	31.1	55	21.0	2.7	E	0.16	4.9	E	31.1	33.9	33.9	33.1	755.6	0.00	0.0	0	0.00	0	0.0	0.00	0.0	0.000	0.009	36.3	39	20.2	40.1	7.10	 .0692	0.00	23	1	100.0	1
27/06/15	10:06 p	31.1	31.1	31.1	55	21.0	3.6	ESE	0.21	5.4	E	31.0	33.9	33.8	33.1	755.6	0.00	0.0	0	0.00	0	0.0	0.00	0.0	0.000	0.009	36.3	39	20.2	40.1	7.10	 .0692	0.00	24	1	100.0	1
27/06/15	10:07 p	31.1	31.1	31.1	55	21.0	3.1	E	0.19	5.4	E	31.1	33.9	33.9	33.1	755.6	0.00	0.0	0	0.00	0	0.0	0.00	0.0	0.000	0.009	36.3	39	20.2	40.1	7.10	 .0692	0.00	23	1	100.0	1
27/06/15	10:08 p	31.0	31.1	31.0	55	20.9	3.6	E	0.21	5.4	E	30.9	33.8	33.7	33.0	755.6	0.00	0.0	0	0.00	0	0.0	0.00	0.0	0.000	0.009	36.3	39	20.2	40.1	7.10	 .0692	0.00	24	1	100.0	1
27/06/15	10:09 p	31.0	31.0	31.0	55	20.9	4.5	E	0.27	5.8	ESE	30.8	33.8	33.6	32.9	755.6	0.00	0.0	0	0.00	0	0.0	0.00	0.0	0.000	0.009	36.3	39	20.2	40.1	7.10	 .0692	0.00	23	1	100.0	1
27/06/15	10:10 p	31.0	31.0	31.0	55	20.9	4.0	E	0.24	5.4	ESE	30.8	33.8	33.6	32.9	755.6	0.00	0.0	0	0.00	0	0.0	0.00	0.0	0.000	0.009	36.3	39	20.2	40.1	7.10	 .0692	0.00	24	1	100.0	1
27/06/15	10:11 p	31.0	31.0	31.0	55	20.9	3.6	E	0.21	6.3	E	30.9	33.8	33.7	33.0	755.6	0.00	0.0	0	0.00	0	0.0	0.00	0.0	0.000	0.009	36.3	39	20.2	40.1	7.10	 .0692	0.00	23	1	100.0	1
27/06/15	10:12 p	31.0	31.0	30.9	55	20.9	4.0	E	0.24	5.8	ESE	30.8	33.8	33.6	32.9	755.6	0.00	0.0	0	0.00	0	0.0	0.00	0.0	0.000	0.009	36.3	39	20.2	40.1	7.10	 .0692	0.00	23	1	100.0	1
27/06/15	10:13 p	31.0	31.0	31.0	55	20.9	3.1	ESE	0.19	6.3	ESE	31.0	33.8	33.8	33.0	755.6	0.00	0.0	0	0.00	0	0.0	0.00	0.0	0.000	0.009	36.3	39	20.2	40.1	7.10	 .0692	0.00	24	1	100.0	1
27/06/15	10:14 p	31.0	31.0	30.9	55	20.9	3.6	ESE	0.21	5.4	E	30.9	33.8	33.7	33.0	755.6	0.00	0.0	0	0.00	0	0.0	0.00	0.0	0.000	0.009	36.3	39	20.1	39.9	7.10	 .0692	0.00	23	1	100.0	1
27/06/15	10:15 p	31.0	31.0	30.9	55	20.9	4.0	ESE	0.24	5.8	E	30.8	33.8	33.6	32.9	755.6	0.00	0.0	0	0.00	0	0.0	0.00	0.0	0.000	0.009	36.3	39	20.1	39.9	7.10	 .0692	0.00	24	1	100.0	1
27/06/15	10:16 p	30.9	30.9	30.9	55	20.8	2.7	E	0.16	4.0	E	30.9	33.7	33.7	32.9	755.6	0.00	0.0	0	0.00	0	0.0	0.00	0.0	0.000	0.009	36.3	39	20.1	39.9	7.10	 .0692	0.00	23	1	100.0	1
27/06/15	10:17 p	30.9	30.9	30.9	55	20.8	3.1	E	0.19	5.4	E	30.9	33.7	33.7	32.9	755.6	0.00	0.0	0	0.00	0	0.0	0.00	0.0	0.000	0.009	36.3	39	20.1	39.9	7.10	 .0692	0.00	23	1	100.0	1
27/06/15	10:18 p	30.9	30.9	30.9	55	20.8	3.1	E	0.19	7.2	E	30.9	33.7	33.7	32.9	755.5	0.00	0.0	0	0.00	0	0.0	0.00	0.0	0.000	0.009	36.3	39	20.1	39.9	7.10	 .0692	0.00	24	1	100.0	1
27/06/15	10:19 p	30.9	30.9	30.9	55	20.8	3.1	ESE	0.19	5.8	E	30.9	33.7	33.7	32.9	755.5	0.00	0.0	0	0.00	0	0.0	0.00	0.0	0.000	0.009	36.3	39	20.1	39.9	7.10	 .0692	0.00	23	1	100.0	1
27/06/15	10:20 p	30.9	30.9	30.9	55	20.8	2.7	E	0.16	4.9	ENE	30.9	33.7	33.7	32.9	755.5	0.00	0.0	0	0.00	0	0.0	0.00	0.0	0.000	0.009	36.3	39	20.1	39.9	7.10	 .0692	0.00	24	1	100.0	1
27/06/15	10:21 p	30.9	30.9	30.9	55	20.8	3.1	E	0.19	7.2	NE	30.9	33.7	33.7	32.9	755.5	0.00	0.0	0	0.00	0	0.0	0.00	0.0	0.000	0.009	36.3	39	20.1	39.9	7.10	 .0692	0.00	23	1	100.0	1
27/06/15	10:22 p	30.9	30.9	30.9	55	20.8	3.6	E	0.21	7.2	E	30.9	33.7	33.7	32.9	755.5	0.00	0.0	0	0.00	0	0.0	0.00	0.0	0.000	0.009	36.3	39	20.1	39.9	7.10	 .0692	0.00	24	1	100.0	1
27/06/15	10:23 p	30.9	30.9	30.9	55	20.8	3.6	E	0.21	6.3	ENE	30.9	33.7	33.7	32.9	755.5	0.00	0.0	0	0.00	0	0.0	0.00	0.0	0.000	0.009	36.3	39	20.1	39.9	7.10	 .0692	0.00	23	1	100.0	1
27/06/15	10:24 p	30.9	30.9	30.9	55	20.8	3.1	ESE	0.19	4.0	E	30.9	33.7	33.7	32.9	755.5	0.00	0.0	0	0.00	0	0.0	0.00	0.0	0.000	0.009	36.3	39	20.1	39.9	7.10	 .0692	0.00	23	1	100.0	1
27/06/15	10:25 p	30.9	30.9	30.9	55	20.8	3.1	ESE	0.19	5.8	ENE	30.9	33.7	33.7	32.9	755.5	0.00	0.0	0	0.00	0	0.0	0.00	0.0	0.000	0.009	36.3	39	20.1	39.9	7.10	 .0692	0.00	24	1	100.0	1
27/06/15	10:26 p	30.9	30.9	30.9	55	20.8	2.7	E	0.16	5.8	E	30.9	33.7	33.7	32.9	755.5	0.00	0.0	0	0.00	0	0.0	0.00	0.0	0.000	0.009	36.3	39	20.1	39.9	7.10	 .0692	0.00	23	1	100.0	1
27/06/15	10:27 p	30.9	30.9	30.9	55	20.8	2.7	ESE	0.16	4.9	ESE	30.9	33.7	33.7	32.9	755.5	0.00	0.0	0	0.00	0	0.0	0.00	0.0	0.000	0.009	36.3	39	20.1	39.9	7.10	 .0692	0.00	24	1	100.0	1
27/06/15	10:28 p	30.9	30.9	30.9	55	20.8	1.8	SSE	0.11	4.5	ESE	30.9	33.7	33.7	32.9	755.5	0.00	0.0	0	0.00	0	0.0	0.00	0.0	0.000	0.009	36.3	39	20.1	39.9	7.10	 .0692	0.00	23	1	100.0	1
27/06/15	10:29 p	30.9	30.9	30.9	55	20.8	2.2	SSE	0.13	3.6	SSE	30.9	33.7	33.7	32.9	755.5	0.00	0.0	0	0.00	0	0.0	0.00	0.0	0.000	0.009	36.3	39	20.1	39.9	7.10	 .0692	0.00	23	1	100.0	1
27/06/15	10:30 p	30.9	30.9	30.9	55	20.8	3.6	ESE	0.21	6.3	ESE	30.8	33.7	33.6	32.9	755.5	0.00	0.0	0	0.00	0	0.0	0.00	0.0	0.000	0.009	36.3	39	20.1	39.9	7.10	 .0692	0.00	24	1	100.0	1
27/06/15	10:31 p	30.9	30.9	30.9	55	20.8	3.6	E	0.21	8.0	E	30.8	33.7	33.6	32.9	755.5	0.00	0.0	0	0.00	0	0.0	0.00	0.0	0.000	0.009	36.3	39	20.1	39.9	7.10	 .0692	0.00	23	1	100.0	1
27/06/15	10:32 p	30.9	30.9	30.9	55	20.8	4.5	E	0.27	8.0	E	30.6	33.7	33.4	32.7	755.5	0.00	0.0	0	0.00	0	0.0	0.00	0.0	0.000	0.009	36.3	39	20.1	39.9	7.10	 .0692	0.00	24	1	100.0	1
27/06/15	10:33 p	30.9	30.9	30.9	56	21.1	3.1	SSE	0.19	6.3	E	30.9	33.8	33.8	33.1	755.5	0.00	0.0	0	0.00	0	0.0	0.00	0.0	0.000	0.009	36.3	39	20.1	39.9	7.10	 .0692	0.00	23	1	100.0	1
27/06/15	10:34 p	30.9	30.9	30.8	56	21.1	4.9	E	0.30	7.2	ESE	30.5	33.8	33.4	32.8	755.5	0.00	0.0	0	0.00	0	0.0	0.00	0.0	0.000	0.009	36.3	39	20.1	39.9	7.10	 .0692	0.00	24	1	100.0	1
27/06/15	10:35 p	30.8	30.8	30.8	56	21.0	3.6	ESE	0.21	5.8	E	30.8	33.8	33.7	33.0	755.5	0.00	0.0	0	0.00	0	0.0	0.00	0.0	0.000	0.009	36.3	39	20.1	39.9	7.10	 .0692	0.00	23	1	100.0	1
27/06/15	10:36 p	30.8	30.8	30.8	56	21.0	2.7	E	0.16	4.0	E	30.8	33.8	33.8	33.0	755.5	0.00	0.0	0	0.00	0	0.0	0.00	0.0	0.000	0.009	36.3	39	20.1	39.9	7.10	 .0692	0.00	23	1	100.0	1
27/06/15	10:37 p	30.8	30.8	30.8	56	21.0	4.0	E	0.24	5.8	E	30.7	33.8	33.6	32.9	755.5	0.00	0.0	0	0.00	0	0.0	0.00	0.0	0.000	0.009	36.3	39	20.1	39.9	7.10	 .0692	0.00	24	1	100.0	1
27/06/15	10:38 p	30.8	30.8	30.8	56	21.0	2.7	SSE	0.16	5.8	ESE	30.8	33.7	33.7	32.9	755.5	0.00	0.0	0	0.00	0	0.0	0.00	0.0	0.000	0.009	36.3	39	20.1	39.9	7.10	 .0692	0.00	23	1	100.0	1
27/06/15	10:39 p	30.8	30.8	30.8	56	21.0	4.0	E	0.24	6.7	E	30.6	33.7	33.5	32.8	755.5	0.00	0.0	0	0.00	0	0.0	0.00	0.0	0.000	0.009	36.3	39	20.1	39.9	7.10	 .0692	0.00	24	1	100.0	1
27/06/15	10:40 p	30.8	30.8	30.8	56	21.0	4.9	E	0.30	8.0	ESE	30.4	33.7	33.3	32.7	755.4	0.00	0.0	0	0.00	0	0.0	0.00	0.0	0.000	0.009	36.3	39	20.1	39.9	7.10	 .0692	0.00	23	1	100.0	1
27/06/15	10:41 p	30.8	30.8	30.8	56	21.0	4.9	E	0.30	8.0	E	30.4	33.7	33.3	32.7	755.5	0.00	0.0	0	0.00	0	0.0	0.00	0.0	0.000	0.009	36.3	39	20.1	39.9	7.10	 .0692	0.00	23	1	100.0	1
27/06/15	10:42 p	30.7	30.8	30.7	56	20.9	4.9	ESE	0.30	8.0	ESE	30.3	33.7	33.3	32.6	755.5	0.00	0.0	0	0.00	0	0.0	0.00	0.0	0.000	0.009	36.3	39	20.1	39.9	7.10	 .0692	0.00	24	1	100.0	1
27/06/15	10:43 p	30.7	30.8	30.7	56	20.9	4.0	E	0.24	6.7	E	30.5	33.7	33.4	32.7	755.5	0.00	0.0	0	0.00	0	0.0	0.00	0.0	0.000	0.009	36.2	39	20.1	39.8	7.11	 .0692	0.00	23	1	100.0	1
27/06/15	10:44 p	30.7	30.7	30.7	56	20.9	4.9	E	0.30	7.2	E	30.3	33.7	33.3	32.6	755.5	0.00	0.0	0	0.00	0	0.0	0.00	0.0	0.000	0.009	36.3	39	20.1	39.9	7.10	 .0692	0.00	24	1	100.0	1
27/06/15	10:45 p	30.7	30.7	30.7	56	20.9	3.1	ESE	0.19	4.9	ESE	30.7	33.7	33.7	32.9	755.5	0.00	0.0	0	0.00	0	0.0	0.00	0.0	0.000	0.009	36.2	39	20.1	39.8	7.11	 .0692	0.00	23	1	100.0	1
27/06/15	10:46 p	30.7	30.7	30.7	56	20.9	2.2	E	0.13	4.5	E	30.7	33.7	33.7	32.9	755.5	0.00	0.0	0	0.00	0	0.0	0.00	0.0	0.000	0.009	36.3	39	20.1	39.9	7.10	 .0692	0.00	24	1	100.0	1
27/06/15	10:47 p	30.7	30.7	30.7	56	20.9	3.1	E	0.19	4.9	NE	30.7	33.7	33.7	32.9	755.4	0.00	0.0	0	0.00	0	0.0	0.00	0.0	0.000	0.009	36.3	39	20.1	39.9	7.10	 .0692	0.00	23	1	100.0	1
27/06/15	10:48 p	30.7	30.7	30.7	56	20.9	4.0	ESE	0.24	6.7	E	30.5	33.7	33.4	32.7	755.5	0.00	0.0	0	0.00	0	0.0	0.00	0.0	0.000	0.009	36.2	39	20.1	39.8	7.11	 .0692	0.00	23	1	100.0	1
27/06/15	10:49 p	30.7	30.7	30.7	56	20.9	5.4	E	0.32	8.5	ESE	30.1	33.6	33.0	32.4	755.4	0.00	0.0	0	0.00	0	0.0	0.00	0.0	0.000	0.009	36.2	39	20.1	39.8	7.11	 .0692	0.00	24	1	100.0	1
27/06/15	10:50 p	30.7	30.7	30.7	56	20.9	5.4	E	0.32	9.8	ESE	30.1	33.6	33.0	32.4	755.5	0.00	0.0	0	0.00	0	0.0	0.00	0.0	0.000	0.009	36.2	39	20.1	39.8	7.11	 .0692	0.00	23	1	100.0	1
27/06/15	10:51 p	30.7	30.7	30.7	56	20.9	4.0	E	0.24	8.0	ENE	30.4	33.6	33.3	32.6	755.4	0.00	0.0	0	0.00	0	0.0	0.00	0.0	0.000	0.009	36.2	39	20.1	39.8	7.11	 .0692	0.00	24	1	100.0	1
27/06/15	10:52 p	30.7	30.7	30.7	56	20.9	5.8	E	0.35	9.4	ESE	30.1	33.6	32.9	32.3	755.4	0.00	0.0	0	0.00	0	0.0	0.00	0.0	0.000	0.009	36.2	39	20.1	39.8	7.11	 .0692	0.00	23	1	100.0	1
27/06/15	10:53 p	30.7	30.7	30.7	56	20.9	4.9	E	0.30	6.7	SE	30.2	33.6	33.1	32.4	755.5	0.00	0.0	0	0.00	0	0.0	0.00	0.0	0.000	0.009	36.2	39	20.1	39.8	7.11	 .0692	0.00	23	1	100.0	1
27/06/15	10:54 p	30.7	30.7	30.7	56	20.9	5.4	E	0.32	10.3	E	30.1	33.6	33.0	32.4	755.4	0.00	0.0	0	0.00	0	0.0	0.00	0.0	0.000	0.009	36.2	39	20.1	39.8	7.11	 .0692	0.00	24	1	100.0	1
27/06/15	10:55 p	30.7	30.7	30.7	56	20.9	4.0	E	0.24	8.9	ESE	30.4	33.6	33.3	32.6	755.5	0.00	0.0	0	0.00	0	0.0	0.00	0.0	0.000	0.009	36.2	39	20.1	39.8	7.11	 .0692	0.00	23	1	100.0	1
27/06/15	10:56 p	30.7	30.7	30.7	56	20.9	5.8	E	0.35	10.3	E	30.1	33.6	32.9	32.3	755.5	0.00	0.0	0	0.00	0	0.0	0.00	0.0	0.000	0.009	36.2	39	20.1	39.8	7.11	 .0692	0.00	24	1	100.0	1
27/06/15	10:57 p	30.6	30.7	30.6	56	20.8	4.0	E	0.24	6.7	E	30.4	33.5	33.3	32.6	755.5	0.00	0.0	0	0.00	0	0.0	0.00	0.0	0.000	0.009	36.2	39	20.1	39.8	7.11	 .0692	0.00	23	1	100.0	1
27/06/15	10:58 p	30.7	30.7	30.6	56	20.9	3.1	E	0.19	5.4	SE	30.7	33.6	33.6	32.8	755.5	0.00	0.0	0	0.00	0	0.0	0.00	0.0	0.000	0.009	36.2	39	20.1	39.8	7.11	 .0692	0.00	23	1	100.0	1
27/06/15	10:59 p	30.6	30.6	30.6	56	20.8	4.9	E	0.30	6.7	E	30.2	33.5	33.1	32.4	755.6	0.00	0.0	0	0.00	0	0.0	0.00	0.0	0.000	0.009	36.2	39	20.1	39.8	7.11	 .0692	0.00	24	1	100.0	1
27/06/15	11:00 p	30.6	30.6	30.6	56	20.8	4.0	E	0.24	6.3	ENE	30.4	33.5	33.3	32.6	755.5	0.00	0.0	0	0.00	0	0.0	0.00	0.0	0.000	0.009	36.2	39	20.1	39.8	7.11	 .0692	0.13	23	1	100.0	1
27/06/15	11:01 p	30.6	30.6	30.6	56	20.8	4.0	ENE	0.24	6.3	ENE	30.4	33.5	33.3	32.6	755.5	0.00	0.0	0	0.00	0	0.0	0.00	0.0	0.000	0.009	36.2	39	20.1	39.8	7.11	 .0692	0.00	24	1	100.0	1
27/06/15	11:02 p	30.6	30.6	30.6	56	20.8	3.6	E	0.21	5.4	ESE	30.6	33.5	33.4	32.7	755.5	0.00	0.0	0	0.00	0	0.0	0.00	0.0	0.000	0.009	36.2	39	20.1	39.8	7.11	 .0692	0.00	23	1	100.0	1
27/06/15	11:03 p	30.6	30.6	30.6	56	20.8	4.0	E	0.24	6.3	ENE	30.4	33.5	33.3	32.6	755.5	0.00	0.0	0	0.00	0	0.0	0.00	0.0	0.000	0.009	36.2	39	20.0	39.7	7.11	 .0692	0.00	24	1	100.0	1
27/06/15	11:04 p	30.6	30.6	30.6	56	20.8	4.9	E	0.30	7.2	SSE	30.2	33.5	33.1	32.4	755.5	0.00	0.0	0	0.00	0	0.0	0.00	0.0	0.000	0.009	36.2	39	20.0	39.7	7.11	 .0692	0.00	23	1	100.0	1
27/06/15	11:05 p	30.6	30.6	30.6	56	20.8	4.9	ESE	0.30	7.2	ESE	30.2	33.5	33.1	32.4	755.5	0.00	0.0	0	0.00	0	0.0	0.00	0.0	0.000	0.009	36.2	39	20.0	39.7	7.11	 .0692	0.00	23	1	100.0	1
27/06/15	11:06 p	30.6	30.6	30.6	56	20.8	4.0	E	0.24	6.3	ENE	30.3	33.4	33.2	32.5	755.5	0.00	0.0	0	0.00	0	0.0	0.00	0.0	0.000	0.008	36.2	39	20.0	39.7	7.11	 .0692	0.00	24	1	100.0	1
27/06/15	11:07 p	30.6	30.6	30.6	56	20.8	4.9	ESE	0.30	8.0	ENE	30.1	33.4	33.0	32.3	755.5	0.00	0.0	0	0.00	0	0.0	0.00	0.0	0.000	0.008	36.2	39	20.0	39.7	7.11	 .0692	0.00	23	1	100.0	1
27/06/15	11:08 p	30.6	30.6	30.6	57	21.1	5.4	ESE	0.32	9.4	ESE	30.0	33.6	33.1	32.4	755.5	0.00	0.0	0	0.00	0	0.0	0.00	0.0	0.000	0.008	36.2	39	20.0	39.7	7.11	 .0692	0.00	24	1	100.0	1
27/06/15	11:09 p	30.6	30.6	30.6	57	21.1	4.0	ESE	0.24	6.3	E	30.3	33.6	33.4	32.7	755.5	0.00	0.0	0	0.00	0	0.0	0.00	0.0	0.000	0.008	36.2	39	20.0	39.7	7.11	 .0692	0.00	23	1	100.0	1
27/06/15	11:10 p	30.6	30.6	30.6	57	21.1	3.6	E	0.21	6.3	E	30.5	33.6	33.6	32.8	755.5	0.00	0.0	0	0.00	0	0.0	0.00	0.0	0.000	0.008	36.2	39	20.0	39.7	7.11	 .0692	0.00	23	1	100.0	1
27/06/15	11:11 p	30.6	30.6	30.6	57	21.1	3.1	ENE	0.19	6.3	ENE	30.6	33.6	33.6	32.8	755.5	0.00	0.0	0	0.00	0	0.0	0.00	0.0	0.000	0.008	36.2	39	20.0	39.7	7.11	 .0692	0.00	24	1	100.0	1
27/06/15	11:12 p	30.6	30.6	30.6	57	21.1	5.4	E	0.32	9.4	E	30.0	33.6	33.1	32.4	755.5	0.00	0.0	0	0.00	0	0.0	0.00	0.0	0.000	0.008	36.2	39	20.0	39.7	7.11	 .0692	0.00	23	1	100.0	1
27/06/15	11:13 p	30.6	30.6	30.6	57	21.1	4.0	E	0.24	6.3	E	30.3	33.6	33.4	32.7	755.4	0.00	0.0	0	0.00	0	0.0	0.00	0.0	0.000	0.008	36.2	39	20.0	39.7	7.11	 .0692	0.00	24	1	100.0	1
27/06/15	11:14 p	30.5	30.6	30.5	57	21.0	4.9	E	0.30	8.0	E	30.1	33.5	33.1	32.4	755.5	0.00	0.0	0	0.00	0	0.0	0.00	0.0	0.000	0.008	36.2	39	20.0	39.7	7.11	 .0692	0.00	23	1	100.0	1
27/06/15	11:15 p	30.5	30.5	30.5	57	21.0	6.7	E	0.40	10.3	E	29.7	33.5	32.7	32.1	755.4	0.00	0.0	0	0.00	0	0.0	0.00	0.0	0.000	0.008	36.2	39	20.0	39.7	7.11	 .0692	0.00	24	1	100.0	1
27/06/15	11:16 p	30.5	30.5	30.5	57	21.0	3.6	E	0.21	5.4	E	30.4	33.5	33.4	32.7	755.4	0.00	0.0	0	0.00	0	0.0	0.00	0.0	0.000	0.008	36.2	39	20.0	39.7	7.11	 .0692	0.00	23	1	100.0	1
27/06/15	11:17 p	30.5	30.5	30.5	57	21.0	5.8	E	0.35	8.0	E	29.8	33.5	32.8	32.2	755.4	0.00	0.0	0	0.00	0	0.0	0.00	0.0	0.000	0.008	36.1	39	20.0	39.6	7.11	 .0692	0.00	23	1	100.0	1
27/06/15	11:18 p	30.5	30.5	30.5	57	21.0	6.3	E	0.38	9.4	E	29.8	33.5	32.8	32.2	755.4	0.00	0.0	0	0.00	0	0.0	0.00	0.0	0.000	0.008	36.2	39	20.0	39.7	7.11	 .0692	0.00	24	1	100.0	1
27/06/15	11:19 p	30.5	30.5	30.5	57	21.0	3.1	E	0.19	4.5	E	30.5	33.5	33.5	32.7	755.3	0.00	0.0	0	0.00	0	0.0	0.00	0.0	0.000	0.008	36.1	39	20.0	39.6	7.11	 .0692	0.00	23	1	100.0	1
27/06/15	11:20 p	30.5	30.5	30.4	57	21.0	3.1	ESE	0.19	4.9	E	30.5	33.5	33.5	32.7	755.4	0.00	0.0	0	0.00	0	0.0	0.00	0.0	0.000	0.008	36.1	39	20.0	39.6	7.11	 .0692	0.00	24	1	100.0	1
27/06/15	11:21 p	30.4	30.5	30.4	57	21.0	4.5	E	0.27	6.3	SE	30.1	33.4	33.1	32.4	755.3	0.00	0.0	0	0.00	0	0.0	0.00	0.0	0.000	0.008	36.1	39	20.0	39.6	7.11	 .0692	0.00	23	1	100.0	1
27/06/15	11:22 p	30.4	30.4	30.4	57	21.0	4.5	ESE	0.27	6.3	E	30.1	33.4	33.1	32.4	755.3	0.00	0.0	0	0.00	0	0.0	0.00	0.0	0.000	0.008	36.1	39	20.0	39.6	7.11	 .0692	0.00	23	1	100.0	1
27/06/15	11:23 p	30.4	30.4	30.4	57	21.0	3.6	E	0.21	5.4	E	30.4	33.4	33.3	32.6	755.3	0.00	0.0	0	0.00	0	0.0	0.00	0.0	0.000	0.008	36.1	39	20.0	39.6	7.11	 .0692	0.00	24	1	100.0	1
27/06/15	11:24 p	30.4	30.4	30.4	57	21.0	4.5	E	0.27	7.2	E	30.1	33.4	33.1	32.4	755.3	0.00	0.0	0	0.00	0	0.0	0.00	0.0	0.000	0.008	36.1	39	20.0	39.6	7.11	 .0692	0.00	23	1	100.0	1
27/06/15	11:25 p	30.4	30.4	30.4	57	21.0	5.8	E	0.35	8.5	ESE	29.8	33.4	32.7	32.1	755.3	0.00	0.0	0	0.00	0	0.0	0.00	0.0	0.000	0.008	36.1	39	20.0	39.6	7.11	 .0692	0.00	24	1	100.0	1
27/06/15	11:26 p	30.4	30.4	30.4	57	20.9	4.5	E	0.27	6.7	E	30.0	33.3	32.9	32.2	755.2	0.00	0.0	0	0.00	0	0.0	0.00	0.0	0.000	0.008	36.1	39	20.0	39.6	7.11	 .0692	0.00	23	1	100.0	1
27/06/15	11:27 p	30.4	30.4	30.4	57	20.9	4.0	E	0.24	8.0	E	30.2	33.3	33.1	32.3	755.2	0.00	0.0	0	0.00	0	0.0	0.00	0.0	0.000	0.008	36.1	39	20.0	39.6	7.11	 .0692	0.00	24	1	100.0	1
27/06/15	11:28 p	30.4	30.4	30.4	58	21.2	4.9	E	0.30	8.9	ESE	29.9	33.4	32.9	32.3	755.2	0.00	0.0	0	0.00	0	0.0	0.00	0.0	0.000	0.008	36.1	39	20.0	39.6	7.11	 .0692	0.00	23	1	100.0	1
27/06/15	11:29 p	30.4	30.4	30.4	58	21.2	5.4	E	0.32	7.2	E	29.8	33.4	32.8	32.2	755.2	0.00	0.0	0	0.00	0	0.0	0.00	0.0	0.000	0.008	36.1	39	20.0	39.6	7.11	 .0692	0.00	23	1	100.0	1
27/06/15	11:30 p	30.3	30.4	30.3	58	21.1	4.9	E	0.30	8.5	ENE	29.8	33.3	32.8	32.2	755.2	0.00	0.0	0	0.00	0	0.0	0.00	0.0	0.000	0.008	36.1	39	20.0	39.6	7.11	 .0692	0.00	24	1	100.0	1
27/06/15	11:31 p	30.3	30.4	30.3	58	21.1	4.9	E	0.30	8.9	SE	29.8	33.3	32.8	32.2	755.1	0.00	0.0	0	0.00	0	0.0	0.00	0.0	0.000	0.008	36.1	39	20.0	39.6	7.11	 .0692	0.00	23	1	100.0	1
27/06/15	11:32 p	30.3	30.3	30.3	58	21.1	4.9	ESE	0.30	8.0	ESE	29.8	33.3	32.8	32.2	755.1	0.00	0.0	0	0.00	0	0.0	0.00	0.0	0.000	0.008	36.1	39	20.0	39.6	7.11	 .0692	0.00	24	1	100.0	1
27/06/15	11:33 p	30.3	30.3	30.3	58	21.1	3.6	E	0.21	5.4	E	30.3	33.3	33.3	32.6	755.1	0.00	0.0	0	0.00	0	0.0	0.00	0.0	0.000	0.008	36.1	39	19.9	39.5	7.11	 .0692	0.00	23	1	100.0	1
27/06/15	11:34 p	30.3	30.3	30.3	58	21.1	4.0	E	0.24	5.8	E	30.1	33.3	33.1	32.4	755.1	0.00	0.0	0	0.00	0	0.0	0.00	0.0	0.000	0.008	36.1	39	20.0	39.6	7.11	 .0692	0.00	23	1	100.0	1
27/06/15	11:35 p	30.3	30.3	30.3	58	21.1	4.0	ESE	0.24	7.2	E	30.1	33.3	33.1	32.4	755.1	0.00	0.0	0	0.00	0	0.0	0.00	0.0	0.000	0.008	36.1	39	19.9	39.5	7.11	 .0692	0.00	24	1	100.0	1
27/06/15	11:36 p	30.3	30.3	30.3	58	21.1	4.9	E	0.30	8.5	SE	29.8	33.2	32.7	32.1	755.1	0.00	0.0	0	0.00	0	0.0	0.00	0.0	0.000	0.008	36.1	39	19.9	39.5	7.11	 .0692	0.00	23	1	100.0	1
27/06/15	11:37 p	30.3	30.3	30.3	58	21.1	5.8	E	0.35	9.4	E	29.6	33.2	32.5	31.9	755.0	0.00	0.0	0	0.00	0	0.0	0.00	0.0	0.000	0.008	36.1	39	19.9	39.5	7.11	 .0692	0.00	24	1	100.0	1
27/06/15	11:38 p	30.3	30.3	30.3	58	21.1	5.4	E	0.32	8.5	E	29.7	33.2	32.6	32.0	755.0	0.00	0.0	0	0.00	0	0.0	0.00	0.0	0.000	0.008	36.1	39	19.9	39.5	7.11	 .0692	0.00	23	1	100.0	1
27/06/15	11:39 p	30.3	30.3	30.3	58	21.1	3.6	E	0.21	6.7	E	30.2	33.2	33.2	32.4	755.0	0.00	0.0	0	0.00	0	0.0	0.00	0.0	0.000	0.008	36.1	39	19.9	39.5	7.11	 .0692	0.00	24	1	100.0	1
27/06/15	11:40 p	30.3	30.3	30.3	58	21.1	3.6	E	0.21	6.3	E	30.2	33.2	33.2	32.4	755.1	0.00	0.0	0	0.00	0	0.0	0.00	0.0	0.000	0.008	36.1	39	19.9	39.5	7.11	 .0692	0.00	23	1	100.0	1
27/06/15	11:41 p	30.3	30.3	30.3	58	21.1	4.9	E	0.30	9.4	ENE	29.8	33.2	32.7	32.1	755.0	0.00	0.0	0	0.00	0	0.0	0.00	0.0	0.000	0.008	36.1	39	19.9	39.5	7.11	 .0692	0.00	23	1	100.0	1
27/06/15	11:42 p	30.3	30.3	30.3	58	21.1	5.4	E	0.32	7.2	E	29.7	33.2	32.6	32.0	755.0	0.00	0.0	0	0.00	0	0.0	0.00	0.0	0.000	0.008	36.1	39	19.9	39.5	7.11	 .0692	0.00	24	1	100.0	1
27/06/15	11:43 p	30.3	30.3	30.3	58	21.1	4.0	E	0.24	5.8	E	30.1	33.2	33.0	32.3	755.0	0.00	0.0	0	0.00	0	0.0	0.00	0.0	0.000	0.008	36.1	39	19.9	39.5	7.11	 .0692	0.00	23	1	100.0	1
27/06/15	11:44 p	30.3	30.3	30.3	58	21.1	4.5	E	0.27	6.7	S	29.9	33.2	32.8	32.2	755.0	0.00	0.0	0	0.00	0	0.0	0.00	0.0	0.000	0.008	36.1	39	19.9	39.5	7.11	 .0692	0.00	24	1	100.0	1
27/06/15	11:45 p	30.2	30.3	30.2	58	21.0	4.5	ESE	0.27	6.7	ESE	29.8	33.1	32.7	32.1	755.0	0.00	0.0	0	0.00	0	0.0	0.00	0.0	0.000	0.008	36.1	39	19.9	39.5	7.11	 .0692	0.00	23	1	100.0	1
27/06/15	11:46 p	30.2	30.3	30.2	58	21.0	4.5	E	0.27	8.9	SSE	29.8	33.1	32.7	32.1	755.0	0.00	0.0	0	0.00	0	0.0	0.00	0.0	0.000	0.008	36.1	39	19.9	39.5	7.11	 .0692	0.00	23	1	100.0	1
27/06/15	11:47 p	30.2	30.2	30.2	58	21.0	5.4	E	0.32	8.5	E	29.6	33.1	32.5	31.9	755.0	0.00	0.0	0	0.00	0	0.0	0.00	0.0	0.000	0.008	36.0	39	19.9	39.4	7.11	 .0692	0.00	24	1	100.0	1
27/06/15	11:48 p	30.2	30.2	30.2	58	21.0	3.6	E	0.21	6.3	E	30.1	33.1	33.0	32.3	755.0	0.00	0.0	0	0.00	0	0.0	0.00	0.0	0.000	0.008	36.0	39	19.9	39.4	7.11	 .0692	0.00	23	1	100.0	1
27/06/15	11:49 p	30.2	30.2	30.2	59	21.3	4.9	E	0.30	9.8	E	29.7	33.3	32.8	32.2	755.0	0.00	0.0	0	0.00	0	0.0	0.00	0.0	0.000	0.008	36.0	39	19.9	39.4	7.11	 .0692	0.00	24	1	100.0	1
27/06/15	11:50 p	30.2	30.2	30.2	59	21.3	4.0	ESE	0.24	8.0	ESE	29.9	33.3	33.1	32.3	755.0	0.00	0.0	0	0.00	0	0.0	0.00	0.0	0.000	0.008	36.0	39	19.9	39.4	7.11	 .0692	0.00	23	1	100.0	1
27/06/15	11:51 p	30.2	30.2	30.2	59	21.3	4.9	ESE	0.30	6.7	ESE	29.7	33.2	32.7	32.1	755.0	0.00	0.0	0	0.00	0	0.0	0.00	0.0	0.000	0.008	36.0	39	19.9	39.4	7.11	 .0692	0.00	23	1	100.0	1
27/06/15	11:52 p	30.2	30.2	30.2	59	21.3	4.9	E	0.30	8.5	E	29.7	33.2	32.7	32.1	755.0	0.00	0.0	0	0.00	0	0.0	0.00	0.0	0.000	0.008	36.0	39	19.9	39.4	7.11	 .0692	0.00	24	1	100.0	1
27/06/15	11:53 p	30.2	30.2	30.2	59	21.3	4.9	E	0.30	8.5	E	29.7	33.2	32.7	32.1	755.0	0.00	0.0	0	0.00	0	0.0	0.00	0.0	0.000	0.008	36.0	39	19.9	39.4	7.11	 .0692	0.00	23	1	100.0	1
27/06/15	11:54 p	30.2	30.2	30.2	59	21.3	4.0	E	0.24	5.8	E	29.9	33.2	32.9	32.2	755.0	0.00	0.0	0	0.00	0	0.0	0.00	0.0	0.000	0.008	36.0	39	19.9	39.4	7.11	 .0692	0.00	24	1	100.0	1
27/06/15	11:55 p	30.2	30.2	30.2	59	21.3	4.5	ESE	0.27	7.2	ESE	29.8	33.2	32.8	32.2	755.0	0.00	0.0	0	0.00	0	0.0	0.00	0.0	0.000	0.008	36.0	39	19.9	39.4	7.11	 .0692	0.00	23	1	100.0	1
27/06/15	11:56 p	30.2	30.2	30.1	59	21.3	4.5	E	0.27	8.5	E	29.8	33.2	32.8	32.2	755.0	0.00	0.0	0	0.00	0	0.0	0.00	0.0	0.000	0.008	36.0	39	19.9	39.4	7.11	 .0692	0.00	24	1	100.0	1
27/06/15	11:57 p	30.1	30.2	30.1	59	21.2	5.4	E	0.32	8.9	ESE	29.4	33.1	32.4	31.8	755.0	0.00	0.0	0	0.00	0	0.0	0.00	0.0	0.000	0.008	36.0	39	19.9	39.4	7.11	 .0692	0.00	23	1	100.0	1
27/06/15	11:58 p	30.1	30.1	30.1	59	21.2	4.0	ESE	0.24	7.2	ESE	29.8	33.1	32.8	32.1	755.0	0.00	0.0	0	0.00	0	0.0	0.00	0.0	0.000	0.008	36.0	39	19.9	39.4	7.11	 .0692	0.00	23	1	100.0	1
27/06/15	11:59 p	30.1	30.1	30.1	59	21.2	3.6	ESE	0.21	5.8	E	30.0	33.1	33.0	32.3	755.0	0.00	0.0	0	0.00	0	0.0	0.00	0.0	0.000	0.008	35.9	39	19.8	39.3	7.12	 .0692	0.00	24	1	100.0	1
28/06/15	12:00 a	30.1	30.1	30.1	59	21.2	4.5	E	0.27	9.4	ENE	29.7	33.1	32.7	32.0	755.0	0.00	0.0	0	0.00	0	0.0	0.00	0.0	0.000	0.008	35.9	39	19.8	39.3	7.12	 .0692	0.13	23	1	100.0	1
