		Temp	Hi	Low	Out	Dew	Wind	Wind	Wind	Hi	Hi	Wind	Heat	THW	THSW			Rain	Solar	Solar	Hi Solar	UV 	UV 	Hi 	Heat	Cool	In 	In	In 	In 	In 	In Air		Wind	Wind	ISS 	Arc.
Date	Time	Out	Temp	Temp	Hum	Pt.	Speed	Dir	Run	Speed	Dir	Chill	Index	Index	Index	Bar  	Rain	Rate	Rad.	Energy	Rad. 	Index	Dose	UV 	D-D 	D-D 	Temp	Hum	Dew	Heat	EMC	Density	ET 	Samp	Tx 	Recept	Int.
23/04/15	12:15 a	28.3	28.4	28.3	80	24.5	2.7	NE	2.41	4.0	NE	28.3	33.0	33.0	32.4	756.3	0.00	0.0	0	0.00	0	0.0	0.00	0.0	0.000	0.104	33.6	53	22.7	38.9	9.35	 .0696	0.00	350	1	100.0	15
23/04/15	12:30 a	28.2	28.3	28.2	80	24.4	2.2	NE	2.01	3.6	ENE	28.2	32.8	32.8	32.2	756.2	0.00	0.0	0	0.00	0	0.0	0.00	0.0	0.000	0.103	33.6	54	23.0	39.2	9.55	 .0695	0.00	351	1	100.0	15
23/04/15	12:45 a	28.2	28.2	28.2	79	24.2	2.7	NE	2.41	4.0	ENE	28.2	32.7	32.7	32.1	756.1	0.00	0.0	0	0.00	0	0.0	0.00	0.0	0.000	0.103	33.5	53	22.6	38.7	9.36	 .0696	0.00	352	1	100.0	15
23/04/15	1:00 a	28.2	28.2	28.1	78	24.0	2.7	NE	2.41	3.6	NE	28.2	32.3	32.3	31.7	756.0	0.00	0.0	0	0.00	0	0.0	0.00	0.0	0.000	0.102	33.4	53	22.6	38.6	9.36	 .0696	0.05	351	1	100.0	15
23/04/15	1:15 a	28.0	28.1	28.0	78	23.8	2.7	ENE	2.41	4.9	E	28.0	31.9	31.9	31.2	755.9	0.00	0.0	0	0.00	0	0.0	0.00	0.0	0.000	0.101	33.4	53	22.5	38.4	9.37	 .0696	0.00	351	1	100.0	15
23/04/15	1:30 a	27.8	28.1	27.8	80	24.1	3.1	ENE	2.82	4.5	ENE	27.8	31.8	31.8	31.2	755.8	0.00	0.0	0	0.00	0	0.0	0.00	0.0	0.000	0.099	33.3	53	22.4	38.2	9.37	 .0696	0.00	351	1	100.0	15
23/04/15	1:45 a	27.7	27.8	27.7	81	24.1	3.1	NE	2.82	4.9	NNE	27.7	31.5	31.5	30.9	755.7	0.00	0.0	0	0.00	0	0.0	0.00	0.0	0.000	0.097	33.2	53	22.4	38.1	9.38	 .0696	0.00	352	1	100.0	15
23/04/15	2:00 a	27.6	27.7	27.6	81	24.1	3.1	ENE	2.82	4.5	NNE	27.6	31.4	31.4	30.8	755.5	0.00	0.0	0	0.00	0	0.0	0.00	0.0	0.000	0.097	33.1	54	22.6	38.1	9.59	 .0696	0.05	351	1	100.0	15
23/04/15	2:15 a	27.5	27.6	27.5	82	24.2	3.1	ENE	2.82	4.5	ENE	27.5	31.3	31.3	30.7	755.4	0.00	0.0	0	0.00	0	0.0	0.00	0.0	0.000	0.095	33.1	54	22.5	37.9	9.59	 .0696	0.00	351	1	100.0	15
23/04/15	2:30 a	27.4	27.5	27.4	82	24.0	3.1	ENE	2.82	4.9	ENE	27.4	31.0	31.0	30.4	755.4	0.00	0.0	0	0.00	0	0.0	0.00	0.0	0.000	0.094	32.9	54	22.4	37.7	9.60	 .0697	0.00	351	1	100.0	15
23/04/15	2:45 a	27.3	27.4	27.3	82	24.0	2.7	ENE	2.41	4.5	NE	27.3	30.8	30.8	30.2	755.3	0.00	0.0	0	0.00	0	0.0	0.00	0.0	0.000	0.094	32.9	54	22.4	37.6	9.60	 .0697	0.00	351	1	100.0	15
23/04/15	3:00 a	27.3	27.3	27.3	83	24.1	2.7	ENE	2.41	4.5	NE	27.3	30.8	30.8	30.2	755.4	0.00	0.0	0	0.00	0	0.0	0.00	0.0	0.000	0.093	32.8	54	22.3	37.4	9.61	 .0697	0.05	352	1	100.0	15
23/04/15	3:15 a	27.2	27.3	27.2	83	24.0	2.2	ENE	2.01	3.6	ENE	27.2	30.6	30.6	30.0	755.4	0.00	0.0	0	0.00	0	0.0	0.00	0.0	0.000	0.092	32.8	54	22.2	37.3	9.61	 .0697	0.00	351	1	100.0	15
23/04/15	3:30 a	27.1	27.2	27.1	84	24.2	2.7	ENE	2.41	3.6	ENE	27.1	30.6	30.6	30.0	755.4	0.00	0.0	0	0.00	0	0.0	0.00	0.0	0.000	0.091	32.7	55	22.4	37.3	9.72	 .0697	0.00	351	1	100.0	15
23/04/15	3:45 a	27.0	27.1	27.0	84	24.1	2.7	ENE	2.41	3.6	ENE	27.0	30.4	30.4	29.8	755.3	0.00	0.0	0	0.00	0	0.0	0.00	0.0	0.000	0.090	32.7	55	22.4	37.3	9.72	 .0697	0.00	351	1	100.0	15
23/04/15	4:00 a	26.9	27.0	26.9	85	24.2	2.7	ENE	2.41	4.0	NE	26.9	30.3	30.3	29.7	755.3	0.00	0.0	0	0.00	0	0.0	0.00	0.0	0.000	0.089	32.6	55	22.4	37.2	9.72	 .0697	0.03	352	1	100.0	15
23/04/15	4:15 a	26.8	26.9	26.8	85	24.0	2.7	ENE	2.41	3.6	ENE	26.8	30.0	30.0	29.4	755.3	0.00	0.0	0	0.00	0	0.0	0.00	0.0	0.000	0.088	32.6	55	22.3	37.1	9.73	 .0698	0.00	351	1	100.0	15
23/04/15	4:30 a	26.7	26.8	26.7	86	24.2	2.7	NE	2.41	4.0	ENE	26.7	30.1	30.1	29.4	755.2	0.00	0.0	0	0.00	0	0.0	0.00	0.0	0.000	0.087	32.5	55	22.3	37.0	9.73	 .0698	0.00	351	1	100.0	15
23/04/15	4:45 a	26.7	26.7	26.7	86	24.1	2.7	ENE	2.41	4.5	ENE	26.7	29.9	29.9	29.3	755.2	0.00	0.0	0	0.00	0	0.0	0.00	0.0	0.000	0.087	32.4	55	22.2	36.7	9.74	 .0698	0.00	351	1	100.0	15
23/04/15	5:00 a	26.6	26.7	26.6	86	24.1	2.7	ENE	2.41	3.6	NE	26.6	29.8	29.8	29.2	755.4	0.00	0.0	0	0.00	0	0.0	0.00	0.0	0.000	0.086	32.3	55	22.1	36.6	9.74	 .0698	0.03	351	1	100.0	15
23/04/15	5:15 a	26.6	26.6	26.6	87	24.2	2.7	ENE	2.41	3.6	ENE	26.6	29.8	29.8	29.2	755.4	0.00	0.0	0	0.00	0	0.0	0.00	0.0	0.000	0.086	32.3	56	22.4	36.7	9.95	 .0698	0.00	352	1	100.0	15
23/04/15	5:30 a	26.4	26.6	26.4	87	24.1	2.7	ENE	2.41	4.0	E	26.4	29.6	29.6	29.0	755.6	0.00	0.0	0	0.00	0	0.0	0.00	0.0	0.000	0.084	32.2	55	22.0	36.2	9.75	 .0699	0.00	351	1	100.0	15
23/04/15	5:45 a	26.3	26.5	26.3	87	24.0	2.2	ENE	2.01	3.1	E	26.3	29.4	29.4	28.8	755.5	0.00	0.0	0	0.00	0	0.0	0.00	0.0	0.000	0.083	32.2	56	22.3	36.5	9.95	 .0699	0.00	351	1	100.0	15
23/04/15	6:00 a	26.3	26.3	26.3	87	24.0	1.8	ENE	1.61	2.7	ENE	26.3	29.4	29.4	28.8	755.8	0.00	0.0	0	0.00	0	0.0	0.00	0.0	0.000	0.083	32.1	56	22.2	36.4	9.95	 .0699	0.03	351	1	100.0	15
23/04/15	6:15 a	26.3	26.3	26.3	87	23.9	1.8	ENE	1.61	2.7	E	26.3	29.3	29.3	28.7	755.9	0.00	0.0	3	0.06	9	0.0	0.00	0.0	0.000	0.083	32.1	56	22.2	36.3	9.96	 .0700	0.00	352	1	100.0	15
23/04/15	6:30 a	26.4	26.4	26.3	87	24.0	1.8	ENE	1.61	3.1	ENE	26.4	29.5	29.5	29.1	756.1	0.00	0.0	18	0.39	26	0.0	0.00	0.0	0.000	0.084	32.1	56	22.2	36.3	9.96	 .0700	0.00	351	1	100.0	15
23/04/15	6:45 a	26.6	26.6	26.4	86	24.0	1.3	ENE	1.21	2.7	E	26.6	29.7	29.7	29.7	756.2	0.00	0.0	46	0.99	69	0.0	0.00	0.0	0.000	0.086	32.1	56	22.2	36.3	9.96	 .0700	0.00	351	1	100.0	15
23/04/15	7:00 a	26.8	26.8	26.6	84	23.9	2.2	E	2.01	3.6	E	26.8	30.0	30.0	30.7	756.5	0.00	0.0	101	2.17	130	0.4	0.04	0.6	0.000	0.089	32.1	56	22.2	36.4	9.95	 .0700	0.05	351	1	100.0	15
23/04/15	7:15 a	27.3	27.3	26.8	82	23.9	1.8	ENE	1.61	2.7	ENE	27.3	30.7	30.7	32.3	756.6	0.00	0.0	165	3.55	195	0.6	0.06	0.7	0.000	0.093	32.2	55	22.0	36.2	9.75	 .0700	0.00	352	1	100.0	15
23/04/15	7:30 a	27.7	27.7	27.3	80	23.9	1.3	ENE	1.21	2.7	E	27.7	31.3	31.3	33.7	756.9	0.00	0.0	228	4.90	265	0.8	0.09	0.9	0.000	0.097	32.2	55	22.0	36.3	9.75	 .0700	0.00	351	1	100.0	15
23/04/15	7:45 a	28.3	28.3	27.7	77	23.9	0.9	E	0.80	2.2	ENE	28.3	32.6	32.6	36.3	757.1	0.00	0.0	320	6.88	352	1.1	0.12	1.2	0.000	0.104	32.3	55	22.1	36.6	9.74	 .0700	0.00	351	1	100.0	15
23/04/15	8:00 a	28.9	28.9	28.3	74	23.8	0.9	SE	0.80	2.7	E	28.9	33.6	33.6	41.7	757.3	0.00	0.0	371	7.98	381	1.3	0.14	1.4	0.000	0.111	32.6	55	22.3	37.1	9.73	 .0699	0.20	351	1	100.0	15
23/04/15	8:15 a	29.8	29.8	28.9	71	24.0	0.4	SSE	0.40	1.8	SE	29.8	34.8	34.8	42.8	757.4	0.00	0.0	396	8.52	425	1.6	0.17	1.7	0.000	0.119	32.8	55	22.5	37.6	9.71	 .0699	0.00	351	1	100.0	15
23/04/15	8:30 a	29.9	30.1	29.8	68	23.4	0.9	SSE	0.80	2.2	E	29.9	34.6	34.6	42.9	757.5	0.00	0.0	453	9.74	482	1.8	0.19	2.0	0.000	0.121	32.9	54	22.4	37.7	9.60	 .0699	0.00	352	1	100.0	15
23/04/15	8:45 a	29.8	30.1	29.8	67	23.0	1.8	E	1.61	3.6	ENE	29.8	34.2	34.2	42.6	757.6	0.00	0.0	513	11.03	541	2.2	0.24	2.4	0.000	0.120	33.1	54	22.5	37.9	9.59	 .0698	0.00	351	1	100.0	15
23/04/15	9:00 a	30.3	30.3	29.8	63	22.5	1.3	E	1.21	4.5	E	30.3	34.4	34.4	42.7	757.7	0.00	0.0	572	12.30	601	2.6	0.28	2.8	0.000	0.125	33.2	53	22.3	37.9	9.38	 .0699	0.36	351	1	100.0	15
23/04/15	9:15 a	30.6	30.6	30.3	62	22.5	2.2	ENE	2.01	4.0	ESE	30.6	34.7	34.7	42.9	757.6	0.00	0.0	625	13.44	649	3.1	0.33	3.3	0.000	0.128	33.3	53	22.4	38.2	9.37	 .0698	0.00	351	1	100.0	15
23/04/15	9:30 a	31.1	31.1	30.6	60	22.4	1.3	E	1.21	4.5	E	31.1	34.9	34.9	42.8	757.7	0.00	0.0	670	14.41	691	3.5	0.38	3.7	0.000	0.133	33.4	53	22.5	38.4	9.37	 .0698	0.00	352	1	100.0	15
23/04/15	9:45 a	31.1	31.1	31.0	58	21.8	2.7	ENE	2.41	4.9	ENE	31.1	34.5	34.5	42.3	757.6	0.00	0.0	722	15.53	742	4.0	0.43	4.3	0.000	0.133	33.4	51	21.9	37.8	9.11	 .0698	0.00	351	1	100.0	15
23/04/15	10:00 a	31.2	31.2	31.0	59	22.2	3.1	ENE	2.82	5.4	E	31.2	34.9	34.9	42.2	757.6	0.00	0.0	761	16.36	775	4.5	0.48	4.7	0.000	0.134	33.5	51	22.0	38.0	9.10	 .0698	0.53	351	1	100.0	15
23/04/15	10:15 a	31.3	31.4	31.2	57	21.8	2.7	ENE	2.41	5.4	E	31.3	34.9	34.9	42.2	757.5	0.00	0.0	801	17.22	821	4.9	0.53	5.1	0.000	0.135	33.4	51	21.9	37.7	9.11	 .0698	0.00	351	1	100.0	15
23/04/15	10:30 a	31.6	31.6	31.2	56	21.7	3.1	ENE	2.82	5.4	E	31.6	35.2	35.2	42.0	757.5	0.00	0.0	836	17.98	851	5.3	0.57	5.5	0.000	0.138	33.4	50	21.5	37.4	8.97	 .0699	0.00	352	1	100.0	15
23/04/15	10:45 a	31.8	31.8	31.5	57	22.2	2.7	ENE	2.41	4.5	NNW	31.8	35.9	35.9	42.7	757.4	0.00	0.0	866	18.62	877	5.6	0.60	5.7	0.000	0.140	33.4	50	21.5	37.4	8.97	 .0699	0.00	351	1	100.0	15
23/04/15	11:00 a	32.2	32.3	31.8	56	22.3	2.2	E	2.01	4.5	ENE	32.2	36.6	36.6	43.2	757.2	0.00	0.0	893	19.20	902	5.8	0.62	5.8	0.000	0.145	33.6	50	21.7	37.7	8.95	 .0698	0.63	351	1	100.0	15
23/04/15	11:15 a	32.3	32.3	32.2	55	22.1	2.7	E	2.41	6.3	E	32.3	36.4	36.4	42.8	757.2	0.00	0.0	915	19.68	928	6.0	0.64	6.1	0.000	0.145	33.7	50	21.9	38.1	8.94	 .0697	0.00	351	1	100.0	15
23/04/15	11:30 a	32.7	32.7	32.2	55	22.4	2.7	NE	2.41	5.8	ENE	32.7	37.3	37.3	43.6	757.1	0.00	0.0	934	20.08	942	6.1	0.65	6.2	0.000	0.149	33.8	50	22.0	38.3	8.93	 .0697	0.00	351	1	100.0	15
23/04/15	11:45 a	32.8	32.8	32.5	54	22.3	2.2	ENE	2.01	4.9	ENE	32.8	37.4	37.4	43.4	756.9	0.00	0.0	946	20.34	949	6.3	0.68	6.3	0.000	0.151	33.9	50	22.1	38.6	8.93	 .0696	0.00	352	1	100.0	15
23/04/15	12:00 p	33.1	33.1	32.8	51	21.6	3.1	ENE	2.82	6.3	ENE	33.1	37.1	37.1	42.7	756.8	0.00	0.0	959	20.62	969	6.4	0.69	6.4	0.000	0.153	34.1	49	21.8	38.6	8.78	 .0696	0.71	351	1	100.0	15
23/04/15	12:15 p	33.3	33.4	33.0	51	21.8	3.1	ENE	2.82	5.4	ENE	33.3	37.6	37.6	43.1	756.5	0.00	0.0	982	21.12	998	6.6	0.71	6.6	0.000	0.156	34.2	49	22.0	38.9	8.78	 .0695	0.00	351	1	100.0	15
23/04/15	12:30 p	33.6	33.6	33.3	50	21.7	3.6	N	3.22	6.3	ENE	33.6	37.7	37.7	43.6	756.4	0.00	0.0	968	20.81	983	6.7	0.72	6.7	0.000	0.159	34.3	48	21.7	38.8	8.57	 .0695	0.00	351	1	100.0	15
23/04/15	12:45 p	33.9	33.9	33.5	48	21.3	3.1	N	2.82	6.3	E	33.9	37.9	37.9	44.2	756.1	0.00	0.0	958	20.60	988	6.7	0.72	6.7	0.000	0.162	34.4	48	21.8	39.1	8.57	 .0695	0.00	352	1	100.0	15
23/04/15	1:00 p	34.2	34.2	33.8	47	21.2	2.7	ENE	2.41	5.4	ENE	34.2	38.2	38.2	44.7	756.0	0.00	0.0	959	20.62	970	6.7	0.72	6.8	0.000	0.165	34.6	47	21.7	39.2	8.45	 .0694	0.76	351	1	100.0	15
23/04/15	1:15 p	34.2	34.7	34.2	47	21.3	3.1	ENE	2.82	5.8	ENE	34.2	38.3	38.3	44.4	755.8	0.00	0.0	970	20.86	1004	6.7	0.72	6.7	0.000	0.166	34.8	47	21.8	39.5	8.45	 .0694	0.00	351	1	100.0	15
23/04/15	1:30 p	34.3	34.3	33.9	48	21.7	3.6	ENE	3.22	5.8	ENE	34.3	38.7	38.7	44.9	755.5	0.00	0.0	951	20.45	981	6.6	0.71	6.8	0.000	0.166	34.9	47	21.9	39.8	8.45	 .0693	0.00	351	1	100.0	15
23/04/15	1:45 p	34.5	34.6	34.3	46	21.2	3.1	NE	2.82	5.4	E	34.5	38.6	38.6	45.1	755.3	0.00	0.0	941	20.23	960	6.7	0.72	6.7	0.000	0.168	35.1	46	21.8	39.9	8.25	 .0692	0.00	351	1	100.0	15
23/04/15	2:00 p	34.7	34.7	34.4	47	21.8	2.7	ENE	2.41	5.4	E	34.7	39.4	39.4	46.4	755.1	0.00	0.0	824	17.72	976	6.1	0.65	6.7	0.000	0.171	35.3	46	21.9	40.3	8.24	 .0692	0.74	352	1	100.0	15
23/04/15	2:15 p	35.2	35.4	34.8	47	22.2	2.2	E	2.01	4.9	E	35.2	40.4	40.4	47.1	754.9	0.00	0.0	904	19.44	932	6.3	0.68	6.5	0.000	0.175	35.4	46	22.0	40.6	8.24	 .0691	0.00	351	1	100.0	15
23/04/15	2:30 p	34.9	35.2	34.9	47	21.9	2.2	NE	2.01	3.6	NNE	34.9	39.8	39.8	46.2	754.7	0.00	0.0	657	14.13	937	5.4	0.58	6.3	0.000	0.172	35.5	46	22.1	40.8	8.23	 .0691	0.00	351	1	100.0	15
23/04/15	2:45 p	35.0	35.0	34.8	47	22.0	2.2	NE	2.01	5.4	ENE	35.0	40.0	40.0	46.2	754.6	0.00	0.0	611	13.14	846	5.0	0.54	5.8	0.000	0.174	35.6	45	21.8	40.6	8.13	 .0691	0.00	351	1	100.0	15
23/04/15	3:00 p	35.3	35.5	35.0	46	22.0	2.7	NW	2.41	4.5	ENE	35.3	40.4	40.4	47.2	754.5	0.00	0.0	768	16.51	795	5.5	0.59	5.6	0.000	0.177	35.8	45	22.0	41.1	8.12	 .0690	0.58	352	1	100.0	15
23/04/15	3:15 p	35.4	35.6	35.3	43	21.0	1.8	WNW	1.61	4.5	ENE	35.4	39.7	39.7	46.3	754.3	0.00	0.0	734	15.78	759	5.2	0.56	5.3	0.000	0.178	35.9	44	21.7	41.0	7.92	 .0690	0.00	351	1	100.0	15
23/04/15	3:30 p	36.1	36.1	35.4	43	21.6	1.3	NW	1.21	3.6	WSW	36.1	41.1	41.1	47.7	754.1	0.00	0.0	696	14.97	733	4.6	0.49	5.0	0.000	0.185	35.9	44	21.8	41.1	7.92	 .0689	0.00	351	1	100.0	15
23/04/15	3:45 p	35.3	36.1	35.3	44	21.2	2.7	NW	2.41	4.9	WNW	35.3	39.8	39.8	45.6	754.0	0.00	0.0	530	11.40	647	3.8	0.41	4.1	0.000	0.177	36.1	44	21.9	41.3	7.91	 .0689	0.00	351	1	100.0	15
23/04/15	4:00 p	35.5	35.7	35.3	45	21.7	2.2	NE	2.01	4.5	NNE	35.5	40.5	40.5	46.6	753.9	0.00	0.0	555	11.93	592	3.7	0.40	4.0	0.000	0.179	36.2	44	22.0	41.6	7.91	 .0689	0.51	352	1	100.0	15
23/04/15	4:15 p	35.3	35.5	35.3	46	22.0	3.1	WNW	2.82	4.9	WNW	35.3	40.4	40.4	45.6	753.9	0.00	0.0	434	9.33	520	3.0	0.32	3.4	0.000	0.177	36.2	44	22.0	41.7	7.91	 .0688	0.00	351	1	100.0	15
23/04/15	4:30 p	35.4	35.5	35.3	45	21.7	2.7	NNW	2.41	4.9	NNE	35.4	40.4	40.4	45.8	753.7	0.00	0.0	432	9.29	455	2.7	0.29	2.9	0.000	0.178	36.3	44	22.1	41.8	7.90	 .0688	0.00	351	1	100.0	15
23/04/15	4:45 p	35.6	35.6	35.3	44	21.4	3.1	NE	2.82	5.8	NNE	35.6	40.3	40.3	45.3	753.8	0.00	0.0	382	8.21	406	2.3	0.25	2.5	0.000	0.179	36.3	44	22.1	41.9	7.90	 .0688	0.00	351	1	100.0	15
23/04/15	5:00 p	35.6	35.7	35.6	45	21.8	3.1	NNE	2.82	5.4	N	35.6	40.6	40.6	45.1	753.8	0.00	0.0	314	6.75	348	1.8	0.19	2.0	0.000	0.179	36.4	43	21.8	41.7	7.75	 .0688	0.38	352	1	100.0	15
23/04/15	5:15 p	35.3	35.7	35.3	45	21.6	3.1	NNW	2.82	4.9	NE	35.3	40.1	40.1	42.7	753.7	0.00	0.0	170	3.66	301	1.3	0.14	1.5	0.000	0.177	36.5	43	21.9	41.9	7.75	 .0688	0.00	351	1	100.0	15
23/04/15	5:30 p	35.2	35.4	35.2	46	21.8	3.6	NNE	3.22	5.8	NNE	35.2	40.1	40.1	43.5	753.6	0.00	0.0	214	4.60	253	1.0	0.11	1.2	0.000	0.175	36.5	43	21.9	41.9	7.75	 .0688	0.00	351	1	100.0	15
23/04/15	5:45 p	35.1	35.2	35.1	50	23.1	3.6	N	3.22	6.3	WNW	35.1	41.1	41.1	43.5	753.9	0.00	0.0	141	3.03	174	0.7	0.07	0.9	0.000	0.174	36.6	43	22.0	42.1	7.75	 .0688	0.00	351	1	100.0	15
23/04/15	6:00 p	33.4	35.1	33.4	64	25.6	4.5	NW	4.02	8.0	NW	33.4	42.3	42.3	43.6	754.1	0.00	0.0	73	1.57	102	0.4	0.04	0.6	0.000	0.157	36.6	46	23.1	43.2	8.19	 .0687	0.23	351	1	100.0	15
23/04/15	6:15 p	32.8	33.4	32.8	67	25.8	4.5	NW	4.02	8.0	NW	32.8	41.7	41.7	41.8	754.4	0.00	0.0	22	0.47	44	0.0	0.00	0.0	0.000	0.150	36.5	47	23.4	43.5	8.34	 .0687	0.00	352	1	100.0	15
23/04/15	6:30 p	32.4	32.8	32.4	67	25.5	3.6	NW	3.22	7.2	WNW	32.4	40.7	40.7	40.3	754.5	0.00	0.0	3	0.06	7	0.0	0.00	0.0	0.000	0.147	36.4	47	23.3	43.4	8.35	 .0687	0.00	351	1	100.0	15
23/04/15	6:45 p	32.1	32.4	32.1	68	25.4	4.5	NW	4.02	8.5	NW	32.0	39.8	39.7	39.2	754.6	0.00	0.0	0	0.00	0	0.0	0.00	0.0	0.000	0.143	36.3	47	23.2	43.1	8.35	 .0687	0.00	351	1	100.0	15
23/04/15	7:00 p	31.8	32.1	31.8	69	25.4	3.6	NW	3.22	6.7	WNW	31.8	39.1	39.1	38.6	755.0	0.00	0.0	0	0.00	0	0.0	0.00	0.0	0.000	0.140	36.2	48	23.4	43.1	8.51	 .0688	0.10	351	1	100.0	15
23/04/15	7:15 p	31.6	31.8	31.6	70	25.4	3.1	N	2.82	6.3	NW	31.6	38.7	38.7	38.1	755.2	0.00	0.0	0	0.00	0	0.0	0.00	0.0	0.000	0.138	36.1	48	23.3	42.8	8.51	 .0688	0.00	352	1	100.0	15
23/04/15	7:30 p	31.3	31.6	31.3	70	25.1	3.1	NNW	2.82	4.9	NW	31.3	37.8	37.8	37.2	755.4	0.00	0.0	0	0.00	0	0.0	0.00	0.0	0.000	0.135	36.0	48	23.3	42.7	8.51	 .0689	0.00	351	1	100.0	15
23/04/15	7:45 p	31.0	31.3	31.0	70	24.9	3.1	N	2.82	6.7	NNW	31.0	37.1	37.1	36.4	755.8	0.00	0.0	0	0.00	0	0.0	0.00	0.0	0.000	0.132	35.9	48	23.2	42.4	8.52	 .0690	0.00	351	1	100.0	15
23/04/15	8:00 p	30.8	31.0	30.8	71	24.9	3.6	NNW	3.22	6.3	NW	30.7	36.9	36.9	36.3	755.9	0.00	0.0	0	0.00	0	0.0	0.00	0.0	0.000	0.130	35.8	48	23.1	42.2	8.52	 .0690	0.08	351	1	100.0	15
23/04/15	8:15 p	30.6	30.8	30.6	71	24.7	3.6	NNW	3.22	7.2	NNW	30.5	36.6	36.6	36.0	756.1	0.00	0.0	0	0.00	0	0.0	0.00	0.0	0.000	0.127	35.7	49	23.3	42.2	8.70	 .0690	0.00	351	1	100.0	15
23/04/15	8:30 p	30.4	30.6	30.3	72	24.8	3.6	NNW	3.22	6.3	NW	30.3	36.4	36.4	35.8	756.2	0.00	0.0	0	0.00	0	0.0	0.00	0.0	0.000	0.126	35.6	49	23.2	41.9	8.71	 .0691	0.00	352	1	100.0	15
23/04/15	8:45 p	30.2	30.3	30.2	72	24.6	3.6	NNE	3.22	6.7	NNW	30.1	36.1	35.9	35.4	756.5	0.00	0.0	0	0.00	0	0.0	0.00	0.0	0.000	0.124	35.4	49	23.0	41.6	8.72	 .0691	0.00	351	1	100.0	15
23/04/15	9:00 p	30.1	30.2	30.1	72	24.5	4.0	N	3.62	6.3	N	29.8	35.7	35.4	34.8	756.8	0.00	0.0	0	0.00	0	0.0	0.00	0.0	0.000	0.122	35.3	49	22.9	41.3	8.73	 .0692	0.08	351	1	100.0	15
23/04/15	9:15 p	29.9	30.1	29.9	73	24.6	4.5	NNE	4.02	6.7	NNE	29.5	35.6	35.2	34.6	757.0	0.00	0.0	0	0.00	0	0.0	0.00	0.0	0.000	0.121	35.1	49	22.8	40.9	8.74	 .0693	0.00	351	1	100.0	15
23/04/15	9:30 p	29.9	29.9	29.9	72	24.3	4.0	NNE	3.62	6.3	N	29.7	35.4	35.1	34.6	757.3	0.00	0.0	0	0.00	0	0.0	0.00	0.0	0.000	0.121	35.0	49	22.7	40.6	8.75	 .0693	0.00	352	1	100.0	15
23/04/15	9:45 p	29.9	29.9	29.9	71	24.1	4.0	NNE	3.62	5.8	N	29.6	35.1	34.8	34.3	757.4	0.00	0.0	0	0.00	0	0.0	0.00	0.0	0.000	0.120	34.9	49	22.6	40.5	8.75	 .0694	0.00	351	1	100.0	15
23/04/15	10:00 p	29.8	29.9	29.8	71	24.0	4.5	N	4.02	6.7	NNE	29.3	34.8	34.4	33.8	757.6	0.00	0.0	0	0.00	0	0.0	0.00	0.0	0.000	0.119	34.8	49	22.5	40.3	8.76	 .0694	0.08	351	1	100.0	15
23/04/15	10:15 p	29.7	29.8	29.7	71	23.8	4.0	N	3.62	6.3	NNE	29.3	34.6	34.2	33.6	757.7	0.00	0.0	0	0.00	0	0.0	0.00	0.0	0.000	0.118	34.8	49	22.5	40.1	8.76	 .0695	0.00	351	1	100.0	15
23/04/15	10:30 p	29.6	29.7	29.6	72	24.0	4.0	N	3.62	6.3	N	29.2	34.5	34.2	33.6	757.6	0.00	0.0	0	0.00	0	0.0	0.00	0.0	0.000	0.117	34.7	49	22.4	40.0	8.76	 .0695	0.00	351	1	100.0	15
23/04/15	10:45 p	29.5	29.6	29.5	72	23.9	3.6	NE	3.22	6.3	NE	29.4	34.3	34.2	33.7	757.6	0.00	0.0	0	0.00	0	0.0	0.00	0.0	0.000	0.116	34.6	49	22.3	39.8	8.76	 .0695	0.00	352	1	100.0	15
23/04/15	11:00 p	29.5	29.5	29.5	72	23.9	4.0	ENE	3.62	6.3	NE	29.2	34.3	34.0	33.4	757.7	0.00	0.0	0	0.00	0	0.0	0.00	0.0	0.000	0.116	34.6	49	22.3	39.6	8.77	 .0695	0.08	351	1	100.0	15
23/04/15	11:15 p	29.5	29.6	29.5	71	23.7	4.0	ENE	3.62	6.3	ENE	29.2	34.2	33.8	33.2	757.5	0.00	0.0	0	0.00	0	0.0	0.00	0.0	0.000	0.116	34.5	49	22.2	39.5	8.77	 .0695	0.00	351	1	100.0	15
23/04/15	11:30 p	29.4	29.6	29.4	70	23.4	4.5	ENE	4.02	7.2	ENE	28.9	33.8	33.3	32.7	757.5	0.00	0.0	0	0.00	0	0.0	0.00	0.0	0.000	0.116	34.5	49	22.2	39.5	8.77	 .0695	0.00	351	1	100.0	15
23/04/15	11:45 p	29.4	29.4	29.4	70	23.4	3.6	ENE	3.22	6.3	ENE	29.3	33.8	33.7	33.1	757.6	0.00	0.0	0	0.00	0	0.0	0.00	0.0	0.000	0.116	34.4	49	22.2	39.4	8.77	 .0696	0.00	352	1	100.0	15
24/04/15	12:00 a	29.5	29.6	29.4	70	23.5	3.1	ENE	2.82	5.8	E	29.5	33.9	33.9	33.3	757.6	0.00	0.0	0	0.00	0	0.0	0.00	0.0	0.000	0.116	34.4	49	22.2	39.4	8.77	 .0696	0.08	351	1	100.0	15
